cc61ad56a4797fb3f5c9529f73ce6fcedd85669b
11
274 16 205 4449250
14 156 17797
14 108 17797
14 159 53391
14 232 35594
104 156 17797
72 156 35594
132 156 35594
156 170 35594
156 266 35594
156 198 17797
156 212 53391
112 156 17797
104 235 17797
104 120 17797
104 176 53391
55 72 35594
72 191 17797
72 223 53391
55 124 17797
55 226 53391
55 137 35594
55 175 53391
84 132 17797
12 132 53391
23 132 53391
132 139 53391
99 108 53391
108 192 53391
108 206 35594
108 189 35594
108 250 35594
108 168 35594
71 108 35594
103 108 53391
99 234 35594
45 99 53391
54 99 35594
85 99 53391
97 99 17797
191 254 53391
34 191 53391
191 272 17797
136 254 35594
21 192 17797
91 192 35594
21 163 35594
21 44 17797
21 208 53391
21 197 53391
188 234 17797
234 253 17797
28 206 35594
105 206 17797
206 227 17797
80 206 17797
145 206 17797
8 170 35594
3 170 35594
10 124 35594
124 195 53391
95 266 53391
64 266 17797
266 271 17797
163 259 53391
74 163 35594
45 177 53391
45 228 53391
45 184 53391
45 270 35594
226 237 53391
209 226 17797
46 159 35594
100 159 17797
7 159 53391
142 159 53391
235 265 53391
162 235 35594
20 46 53391
46 199 53391
46 114 35594
20 79 53391
54 167 35594
54 138 17797
189 204 53391
189 255 35594
118 189 35594
189 219 53391
65 259 35594
68 259 35594
221 259 53391
102 198 53391
35 198 35594
177 224 17797
116 177 35594
121 177 53391
85 171 35594
1 224 35594
129 224 17797
16 224 35594
141 224 17797
22 224 53391
224 256 17797
122 224 17797
155 224 17797
1 110 53391
1 247 53391
84 242 35594
5 84 35594
110 140 53391
137 153 53391
137 169 35594
87 137 35594
101 250 53391
81 250 35594
92 265 17797
149 265 53391
40 188 53391
28 90 53391
194 237 53391
48 237 17797
179 237 53391
52 237 53391
225 237 35594
95 233 17797
95 202 17797
95 231 53391
60 95 53391
161 175 17797
51 175 53391
44 113 17797
6 44 17797
140 264 53391
34 252 17797
34 172 35594
34 251 17797
34 53 17797
34 203 53391
40 107 53391
17 264 53391
39 264 17797
229 264 35594
264 267 35594
154 161 35594
161 269 17797
123 161 53391
92 160 17797
92 183 35594
174 194 35594
36 65 53391
83 168 35594
168 173 53391
86 168 35594
66 68 17797
50 242 53391
242 258 35594
12 260 53391
12 185 17797
27 83 53391
246 247 17797
134 247 53391
125 223 35594
166 223 53391
128 223 35594
131 199 35594
120 216 17797
66 150 35594
25 221 17797
18 233 17797
178 233 35594
25 165 53391
25 96 17797
215 255 17797
62 79 53391
79 240 35594
82 209 35594
164 173 17797
18 43 53391
11 18 17797
18 263 35594
157 172 17797
63 154 35594
47 122 35594
70 122 35594
89 122 17797
29 74 53391
205 251 35594
143 251 35594
251 257 53391
0 202 17797
24 150 35594
127 153 35594
144 153 53391
98 105 17797
71 106 35594
225 241 53391
39 94 53391
62 220 53391
59 241 17797
113 158 17797
47 126 53391
144 200 17797
10 218 17797
9 10 53391
42 101 35594
155 193 53391
33 36 17797
146 167 35594
167 244 17797
15 167 35594
167 180 53391
4 59 17797
58 94 53391
56 126 35594
63 217 35594
49 63 53391
260 262 53391
53 238 17797
53 245 17797
117 262 17797
76 262 53391
210 218 35594
196 220 17797
7 26 35594
60 109 17797
151 229 53391
6 31 53391
2 240 17797
152 240 53391
57 217 35594
69 107 17797
93 246 17797
183 201 17797
38 43 35594
43 222 17797
93 239 35594
93 186 35594
11 148 53391
118 181 17797
77 87 53391
57 133 35594
38 182 53391
33 214 35594
111 238 53391
238 268 17797
15 135 17797
30 35 35594
61 205 17797
37 200 35594
200 248 53391
41 82 53391
98 211 53391
88 112 35594
112 213 53391
0 119 53391
19 158 17797
37 249 35594
239 261 35594
131 207 17797
131 187 17797
13 131 17797
207 230 35594
73 207 35594
115 187 17797
136 236 35594
32 143 35594
78 253 17797
147 216 35594
67 214 17797
130 193 35594
41 190 17797
70 243 53391
13 273 17797
73 75 17797
274 70 164 16695066
38 81 5809
81 232 5809
81 217 17427
81 88 11618
38 116 5809
38 158 11618
38 41 11618
38 92 11618
38 107 11618
38 224 5809
11 38 17427
31 38 5809
116 226 5809
32 116 5809
24 116 17427
14 158 11618
112 158 5809
158 178 17427
14 78 5809
14 142 17427
14 166 11618
14 141 17427
41 48 5809
12 41 17427
41 97 17427
41 206 17427
184 232 17427
149 232 17427
102 232 11618
232 259 11618
39 232 11618
168 232 11618
76 232 11618
61 232 17427
10 184 11618
36 184 17427
184 215 11618
184 242 17427
184 204 5809
112 190 17427
91 112 17427
1 112 5809
190 195 11618
149 181 5809
149 264 11618
93 181 11618
148 181 5809
73 181 17427
181 183 17427
10 15 5809
10 220 5809
102 263 11618
102 172 5809
102 193 5809
102 105 5809
28 102 5809
92 179 11618
92 249 11618
60 78 11618
66 78 17427
107 154 17427
71 107 5809
67 107 5809
93 124 17427
47 93 11618
36 173 17427
36 44 17427
36 177 17427
36 153 11618
84 142 17427
128 142 5809
170 217 11618
217 254 5809
196 217 17427
194 217 17427
100 226 17427
30 226 11618
170 227 17427
170 266 17427
170 201 11618
113 227 17427
165 215 11618
188 215 5809
259 265 17427
59 259 11618
213 259 11618
104 259 17427
6 124 11618
124 270 11618
110 124 17427
109 224 17427
3 224 11618
82 173 5809
169 173 11618
58 173 17427
95 242 11618
82 257 11618
82 268 5809
70 82 11618
82 174 5809
82 180 17427
82 199 5809
37 82 5809
82 137 5809
108 257 17427
72 257 17427
48 132 11618
48 55 11618
108 146 17427
166 176 17427
111 166 11618
166 267 11618
39 216 17427
17 39 11618
100 185 5809
4 100 17427
15 147 17427
130 263 17427
84 261 17427
84 198 5809
84 269 17427
84 152 17427
84 125 11618
90 154 5809
154 248 5809
154 221 17427
52 154 17427
141 252 5809
122 141 17427
148 211 5809
148 156 5809
146 151 17427
54 91 5809
22 91 11618
91 167 5809
68 91 5809
91 255 17427
147 262 17427
151 230 17427
123 151 5809
9 151 11618
79 151 11618
40 252 11618
209 252 5809
252 256 17427
185 192 5809
85 185 11618
33 261 11618
6 144 17427
168 200 11618
150 168 17427
89 168 11618
49 270 5809
129 132 17427
132 182 11618
12 207 17427
12 16 5809
200 218 17427
72 235 5809
72 186 17427
86 178 11618
56 178 17427
178 228 11618
140 266 11618
32 64 5809
23 49 11618
110 115 5809
46 90 5809
90 247 11618
53 115 17427
115 251 5809
59 120 5809
29 113 17427
27 113 11618
128 253 11618
69 150 5809
2 46 17427
46 212 5809
20 46 11618
22 62 5809
40 203 11618
37 80 11618
37 244 11618
37 237 5809
47 106 17427
164 167 11618
134 167 11618
96 167 17427
8 248 5809
23 271 11618
136 176 11618
21 176 17427
172 231 5809
76 243 11618
125 260 17427
123 138 17427
29 45 17427
239 260 5809
83 211 5809
80 202 17427
21 25 5809
60 245 5809
60 121 17427
19 216 11618
131 137 17427
143 144 5809
35 165 11618
98 165 5809
99 165 11618
57 165 17427
135 239 5809
138 223 17427
63 202 11618
7 203 11618
65 203 17427
207 234 17427
68 225 5809
43 68 5809
234 273 5809
133 234 17427
191 245 11618
45 236 5809
161 196 11618
52 222 5809
9 272 17427
18 156 17427
27 77 5809
27 50 17427
7 163 11618
238 262 5809
159 235 5809
85 208 5809
2 126 11618
2 175 5809
159 210 11618
5 159 11618
189 212 17427
51 213 5809
26 267 17427
74 163 11618
114 126 17427
94 143 11618
160 225 17427
87 225 5809
0 99 5809
3 101 11618
164 197 5809
25 127 11618
25 117 17427
171 253 17427
42 231 17427
31 214 11618
31 240 17427
8 258 17427
83 155 5809
13 127 11618
103 210 11618
140 162 5809
119 140 5809
140 187 5809
139 162 11618
162 246 11618
34 119 5809
195 205 11618
134 145 11618
219 220 5809
64 233 11618
94 157 5809
131 250 11618
75 171 5809
241 244 17427
187 229 5809
118 246 5809
274 107 242 1071702112
46 213 204056
213 217 204056
206 213 612168
9 213 408112
10 46 204056
46 57 408112
46 149 408112
46 105 408112
46 121 408112
46 151 204056
46 122 612168
46 92 204056
10 133 204056
10 73 204056
10 178 612168
57 163 408112
57 68 204056
57 167 612168
28 163 204056
163 165 612168
125 163 408112
163 231 612168
143 149 204056
87 149 612168
53 149 612168
100 149 612168
81 217 612168
217 236 612168
217 227 408112
159 217 408112
51 217 408112
146 217 408112
217 226 408112
130 217 612168
81 162 408112
81 88 612168
16 81 408112
4 81 612168
81 93 204056
68 78 612168
68 172 612168
43 68 204056
44 78 408112
150 236 204056
21 236 408112
135 150 408112
150 166 204056
150 185 612168
109 150 612168
80 162 204056
162 256 204056
227 235 408112
69 227 204056
209 227 204056
171 227 204056
90 227 204056
22 105 408112
105 179 408112
28 254 408112
28 66 612168
12 121 612168
121 160 204056
121 240 204056
108 135 612168
32 135 408112
79 88 612168
7 88 612168
62 88 612168
88 273 408112
138 165 612168
24 165 204056
206 271 408112
206 263 204056
147 206 612168
86 206 612168
133 170 612168
133 257 408112
189 271 612168
188 271 612168
39 271 408112
181 189 612168
16 131 408112
16 199 204056
152 159 612168
84 159 408112
63 159 408112
159 221 612168
6 108 408112
108 253 408112
49 108 612168
151 270 612168
101 151 408112
79 144 204056
79 258 408112
79 237 612168
4 94 408112
115 144 408112
144 183 204056
144 242 408112
144 225 204056
132 144 612168
144 190 204056
117 144 204056
144 264 204056
113 115 612168
115 164 612168
143 212 408112
143 262 408112
8 113 612168
111 125 612168
125 250 408112
125 234 408112
51 267 612168
51 116 408112
170 265 204056
2 170 612168
80 247 612168
26 235 612168
5 138 612168
138 268 204056
77 138 612168
138 249 612168
138 195 408112
12 223 204056
12 50 204056
12 99 612168
12 18 612168
140 231 204056
186 231 612168
166 243 204056
120 166 204056
8 34 612168
82 172 204056
172 219 408112
172 197 204056
172 261 204056
172 245 612168
55 247 612168
34 65 612168
34 251 204056
34 214 408112
25 34 408112
106 140 408112
140 184 204056
140 208 612168
246 265 204056
232 265 408112
5 210 408112
6 19 612168
146 177 408112
98 146 612168
146 222 408112
207 253 204056
187 212 612168
41 212 408112
87 241 612168
72 87 204056
56 177 612168
164 204 204056
164 205 612168
30 167 408112
36 167 612168
52 167 408112
175 188 408112
73 126 204056
207 248 408112
49 211 204056
60 223 204056
136 223 408112
211 233 612168
211 269 204056
13 84 204056
155 181 612168
20 181 408112
24 61 408112
98 203 204056
35 60 612168
60 128 204056
40 60 408112
139 219 204056
102 106 408112
64 117 408112
117 230 408112
117 193 204056
32 33 612168
107 197 408112
85 197 408112
96 197 612168
50 97 204056
89 248 408112
111 141 408112
0 111 612168
69 70 204056
154 226 408112
14 195 612168
169 251 612168
103 155 612168
14 259 204056
176 243 204056
64 168 612168
0 91 204056
38 254 204056
118 254 612168
129 267 408112
191 264 612168
19 196 204056
131 252 408112
131 156 204056
23 131 408112
58 131 612168
198 259 204056
75 169 612168
54 168 408112
71 102 408112
102 215 612168
37 241 612168
228 261 204056
123 261 204056
37 119 204056
37 83 612168
38 137 408112
103 110 204056
67 147 408112
11 18 204056
112 214 612168
120 142 612168
20 266 204056
20 220 612168
71 202 408112
55 216 204056
76 204 204056
232 244 204056
35 47 408112
35 272 204056
76 145 408112
76 180 408112
128 174 612168
63 158 204056
218 234 612168
182 202 408112
47 148 612168
173 196 408112
15 228 612168
31 228 204056
23 48 204056
101 238 408112
107 114 204056
91 134 408112
91 260 612168
1 61 612168
59 70 612168
92 201 408112
92 239 612168
97 224 612168
104 176 204056
3 134 408112
74 145 408112
27 175 204056
127 175 204056
124 175 204056
27 192 408112
27 200 408112
95 127 204056
44 161 408112
85 153 408112
229 256 204056
17 126 408112
173 194 204056
45 191 408112
1 157 204056
29 230 612168
124 255 204056
42 200 204056
275 17 54 109152319
63 77 569986
77 166 284993
77 122 854979
77 196 569986
77 266 569986
63 107 854979
63 193 284993
24 63 284993
25 166 284993
10 166 854979
83 166 569986
43 166 284993
25 73 569986
25 207 284993
25 254 569986
25 268 569986
25 152 284993
10 271 854979
10 70 569986
10 142 284993
10 20 569986
10 68 569986
10 202 284993
83 241 569986
44 83 569986
83 177 569986
83 180 569986
201 271 854979
176 271 569986
7 271 854979
29 70 569986
70 227 569986
70 230 284993
70 262 854979
70 191 569986
73 155 569986
73 126 284993
30 73 854979
109 201 854979
1 155 569986
43 171 569986
43 150 854979
43 110 569986
44 265 569986
44 100 854979
44 59 854979
44 48 284993
107 203 854979
107 234 569986
107 214 284993
107 222 569986
107 231 284993
72 193 569986
172 193 284993
149 193 284993
144 193 569986
29 93 569986
29 170 284993
27 29 284993
171 224 854979
33 171 854979
171 250 854979
93 168 284993
80 93 854979
93 269 569986
93 211 569986
130 265 569986
258 265 854979
148 265 854979
190 207 284993
200 207 854979
11 207 284993
150 156 284993
150 235 854979
90 150 284993
150 195 284993
227 236 569986
79 190 854979
179 230 854979
158 230 569986
97 230 854979
1 101 569986
1 164 284993
5 262 284993
181 262 854979
247 262 569986
67 191 854979
169 191 854979
71 142 854979
78 142 854979
22 142 569986
100 252 284993
16 100 569986
100 133 569986
100 226 854979
5 237 569986
24 204 569986
24 103 569986
24 108 284993
55 156 284993
156 219 854979
156 267 284993
89 156 284993
135 156 854979
59 173 854979
59 66 284993
59 257 284993
55 162 284993
55 151 569986
122 161 854979
64 122 284993
122 270 854979
87 200 854979
126 216 284993
126 188 854979
105 126 284993
37 110 569986
28 110 569986
134 219 569986
15 219 854979
37 159 284993
37 165 284993
37 137 854979
173 263 569986
36 173 569986
71 95 284993
14 71 284993
8 71 284993
28 240 569986
28 260 569986
65 95 854979
95 112 854979
131 181 284993
153 181 569986
66 163 284993
66 213 854979
66 273 284993
91 176 569986
76 176 284993
176 220 569986
259 267 284993
221 267 284993
12 267 854979
31 109 854979
38 254 569986
253 254 569986
240 246 284993
23 240 569986
240 248 284993
72 104 569986
72 189 854979
82 87 284993
91 218 854979
91 115 854979
130 197 569986
203 274 854979
118 203 854979
75 203 569986
58 177 569986
177 184 854979
50 76 569986
20 119 569986
7 84 284993
7 199 854979
7 229 854979
7 255 854979
7 125 569986
58 69 284993
58 81 569986
46 131 854979
124 131 854979
102 131 854979
34 131 854979
174 263 569986
167 263 569986
210 216 569986
46 198 284993
2 218 284993
96 218 854979
209 218 569986
50 238 284993
35 174 569986
174 217 854979
84 239 284993
84 120 284993
84 145 569986
84 194 569986
104 106 854979
134 212 854979
4 134 284993
140 165 569986
136 158 569986
117 124 854979
128 162 284993
57 212 284993
65 225 854979
140 228 854979
92 140 284993
239 242 569986
101 192 569986
19 101 284993
86 258 284993
178 258 854979
114 238 284993
235 272 854979
139 235 284993
32 78 284993
3 78 569986
224 245 569986
0 224 284993
127 224 284993
97 208 284993
16 26 569986
9 80 854979
223 245 569986
119 147 284993
187 188 854979
157 188 854979
21 114 284993
88 148 569986
98 246 284993
42 246 569986
233 274 569986
47 274 854979
243 274 854979
206 228 284993
145 264 569986
117 138 569986
23 244 284993
35 62 854979
143 187 284993
56 89 569986
45 89 569986
47 215 854979
47 129 284993
47 74 854979
154 215 284993
127 185 569986
18 272 284993
42 99 854979
48 94 569986
133 249 284993
17 133 854979
183 268 284993
160 210 854979
54 257 569986
123 257 284993
138 251 569986
116 138 854979
132 152 284993
30 53 569986
232 264 569986
102 175 569986
180 182 284993
128 186 284993
41 221 854979
18 39 284993
40 196 569986
106 205 569986
85 112 569986
146 170 569986
121 170 854979
6 195 569986
49 62 854979
62 256 284993
6 52 284993
113 146 284993
13 248 284993
60 121 284993
61 255 284993
51 197 284993
4 261 854979
4 111 854979
61 141 854979
243 163 186 13271125
32 81 18305
32 235 18305
32 161 54915
32 39 54915
32 167 18305
32 58 18305
10 32 36610
23 32 36610
32 162 18305
81 195 36610
81 138 54915
21 81 36610
81 237 54915
106 235 36610
220 235 36610
225 235 54915
49 235 36610
165 235 18305
68 235 18305
5 235 18305
83 235 18305
89 195 54915
22 195 36610
195 233 36610
106 151 36610
106 114 54915
106 230 36610
106 203 18305
96 106 36610
11 161 36610
116 161 18305
155 161 18305
87 89 36610
89 160 54915
89 144 18305
85 89 18305
39 189 54915
39 150 36610
39 197 54915
11 15 36610
11 204 54915
11 186 54915
11 198 18305
11 208 54915
11 192 18305
138 152 54915
138 190 36610
138 205 54915
18 138 36610
87 95 36610
87 142 36610
44 87 36610
87 241 18305
116 179 36610
55 116 18305
116 123 36610
101 152 18305
152 171 36610
7 225 36610
71 225 18305
210 225 36610
160 216 36610
115 190 54915
190 222 54915
38 190 54915
0 190 36610
40 190 18305
49 92 54915
95 148 54915
95 242 18305
95 223 18305
95 134 54915
95 139 36610
91 115 18305
118 151 18305
25 151 36610
135 151 36610
93 167 54915
15 17 54915
53 222 36610
70 222 18305
100 204 54915
60 142 54915
53 84 36610
51 53 18305
53 207 54915
27 53 18305
19 148 54915
148 168 36610
149 155 18305
121 155 36610
147 155 18305
130 155 36610
150 163 18305
131 150 18305
44 191 36610
44 196 54915
16 21 54915
21 193 18305
58 127 18305
58 88 36610
58 176 36610
104 242 54915
94 242 36610
200 242 18305
12 127 54915
127 174 18305
88 103 54915
72 186 36610
9 10 18305
10 111 18305
104 173 54915
35 104 54915
104 159 54915
36 104 36610
17 74 36610
17 182 54915
17 145 54915
17 128 54915
149 153 54915
149 183 36610
72 164 18305
72 77 36610
66 72 54915
86 179 36610
173 202 36610
110 118 54915
121 240 18305
121 232 36610
80 121 18305
84 180 36610
153 188 36610
153 157 18305
33 85 54915
85 201 36610
13 92 18305
212 240 36610
82 240 36610
43 240 54915
35 206 54915
35 136 18305
35 185 18305
3 38 18305
38 140 54915
38 119 54915
147 199 36610
4 19 54915
19 52 54915
51 108 36610
51 226 18305
51 177 18305
1 25 54915
143 207 54915
207 211 36610
3 209 18305
1 112 36610
1 20 54915
70 120 36610
70 214 54915
69 70 54915
70 239 54915
13 46 18305
130 154 18305
64 112 36610
112 218 18305
79 112 54915
113 223 36610
76 223 18305
217 223 36610
141 223 18305
133 163 36610
30 163 36610
23 126 18305
124 134 18305
109 164 54915
164 170 18305
146 197 36610
184 216 18305
61 76 54915
80 107 54915
7 102 18305
67 214 36610
16 56 18305
77 178 36610
48 52 18305
14 206 54915
28 154 18305
41 71 36610
94 194 54915
94 129 54915
68 172 18305
202 221 54915
202 213 18305
156 202 18305
8 69 18305
6 69 18305
22 75 54915
56 59 18305
110 181 54915
78 110 18305
132 133 18305
133 215 36610
131 166 18305
131 231 54915
136 236 54915
31 166 18305
64 90 36610
117 188 18305
59 224 36610
5 99 54915
8 73 18305
63 212 54915
2 183 18305
105 172 18305
42 61 18305
54 217 36610
238 239 18305
65 170 36610
54 98 54915
75 219 36610
122 191 18305
124 187 36610
57 124 36610
124 227 54915
29 213 54915
168 175 36610
132 169 18305
132 229 18305
47 123 54915
50 123 54915
34 193 54915
36 97 54915
24 36 54915
37 42 18305
62 200 54915
137 175 36610
65 158 54915
26 65 36610
187 228 54915
157 234 54915
45 105 54915
45 125 18305
243 79 146 179715548
230 235 226342
42 235 226342
168 235 679026
52 235 679026
225 235 226342
70 235 226342
183 235 452684
201 235 452684
49 235 226342
227 230 452684
134 230 679026
154 230 452684
24 230 679026
42 194 452684
42 169 452684
42 46 679026
8 42 452684
42 141 226342
42 99 226342
42 63 226342
42 218 226342
86 227 679026
127 227 452684
122 227 452684
194 229 452684
132 194 679026
194 210 452684
14 194 226342
136 194 452684
168 219 452684
153 168 226342
168 195 226342
4 86 452684
86 202 679026
13 86 226342
86 117 226342
52 107 679026
52 66 452684
19 52 679026
186 219 452684
58 219 679026
79 219 679026
215 219 226342
197 219 679026
188 219 226342
134 173 679026
134 211 452684
71 134 679026
134 159 452684
4 124 452684
4 121 452684
4 143 452684
4 72 226342
153 239 452684
130 153 226342
153 220 452684
116 173 226342
92 173 452684
9 46 452684
46 216 226342
46 101 452684
128 202 452684
91 211 679026
35 211 679026
175 211 679026
181 211 452684
30 211 226342
8 54 679026
38 124 679026
50 124 226342
119 124 226342
55 124 679026
1 124 452684
91 234 226342
140 229 226342
73 229 452684
151 229 452684
205 225 679026
167 186 679026
2 35 452684
35 206 226342
58 171 679026
121 200 679026
2 165 452684
2 93 226342
2 88 679026
2 176 226342
15 38 679026
38 196 452684
156 195 226342
53 195 452684
195 199 226342
6 195 452684
66 146 226342
25 66 226342
143 223 452684
28 143 679026
103 154 679026
64 154 226342
68 70 226342
70 76 452684
43 70 452684
50 204 679026
50 94 452684
50 82 226342
39 68 679026
68 102 226342
76 214 679026
79 166 452684
0 183 226342
67 183 226342
41 204 679026
161 204 679026
123 204 679026
204 228 452684
34 167 452684
167 207 679026
167 180 679026
139 167 679026
23 156 679026
78 156 452684
90 166 226342
137 166 452684
155 166 679026
59 239 452684
41 147 452684
140 221 679026
36 53 226342
53 213 452684
53 144 226342
114 165 452684
23 105 452684
23 27 226342
26 117 679026
117 138 452684
18 54 226342
36 48 452684
36 37 452684
36 236 679026
161 189 679026
110 161 226342
33 161 226342
160 175 226342
175 212 679026
175 187 679026
108 199 452684
15 149 679026
15 84 679026
93 179 452684
93 150 226342
45 93 226342
73 111 679026
77 88 679026
5 88 452684
160 190 226342
56 111 452684
111 198 679026
206 217 452684
11 206 679026
104 206 679026
206 222 679026
18 162 226342
6 40 226342
56 184 452684
56 242 226342
56 89 679026
119 135 452684
119 129 226342
119 126 452684
119 185 226342
106 146 452684
80 146 452684
65 201 226342
55 170 226342
90 232 679026
90 209 226342
19 241 452684
75 128 226342
87 129 679026
144 193 679026
9 60 226342
11 164 452684
103 178 226342
20 137 452684
21 84 226342
189 237 679026
40 163 226342
74 216 452684
94 120 679026
10 94 679026
99 133 226342
83 147 679026
147 233 226342
96 147 226342
104 148 226342
104 177 226342
127 203 679026
115 178 226342
125 221 679026
69 221 226342
106 208 226342
51 106 452684
25 62 226342
7 25 679026
44 110 679026
62 118 226342
17 184 452684
85 105 226342
115 131 452684
63 100 679026
61 148 226342
16 48 679026
57 78 226342
98 133 226342
87 231 226342
126 182 452684
113 222 226342
3 209 452684
29 182 679026
109 203 452684
223 238 226342
142 170 452684
170 174 452684
170 240 679026
32 233 679026
191 196 452684
22 208 226342
31 208 226342
112 220 679026
95 220 679026
64 145 679026
81 228 679026
97 228 679026
12 231 226342
47 82 679026
158 191 452684
3 226 679026
3 192 452684
142 152 679026
27 224 679026
98 157 679026
157 172 226342
243 24 145 60304806
151 188 65979
151 161 65979
151 193 197937
38 151 197937
65 151 65979
151 194 65979
47 151 131958
144 151 131958
20 151 65979
130 188 131958
31 188 197937
188 236 131958
8 188 197937
161 227 131958
72 161 131958
79 161 197937
161 207 131958
110 161 65979
161 234 65979
161 233 65979
127 161 65979
130 195 197937
130 189 131958
114 130 131958
40 227 131958
35 227 197937
84 227 131958
77 227 65979
120 227 131958
44 193 131958
59 193 65979
62 193 65979
16 195 131958
74 195 197937
152 195 65979
0 195 65979
38 41 197937
28 38 131958
38 108 197937
34 44 131958
44 49 197937
24 44 197937
44 56 65979
44 117 197937
44 197 65979
31 220 197937
31 198 131958
31 102 197937
31 89 131958
16 90 131958
16 228 131958
14 16 131958
6 16 65979
59 141 131958
59 199 65979
59 93 131958
212 220 65979
48 220 131958
79 223 131958
79 86 65979
26 79 131958
74 106 131958
198 215 197937
125 198 197937
198 216 197937
139 198 131958
167 198 65979
205 207 197937
36 90 197937
55 90 65979
90 137 65979
81 90 197937
69 90 131958
85 215 65979
13 40 65979
40 170 131958
40 202 131958
65 109 197937
34 131 197937
125 187 131958
17 125 65979
49 78 197937
99 228 197937
187 201 131958
187 238 65979
132 187 197937
116 187 65979
36 71 197937
36 147 131958
62 143 65979
62 226 131958
62 181 65979
62 70 131958
28 145 65979
28 135 65979
14 53 131958
14 112 197937
98 236 197937
185 236 65979
67 194 65979
97 194 131958
194 230 131958
55 169 197937
37 55 131958
55 159 65979
67 168 197937
67 163 65979
97 200 197937
24 150 131958
47 76 65979
23 47 65979
157 169 197937
7 169 197937
54 169 197937
82 169 131958
124 131 131958
131 179 197937
131 210 197937
122 131 197937
143 178 197937
143 214 131958
80 150 65979
107 150 131958
11 150 197937
128 141 131958
94 157 131958
13 46 197937
226 235 65979
162 226 131958
5 226 65979
201 211 131958
123 178 131958
178 192 65979
0 32 197937
0 184 131958
111 205 65979
235 239 131958
158 235 131958
173 235 197937
7 91 197937
7 21 65979
7 113 65979
58 216 65979
27 216 197937
140 216 197937
60 181 131958
71 105 197937
71 119 197937
164 238 131958
183 238 65979
39 238 65979
170 175 197937
43 132 197937
61 132 131958
58 92 65979
142 175 131958
138 175 197937
17 22 131958
17 242 197937
17 221 197937
17 237 197937
111 174 65979
70 88 65979
126 142 131958
1 142 65979
96 142 197937
137 176 131958
12 137 65979
137 240 131958
95 137 65979
145 148 131958
118 145 131958
3 144 65979
52 81 65979
80 180 197937
80 232 65979
33 108 131958
106 156 65979
12 115 197937
5 103 197937
191 223 65979
9 242 131958
98 231 65979
107 208 131958
119 182 65979
91 154 197937
73 88 65979
2 86 131958
37 101 197937
37 146 197937
83 234 65979
94 241 197937
94 104 65979
94 213 65979
10 221 65979
204 221 65979
87 189 197937
206 231 65979
19 46 197937
46 136 65979
18 148 65979
148 222 131958
63 135 65979
135 219 197937
21 203 197937
63 68 65979
126 171 131958
123 229 65979
75 206 131958
15 233 197937
10 45 65979
30 239 197937
29 214 65979
83 165 65979
115 153 65979
218 240 131958
100 237 65979
172 232 131958
134 218 197937
57 87 131958
53 121 65979
52 217 131958
50 52 131958
52 196 197937
104 160 197937
147 177 131958
18 51 65979
18 133 65979
93 209 197937
93 186 197937
129 185 197937
64 82 197937
66 82 197937
153 225 65979
159 224 197937
177 190 131958
155 172 197937
4 172 131958
149 217 197937
166 192 197937
42 165 197937
25 42 65979
243 130 160 438762096
186 213 211248
169 186 211248
71 186 633744
133 186 633744
73 186 211248
171 186 211248
186 195 422496
186 205 422496
20 186 211248
207 213 422496
54 213 633744
191 213 422496
68 213 633744
17 169 422496
46 169 422496
169 179 633744
64 169 422496
42 169 211248
33 169 211248
169 175 211248
146 169 211248
98 207 633744
85 207 422496
51 207 422496
17 156 422496
17 216 633744
17 21 422496
17 74 211248
17 202 422496
71 84 422496
71 204 211248
71 80 211248
65 98 422496
29 98 633744
98 236 211248
28 98 211248
5 133 633744
133 222 422496
133 134 633744
84 240 422496
84 229 633744
84 160 633744
84 185 211248
49 84 633744
11 84 211248
26 54 633744
54 228 422496
54 231 633744
54 144 422496
0 65 422496
65 242 422496
65 162 422496
65 79 211248
48 204 422496
140 204 211248
183 204 422496
26 200 211248
26 37 422496
115 179 422496
179 223 211248
39 179 422496
29 120 422496
167 228 633744
24 228 633744
92 228 633744
154 228 422496
208 228 211248
64 220 633744
0 76 633744
0 14 211248
0 61 211248
0 38 633744
0 155 422496
75 167 211248
156 181 211248
156 174 422496
156 221 422496
73 113 633744
145 240 633744
24 193 422496
24 184 211248
121 229 633744
139 242 633744
36 193 422496
193 198 211248
16 193 633744
193 237 211248
76 224 633744
76 107 422496
19 80 211248
41 80 422496
80 234 211248
80 131 422496
130 222 211248
7 222 211248
40 162 422496
162 241 633744
99 191 633744
97 191 211248
9 171 211248
171 197 422496
150 171 422496
14 50 633744
14 168 422496
14 126 211248
9 15 633744
9 35 211248
13 197 633744
23 160 422496
152 195 211248
195 219 211248
50 82 633744
50 138 633744
50 94 633744
34 50 422496
145 178 422496
141 145 633744
145 217 633744
145 172 633744
6 19 633744
19 210 422496
23 44 211248
23 177 422496
23 151 633744
25 48 422496
82 218 422496
181 235 633744
41 78 211248
41 227 422496
41 192 211248
12 36 422496
6 55 422496
6 135 211248
28 119 633744
28 105 422496
118 220 211248
78 199 422496
53 78 422496
78 95 633744
62 138 633744
138 201 211248
132 138 211248
92 215 211248
92 110 633744
10 92 633744
226 234 422496
4 224 633744
142 224 633744
125 198 422496
93 198 211248
72 198 211248
56 174 633744
2 16 633744
16 166 422496
187 215 211248
45 56 422496
56 66 633744
184 188 422496
69 184 633744
158 184 633744
184 196 633744
118 239 211248
87 131 211248
45 143 422496
3 45 211248
45 211 633744
61 89 422496
61 88 211248
61 214 422496
61 101 211248
130 189 422496
81 130 422496
164 205 211248
38 60 211248
44 102 633744
44 147 211248
104 134 422496
114 120 211248
88 190 633744
157 192 633744
115 124 211248
69 112 422496
99 165 211248
163 177 422496
128 142 211248
31 62 633744
87 161 211248
123 223 422496
58 168 633744
148 168 633744
33 122 211248
129 218 633744
218 232 211248
52 218 211248
158 238 211248
127 158 211248
85 137 633744
159 165 211248
209 235 633744
206 235 211248
170 189 211248
22 189 422496
7 43 211248
7 70 633744
8 201 633744
43 90 211248
67 143 422496
55 111 211248
30 159 422496
47 175 633744
27 238 211248
103 199 633744
153 210 211248
116 122 211248
91 190 211248
180 214 422496
196 225 211248
147 194 422496
100 180 633744
59 137 422496
40 96 211248
60 233 422496
60 173 422496
57 60 633744
18 232 633744
107 203 422496
170 176 211248
77 170 211248
1 183 633744
183 230 633744
97 136 633744
34 109 633744
34 86 633744
91 117 211248
83 126 633744
32 203 422496
149 194 633744
108 194 422496
63 233 633744
135 212 633744
116 182 633744
106 182 211248
243 12 33 596363692
17 75 286163
17 93 286163
17 51 858489
17 64 858489
17 219 286163
17 229 286163
17 21 572326
17 31 572326
17 39 286163
75 238 572326
75 153 858489
75 202 572326
75 87 858489
36 93 572326
93 208 572326
93 129 858489
93 119 572326
93 112 286163
93 221 286163
85 93 286163
89 93 286163
6 238 858489
96 238 572326
55 238 572326
36 188 572326
36 180 858489
5 36 572326
36 206 286163
36 176 572326
51 157 572326
51 100 286163
51 225 286163
6 164 572326
6 187 858489
6 91 286163
6 156 286163
64 128 858489
64 203 572326
64 216 858489
38 157 572326
8 157 858489
12 157 858489
157 191 286163
157 232 858489
15 157 286163
153 200 858489
78 153 572326
153 213 858489
113 153 572326
2 164 572326
11 164 572326
104 164 572326
164 205 286163
34 100 572326
100 155 286163
30 100 572326
142 200 286163
79 200 572326
47 129 572326
129 172 286163
129 146 572326
130 187 572326
78 231 858489
58 78 858489
4 78 858489
56 78 572326
78 195 286163
119 222 858489
2 74 858489
2 189 286163
2 194 286163
2 73 858489
2 148 572326
228 231 286163
88 188 286163
147 188 572326
137 188 572326
106 219 858489
38 209 858489
58 181 572326
58 132 286163
8 40 858489
11 184 858489
81 181 572326
163 181 286163
35 181 858489
140 181 286163
74 108 858489
16 74 572326
135 225 286163
83 225 572326
173 225 286163
214 225 572326
33 203 286163
151 203 286163
60 104 572326
20 104 858489
193 202 858489
168 202 286163
97 229 286163
167 229 572326
101 229 572326
158 189 858489
126 189 572326
169 189 286163
48 97 858489
97 196 286163
167 223 858489
12 103 572326
21 217 286163
21 204 286163
158 201 858489
52 158 858489
14 158 858489
43 158 572326
65 209 572326
25 209 858489
84 209 858489
50 209 858489
134 135 858489
135 236 572326
103 139 286163
45 103 572326
10 103 858489
34 118 572326
201 235 572326
88 138 858489
49 83 286163
83 179 572326
83 230 286163
62 81 572326
37 134 572326
120 134 286163
41 156 858489
99 156 572326
222 237 286163
49 72 572326
49 199 572326
44 49 858489
52 82 858489
52 141 286163
52 53 286163
4 32 286163
4 150 858489
4 27 858489
109 173 572326
108 224 858489
108 198 858489
54 163 572326
163 239 286163
163 177 286163
133 147 858489
35 117 858489
18 35 572326
32 95 286163
133 227 572326
28 133 858489
105 132 572326
86 132 858489
13 132 858489
132 212 858489
26 237 286163
123 214 286163
227 233 572326
210 227 286163
215 227 858489
71 194 572326
111 194 286163
175 194 572326
194 240 286163
33 218 572326
33 131 572326
31 197 286163
73 166 286163
90 139 858489
139 162 286163
161 216 572326
130 165 286163
111 207 858489
110 230 858489
47 70 286163
19 86 572326
23 193 286163
45 143 572326
46 198 286163
69 82 858489
57 123 286163
172 192 572326
24 126 858489
126 234 858489
185 221 286163
144 235 858489
136 235 286163
127 235 286163
13 152 286163
13 160 286163
7 96 858489
23 121 286163
1 138 858489
77 138 286163
66 218 286163
98 218 572326
61 151 286163
151 154 858489
115 141 858489
61 190 286163
114 233 572326
9 37 286163
121 220 572326
80 85 858489
125 152 286163
22 72 858489
29 236 286163
174 185 286163
170 207 286163
159 175 572326
59 212 286163
122 162 572326
0 159 858489
7 42 572326
60 226 286163
67 166 572326
76 166 572326
116 166 858489
68 136 858489
16 183 572326
66 178 286163
66 186 286163
30 182 858489
30 102 858489
94 168 858489
43 63 858489
3 43 858489
170 241 286163
107 169 858489
92 183 572326
122 145 858489
122 149 572326
67 124 858489
120 211 858489
174 242 858489
171 242 286163
261 38 59 671485130
26 90 774195
90 162 516130
9 90 516130
90 234 516130
31 90 774195
26 114 258065
26 143 516130
26 260 774195
26 52 516130
26 151 258065
26 108 774195
26 188 774195
141 162 774195
116 162 258065
162 169 258065
9 232 774195
9 46 774195
9 172 516130
9 41 258065
9 192 258065
114 250 516130
36 114 774195
35 114 516130
114 149 258065
83 114 774195
5 250 258065
213 250 774195
233 250 774195
126 250 774195
175 250 774195
147 250 516130
71 250 516130
36 104 774195
36 165 258065
51 143 774195
49 143 258065
4 143 516130
143 245 774195
124 143 258065
51 187 258065
51 159 516130
87 187 258065
177 187 516130
132 159 774195
5 19 774195
5 14 774195
5 194 774195
5 176 774195
5 217 258065
49 67 774195
49 174 516130
67 106 258065
67 95 774195
197 234 774195
31 186 258065
31 82 516130
31 150 774195
31 66 516130
31 61 516130
31 113 774195
31 56 516130
35 231 516130
0 186 258065
186 244 516130
166 186 258065
103 186 258065
186 211 516130
186 248 258065
19 259 774195
19 79 774195
19 254 258065
19 34 516130
197 201 516130
142 197 516130
94 213 516130
160 213 516130
13 14 774195
6 14 516130
86 260 516130
13 32 774195
13 251 774195
13 119 258065
13 97 516130
13 121 774195
80 233 516130
181 233 516130
233 238 258065
73 126 516130
89 126 516130
126 152 516130
175 214 516130
82 135 258065
80 209 774195
30 80 258065
80 249 774195
80 222 258065
29 52 774195
52 77 774195
52 161 258065
11 52 258065
137 141 516130
1 141 774195
24 87 258065
29 256 516130
29 225 774195
29 208 516130
46 190 774195
46 139 774195
111 147 774195
147 171 516130
117 201 258065
158 201 258065
138 209 774195
194 200 516130
65 194 258065
44 194 516130
140 256 516130
178 256 774195
149 193 516130
48 149 258065
33 214 774195
214 252 258065
108 242 774195
108 167 516130
68 108 774195
27 116 516130
116 134 774195
102 137 516130
107 137 774195
102 170 774195
102 243 258065
2 102 774195
98 102 774195
66 148 774195
12 66 516130
66 164 516130
66 189 516130
66 110 516130
66 236 516130
30 198 774195
30 57 258065
30 130 774195
30 99 516130
30 75 258065
33 215 516130
180 231 258065
120 198 774195
138 185 516130
179 243 258065
1 23 516130
1 153 258065
1 70 258065
1 144 258065
1 22 774195
1 239 258065
135 195 774195
129 135 516130
16 135 774195
154 249 516130
204 249 774195
0 7 258065
0 17 774195
0 10 516130
78 244 258065
210 244 774195
81 166 258065
25 166 774195
101 259 516130
74 259 516130
8 190 516130
103 115 258065
43 217 516130
81 224 258065
32 64 258065
39 192 516130
132 235 516130
101 156 516130
61 76 258065
107 146 516130
3 148 516130
45 148 516130
148 247 258065
83 212 774195
211 241 516130
211 221 516130
122 211 774195
154 196 258065
57 155 516130
57 69 774195
173 251 516130
37 251 258065
128 251 774195
140 207 774195
96 140 258065
15 140 516130
119 131 516130
40 195 516130
60 222 258065
18 222 258065
155 183 774195
112 155 774195
8 28 258065
7 246 774195
7 47 258065
7 163 516130
104 203 516130
88 104 516130
104 118 258065
21 156 774195
89 230 258065
53 89 516130
58 89 258065
89 205 258065
34 216 516130
100 139 774195
153 202 258065
153 191 516130
218 241 774195
55 235 516130
93 173 774195
145 173 774195
54 173 516130
43 219 258065
43 157 258065
70 206 774195
84 219 516130
3 184 516130
62 106 258065
230 253 516130
218 258 516130
133 144 774195
59 161 258065
223 246 258065
168 246 258065
136 208 774195
63 238 258065
229 238 516130
206 220 774195
130 228 774195
85 130 258065
20 122 774195
125 212 774195
189 227 516130
71 255 258065
71 199 516130
72 171 258065
160 182 258065
16 91 516130
123 255 774195
37 226 258065
62 240 258065
127 193 258065
42 55 774195
18 92 516130
178 237 516130
28 109 516130
50 179 516130
69 105 258065
185 257 516130
38 191 774195
253 101 225 25327875
13 40 873375
4 13 291125
40 217 291125
40 54 582250
201 217 291125
33 217 873375
100 217 873375
80 217 582250
108 217 582250
217 232 291125
195 217 291125
201 221 582250
151 201 873375
170 201 873375
194 201 291125
142 201 291125
33 132 873375
18 33 582250
33 208 873375
99 132 873375
132 186 873375
132 249 873375
36 132 582250
132 169 291125
82 132 582250
110 132 291125
84 132 582250
54 150 291125
54 210 873375
54 127 291125
51 100 873375
32 100 582250
100 247 873375
100 246 582250
99 155 873375
157 186 873375
181 186 582250
20 186 291125
176 221 291125
60 221 873375
122 249 291125
29 249 291125
139 249 291125
179 249 582250
36 65 582250
36 183 873375
36 178 582250
36 161 291125
17 36 291125
157 168 873375
1 157 582250
157 222 582250
42 157 291125
157 219 582250
51 165 291125
51 230 873375
51 69 873375
51 239 291125
18 23 582250
18 135 582250
105 151 582250
140 151 582250
79 151 582250
165 187 582250
181 231 582250
175 181 873375
124 181 582250
65 224 873375
65 93 582250
65 154 291125
65 119 582250
81 105 873375
10 105 291125
105 116 873375
2 170 873375
11 80 582250
80 218 582250
140 242 582250
46 140 582250
48 81 582250
153 169 873375
0 169 291125
67 122 582250
118 122 582250
122 188 291125
29 205 582250
29 57 582250
72 194 873375
58 194 582250
73 183 291125
93 152 291125
93 112 873375
152 251 291125
152 160 291125
102 251 582250
98 251 873375
82 83 873375
82 158 873375
154 206 873375
145 154 291125
79 223 582250
79 174 291125
79 125 291125
8 153 291125
69 171 291125
69 235 291125
52 223 582250
126 168 291125
168 197 291125
110 133 873375
24 239 873375
102 184 291125
37 139 291125
30 139 582250
139 233 582250
89 232 291125
56 232 291125
23 136 873375
23 115 582250
52 61 582250
52 76 291125
83 107 291125
68 83 582250
7 242 873375
77 242 582250
128 242 291125
26 112 873375
5 112 291125
21 195 873375
11 114 873375
11 120 291125
11 16 873375
11 74 582250
62 210 873375
27 210 582250
24 240 291125
114 196 291125
113 120 873375
120 141 582250
78 175 582250
14 222 291125
137 222 582250
203 222 291125
38 222 873375
214 222 582250
39 178 291125
117 178 582250
149 155 873375
39 220 582250
39 104 582250
123 136 873375
136 199 291125
44 136 582250
107 159 291125
118 182 582250
70 118 582250
101 124 873375
124 248 582250
95 124 873375
45 179 582250
84 216 291125
68 173 873375
68 97 291125
68 147 582250
62 111 291125
149 200 291125
7 50 873375
7 162 582250
7 106 582250
173 245 873375
182 236 582250
182 198 291125
20 191 582250
20 143 582250
20 43 582250
55 78 873375
86 101 582250
101 213 873375
167 248 291125
243 248 291125
16 226 873375
22 174 291125
15 123 873375
19 184 873375
113 211 582250
113 207 291125
45 185 582250
45 164 582250
9 45 291125
89 189 582250
89 103 291125
89 237 873375
14 129 291125
15 202 873375
15 121 291125
5 166 582250
5 87 582250
5 172 582250
22 96 582250
22 130 582250
22 85 873375
138 189 582250
189 192 582250
177 189 873375
43 148 582250
12 50 582250
167 225 873375
144 167 582250
74 131 291125
41 46 582250
28 103 582250
49 103 582250
38 134 291125
180 214 291125
86 92 582250
86 90 291125
156 220 582250
35 220 291125
63 205 873375
91 104 582250
3 141 582250
6 141 291125
148 190 582250
193 225 873375
94 177 582250
177 227 291125
144 238 291125
31 96 582250
96 228 291125
3 146 291125
241 246 873375
163 246 582250
66 246 291125
47 77 582250
188 204 291125
185 244 873375
42 215 291125
17 88 582250
25 87 582250
0 209 582250
71 238 582250
233 250 873375
212 244 873375
121 229 582250
121 252 873375
59 229 582250
75 211 291125
34 207 291125
91 234 873375
64 125 582250
109 243 873375
53 250 582250
