cc61ad56a4797fb3f5c9529f73ce6fcedd85669b
30
100 17 89 1146113818
0 1 927093
1 2 776866
2 3 238001
3 4 490778
4 5 789866
5 6 708758
6 7 675877
7 8 377400
8 9 572746
9 10 49275
10 11 385972
11 12 248203
12 13 617049
13 14 454336
14 15 214289
15 16 606329
16 17 439492
17 18 160785
18 19 852661
19 20 930241
20 21 448613
21 22 329298
22 23 31077
23 24 489276
24 25 329468
25 26 333280
26 27 573168
27 28 507615
28 29 805877
29 30 71637
30 31 92079
31 32 85174
32 33 434278
33 34 771395
34 35 987973
35 36 345960
36 37 415247
37 38 369973
38 39 67295
39 40 208887
40 41 52378
41 42 793587
42 43 538227
43 44 868990
44 45 307738
45 46 561276
46 47 146498
47 48 895411
48 49 710157
49 50 216267
50 51 61591
51 52 316004
52 53 194268
53 54 649044
54 55 203847
55 56 315131
56 57 862040
57 58 844805
58 59 92400
59 60 531388
60 61 639036
61 62 667912
62 63 385596
63 64 644612
64 65 208495
65 66 362237
66 67 555165
67 68 477769
68 69 881536
69 70 579586
70 71 494736
71 72 434078
72 73 152170
73 74 241260
74 75 193564
75 76 758061
76 77 130831
77 78 361741
78 79 393554
79 80 209596
80 81 605439
81 82 513582
82 83 499468
83 84 598827
84 85 899056
85 86 909651
86 87 200111
87 88 431986
88 89 337156
89 90 421244
90 91 352426
91 92 221733
92 93 753416
93 94 27743
94 95 263543
95 96 648881
96 97 942385
97 98 631601
98 99 565911
100 50 62 859164096
0 1 650904
1 2 946892
2 3 392667
3 4 812551
4 5 892048
5 6 633080
6 7 455642
7 8 121171
8 9 473760
9 10 374518
10 11 949305
11 12 324442
12 13 337267
13 14 404854
14 15 49088
15 16 36720
16 17 98046
17 18 479680
18 19 952865
19 20 183524
20 21 120448
21 22 822714
22 23 332344
23 24 739901
24 25 197249
25 26 897630
26 27 864651
27 28 165758
28 29 603028
29 30 275398
30 31 270025
31 32 80164
32 33 91094
33 34 613858
34 35 157388
35 36 76708
36 37 649646
37 38 652862
38 39 142424
39 40 713456
40 41 308237
41 42 44927
42 43 376795
43 44 713457
44 45 735853
45 46 180772
46 47 338221
47 48 158411
48 49 260052
49 50 39302
50 51 28111
51 52 603037
52 53 941839
53 54 599450
54 55 126254
55 56 928640
56 57 335673
57 58 360811
58 59 605790
59 60 85829
60 61 356851
61 62 135778
62 63 928160
63 64 131257
64 65 787563
65 66 560896
66 67 106142
67 68 331043
68 69 488215
69 70 403040
70 71 450924
71 72 915330
72 73 741112
73 74 66551
74 75 576839
75 76 273424
76 77 983834
77 78 720854
78 79 826903
79 80 980419
80 81 659600
81 82 997220
82 83 626670
83 84 407945
84 85 736954
85 86 97637
86 87 974919
87 88 421449
88 89 979328
89 90 313016
90 91 276234
91 92 771686
92 93 829909
93 94 552082
94 95 375556
95 96 869373
96 97 276726
97 98 715653
98 99 593905
100 29 37 929927479
0 1 602420
1 2 397033
2 3 95427
3 4 536960
4 5 258715
5 6 608922
6 7 212313
7 8 772267
8 9 763997
9 10 133433
10 11 307027
11 12 826809
12 13 781213
13 14 199750
14 15 721055
15 16 300093
16 17 882150
17 18 166647
18 19 376757
19 20 776164
20 21 323694
21 22 234240
22 23 617690
23 24 384821
24 25 506389
25 26 220429
26 27 383641
27 28 856210
28 29 856293
29 30 795141
30 31 938121
31 32 621239
32 33 238417
33 34 559559
34 35 540747
35 36 556600
36 37 496631
37 38 546477
38 39 312203
39 40 145348
40 41 714400
41 42 299597
42 43 703548
43 44 402342
44 45 438461
45 46 242292
46 47 591646
47 48 300864
48 49 549545
49 50 155563
50 51 897529
51 52 899407
52 53 801323
53 54 327028
54 55 202657
55 56 290732
56 57 151090
57 58 266316
58 59 299761
59 60 159623
60 61 757337
61 62 966056
62 63 742738
63 64 295980
64 65 986338
65 66 662329
66 67 882035
67 68 940479
68 69 891708
69 70 848938
70 71 836815
71 72 345409
72 73 381951
73 74 37790
74 75 887724
75 76 438026
76 77 367149
77 78 203316
78 79 640984
79 80 400014
80 81 464689
81 82 17733
82 83 21676
83 84 730331
84 85 462752
85 86 542562
86 87 374987
87 88 358935
88 89 666620
89 90 373208
90 91 527969
91 92 345475
92 93 159853
93 94 696493
94 95 333093
95 96 868732
96 97 786312
97 98 586274
98 99 626329
100 42 90 1433238911
0 1 471879
1 2 455169
2 3 345308
3 4 357005
4 5 881091
5 6 827014
6 7 1038
7 8 647270
8 9 325293
9 10 103689
10 11 406237
11 12 241444
12 13 972014
13 14 702118
14 15 800238
15 16 900137
16 17 973495
17 18 631701
18 19 474962
19 20 679058
20 21 644231
21 22 772007
22 23 425091
23 24 963764
24 25 787555
25 26 797960
26 27 422691
27 28 131616
28 29 27422
29 30 843325
30 31 678721
31 32 163104
32 33 937040
33 34 749925
34 35 985556
35 36 424314
36 37 770976
37 38 593146
38 39 212415
39 40 428074
40 41 257405
41 42 568078
42 43 674446
43 44 871081
44 45 853598
45 46 871952
46 47 352565
47 48 287978
48 49 625030
49 50 205638
50 51 168661
51 52 52185
52 53 893444
53 54 515347
54 55 678776
55 56 625756
56 57 948396
57 58 614832
58 59 662994
59 60 648660
60 61 130785
61 62 560947
62 63 641536
63 64 212442
64 65 386445
65 66 334605
66 67 928458
67 68 452164
68 69 547492
69 70 835653
70 71 846306
71 72 246239
72 73 442343
73 74 603136
74 75 972451
75 76 267956
76 77 7772
77 78 414394
78 79 406421
79 80 248901
80 81 297944
81 82 443660
82 83 143397
83 84 73358
84 85 423799
85 86 51430
86 87 858351
87 88 133126
88 89 517728
89 90 890899
90 91 881718
91 92 979101
92 93 41347
93 94 787705
94 95 21735
95 96 754749
96 97 158044
97 98 994456
98 99 832476
100 53 99 1515754398
0 1 132372
1 2 297061
2 3 727115
3 4 918845
4 5 336253
5 6 710628
6 7 659209
7 8 735172
8 9 74285
9 10 401369
10 11 523660
11 12 656837
12 13 707553
13 14 925328
14 15 752897
15 16 845376
16 17 277766
17 18 222417
18 19 564254
19 20 500946
20 21 233070
21 22 768156
22 23 831396
23 24 29039
24 25 975832
25 26 840234
26 27 588382
27 28 223463
28 29 335850
29 30 713457
30 31 599072
31 32 3875
32 33 210744
33 34 987998
34 35 591563
35 36 233254
36 37 981820
37 38 995865
38 39 76997
39 40 474702
40 41 47325
41 42 823942
42 43 943939
43 44 499089
44 45 227498
45 46 953025
46 47 821569
47 48 775043
48 49 215006
49 50 228639
50 51 333638
51 52 571468
52 53 661403
53 54 366960
54 55 267683
55 56 163380
56 57 13873
57 58 802753
58 59 337458
59 60 774489
60 61 573846
61 62 361236
62 63 209624
63 64 866357
64 65 41068
65 66 623208
66 67 841541
67 68 56858
68 69 238720
69 70 435445
70 71 779888
71 72 141879
72 73 626502
73 74 840110
74 75 571357
75 76 755922
76 77 752032
77 78 690110
78 79 479193
79 80 270925
80 81 608790
81 82 862989
82 83 977978
83 84 248931
84 85 848669
85 86 115643
86 87 816353
87 88 135465
88 89 49298
89 90 255265
90 91 859833
91 92 308367
92 93 180286
93 94 106068
94 95 91511
95 96 622750
96 97 246993
97 98 91875
98 99 796249
100 10 25 1051905933
0 1 683497
1 2 572191
2 3 46280
3 4 401263
4 5 665465
5 6 768166
6 7 68322
7 8 22698
8 9 191270
9 10 808766
10 11 289999
11 12 687870
12 13 171031
13 14 651892
14 15 414867
15 16 93147
16 17 300989
17 18 373294
18 19 459868
19 20 280555
20 21 624786
21 22 35945
22 23 924098
23 24 557395
24 25 463580
25 26 591104
26 27 404550
27 28 604656
28 29 728168
29 30 894566
30 31 32980
31 32 177373
32 33 828113
33 34 742056
34 35 55875
35 36 188009
36 37 493176
37 38 902061
38 39 284881
39 40 124003
40 41 971659
41 42 652983
42 43 102825
43 44 706768
44 45 778496
45 46 708322
46 47 259806
47 48 580848
48 49 198232
49 50 596194
50 51 501679
51 52 357630
52 53 137950
53 54 658246
54 55 699523
55 56 321518
56 57 548071
57 58 740921
58 59 864876
59 60 554287
60 61 228370
61 62 66045
62 63 971366
63 64 789801
64 65 333319
65 66 786928
66 67 241878
67 68 288957
68 69 505850
69 70 349768
70 71 342092
71 72 389834
72 73 668262
73 74 741016
74 75 64195
75 76 672099
76 77 78931
77 78 162187
78 79 663966
79 80 911579
80 81 367826
81 82 759461
82 83 39019
83 84 294075
84 85 872957
85 86 886087
86 87 254945
87 88 104968
88 89 320890
89 90 426218
90 91 683939
91 92 248384
92 93 919415
93 94 736992
94 95 459260
95 96 341659
96 97 91628
97 98 204823
98 99 288290
100 23 62 1271008114
0 1 150453
1 2 636734
2 3 581720
3 4 367169
4 5 103422
5 6 391321
6 7 276721
7 8 293456
8 9 558642
9 10 939452
10 11 659210
11 12 115289
12 13 251631
13 14 574338
14 15 384975
15 16 953612
16 17 798651
17 18 823423
18 19 804659
19 20 365106
20 21 862026
21 22 315458
22 23 554998
23 24 374766
24 25 613430
25 26 763602
26 27 792544
27 28 604030
28 29 267526
29 30 212019
30 31 136516
31 32 284281
32 33 185705
33 34 3296
34 35 291392
35 36 670481
36 37 925818
37 38 507471
38 39 212857
39 40 107408
40 41 315451
41 42 270770
42 43 133985
43 44 418332
44 45 786459
45 46 741938
46 47 535987
47 48 229812
48 49 930482
49 50 696308
50 51 309234
51 52 630834
52 53 211714
53 54 610005
54 55 797167
55 56 165064
56 57 402229
57 58 8111
58 59 962434
59 60 277701
60 61 740579
61 62 248020
62 63 986254
63 64 37007
64 65 605707
65 66 781967
66 67 277695
67 68 95849
68 69 277078
69 70 526632
70 71 478860
71 72 219628
72 73 814041
73 74 452638
74 75 477367
75 76 469198
76 77 876945
77 78 486828
78 79 901577
79 80 105696
80 81 397606
81 82 598534
82 83 587353
83 84 360969
84 85 561002
85 86 667867
86 87 644484
87 88 825614
88 89 858137
89 90 222354
90 91 90739
91 92 126988
92 93 722073
93 94 259599
94 95 802330
95 96 147321
96 97 65721
97 98 822636
98 99 588212
100 9 74 1450671396
0 1 357578
1 2 182339
2 3 333355
3 4 573344
4 5 670123
5 6 444241
6 7 442863
7 8 970960
8 9 22707
9 10 393519
10 11 800502
11 12 171734
12 13 980678
13 14 371672
14 15 50467
15 16 295218
16 17 850579
17 18 435295
18 19 255682
19 20 329307
20 21 121875
21 22 151026
22 23 549639
23 24 452867
24 25 847944
25 26 258454
26 27 834195
27 28 967959
28 29 30848
29 30 36719
30 31 877232
31 32 776126
32 33 299090
33 34 617910
34 35 814481
35 36 172311
36 37 111902
37 38 674947
38 39 261525
39 40 360381
40 41 138831
41 42 572610
42 43 974915
43 44 630596
44 45 929369
45 46 321471
46 47 133965
47 48 712570
48 49 156796
49 50 982172
50 51 461007
51 52 426281
52 53 708609
53 54 144791
54 55 928270
55 56 422097
56 57 536825
57 58 197255
58 59 32506
59 60 548848
60 61 178307
61 62 73693
62 63 819246
63 64 747579
64 65 819653
65 66 284261
66 67 743533
67 68 300196
68 69 772783
69 70 359236
70 71 554916
71 72 474196
72 73 889149
73 74 131961
74 75 938285
75 76 948271
76 77 605427
77 78 800414
78 79 874311
79 80 283924
80 81 163168
81 82 556773
82 83 166816
83 84 714844
84 85 476125
85 86 311133
86 87 370509
87 88 641305
88 89 483981
89 90 952940
90 91 6158
91 92 284246
92 93 776669
93 94 136020
94 95 734221
95 96 710938
96 97 983810
97 98 60912
98 99 647069
100 16 47 1399580856
0 1 910204
1 2 995828
2 3 110046
3 4 716467
4 5 605331
5 6 36920
6 7 164276
7 8 11668
8 9 501810
9 10 351968
10 11 499295
11 12 442585
12 13 986135
13 14 643541
14 15 57417
15 16 932130
16 17 105957
17 18 661946
18 19 777956
19 20 777444
20 21 208431
21 22 443369
22 23 167021
23 24 23345
24 25 586540
25 26 438907
26 27 206699
27 28 806838
28 29 782401
29 30 585022
30 31 768686
31 32 97078
32 33 341757
33 34 863614
34 35 283090
35 36 881553
36 37 667990
37 38 783102
38 39 726907
39 40 385409
40 41 474798
41 42 64254
42 43 207641
43 44 567705
44 45 847121
45 46 806580
46 47 832227
47 48 619910
48 49 953206
49 50 779925
50 51 65373
51 52 200528
52 53 666044
53 54 907531
54 55 382675
55 56 435223
56 57 934956
57 58 817853
58 59 661597
59 60 418135
60 61 662075
61 62 251596
62 63 698011
63 64 426470
64 65 890438
65 66 420306
66 67 908024
67 68 502515
68 69 276821
69 70 829282
70 71 478889
71 72 733127
72 73 945882
73 74 683277
74 75 694253
75 76 178565
76 77 896817
77 78 860889
78 79 160140
79 80 417194
80 81 389600
81 82 155977
82 83 656025
83 84 161743
84 85 614293
85 86 142362
86 87 169201
87 88 945572
88 89 455788
89 90 938241
90 91 547067
91 92 818165
92 93 939305
93 94 516975
94 95 508711
95 96 921830
96 97 44663
97 98 313807
98 99 919537
100 10 68 1365277150
0 1 548190
1 2 575555
2 3 662615
3 4 295341
4 5 592059
5 6 320252
6 7 118677
7 8 748579
8 9 732899
9 10 616366
10 11 925634
11 12 731191
12 13 968631
13 14 804994
14 15 276636
15 16 522742
16 17 611877
17 18 594233
18 19 82190
19 20 776934
20 21 200867
21 22 195374
22 23 732203
23 24 206536
24 25 725298
25 26 750166
26 27 726322
27 28 454102
28 29 575133
29 30 511105
30 31 175242
31 32 53060
32 33 266617
33 34 690904
34 35 621572
35 36 243072
36 37 805669
37 38 33182
38 39 686174
39 40 451571
40 41 385609
41 42 324466
42 43 414972
43 44 56319
44 45 181336
45 46 735113
46 47 629551
47 48 132736
48 49 859535
49 50 79029
50 51 634223
51 52 195726
52 53 456821
53 54 944098
54 55 104866
55 56 602103
56 57 693275
57 58 568085
58 59 382933
59 60 209798
60 61 102299
61 62 629165
62 63 357887
63 64 322049
64 65 988443
65 66 912932
66 67 106051
67 68 764836
68 69 411401
69 70 273037
70 71 425195
71 72 338664
72 73 777565
73 74 631445
74 75 201391
75 76 661888
76 77 258140
77 78 713219
78 79 669422
79 80 867416
80 81 612432
81 82 164985
82 83 929074
83 84 58518
84 85 314003
85 86 508466
86 87 859182
87 88 78235
88 89 941635
89 90 643588
90 91 980160
91 92 268032
92 93 260428
93 94 790493
94 95 237937
95 96 996507
96 97 408483
97 98 110920
98 99 752177
100 12 14 1060270460
0 1 131293
1 2 893667
2 3 741568
3 4 745591
4 5 384379
5 6 594267
6 7 149538
7 8 430737
8 9 498618
9 10 173598
10 11 963208
11 12 189925
12 13 498293
13 14 857825
14 15 35227
15 16 775230
16 17 26862
17 18 975189
18 19 324553
19 20 998210
20 21 835604
21 22 207780
22 23 404752
23 24 442801
24 25 695423
25 26 154547
26 27 454899
27 28 913571
28 29 587697
29 30 452384
30 31 149952
31 32 692044
32 33 58580
33 34 356100
34 35 104338
35 36 732026
36 37 977408
37 38 985648
38 39 558411
39 40 561234
40 41 722099
41 42 765041
42 43 712087
43 44 734232
44 45 157336
45 46 347213
46 47 908525
47 48 334437
48 49 723011
49 50 591300
50 51 826063
51 52 240305
52 53 703217
53 54 401234
54 55 989062
55 56 966920
56 57 660042
57 58 881513
58 59 729704
59 60 279510
60 61 686433
61 62 553081
62 63 157076
63 64 743006
64 65 509935
65 66 468138
66 67 644083
67 68 274492
68 69 114333
69 70 549022
70 71 41462
71 72 313895
72 73 368505
73 74 195633
74 75 944732
75 76 422643
76 77 656317
77 78 479162
78 79 931050
79 80 357385
80 81 435725
81 82 312137
82 83 626994
83 84 675950
84 85 935991
85 86 74409
86 87 48975
87 88 186563
88 89 764338
89 90 557149
90 91 526181
91 92 116865
92 93 293857
93 94 106724
94 95 997603
95 96 606650
96 97 929423
97 98 33270
98 99 68610
100 43 81 1397068259
0 1 848900
1 2 602672
2 3 547307
3 4 989184
4 5 615671
5 6 972949
6 7 603458
7 8 113866
8 9 632306
9 10 802823
10 11 61803
11 12 895748
12 13 22229
13 14 488476
14 15 206213
15 16 33673
16 17 892490
17 18 321986
18 19 60375
19 20 105582
20 21 895176
21 22 819587
22 23 870738
23 24 139136
24 25 782540
25 26 344451
26 27 904532
27 28 9864
28 29 366815
29 30 636350
30 31 634657
31 32 6407
32 33 762773
33 34 56909
34 35 341225
35 36 588796
36 37 185354
37 38 613727
38 39 207751
39 40 273562
40 41 595620
41 42 311553
42 43 820158
43 44 145044
44 45 320086
45 46 802585
46 47 389883
47 48 319444
48 49 392856
49 50 488804
50 51 734680
51 52 858045
52 53 588337
53 54 417277
54 55 418964
55 56 898605
56 57 46959
57 58 594839
58 59 758301
59 60 746047
60 61 785708
61 62 898495
62 63 840264
63 64 103362
64 65 250568
65 66 37917
66 67 137045
67 68 659525
68 69 658163
69 70 970609
70 71 858349
71 72 172557
72 73 738529
73 74 386135
74 75 585893
75 76 773722
76 77 752789
77 78 36741
78 79 605627
79 80 606376
80 81 363033
81 82 521930
82 83 410709
83 84 867177
84 85 511042
85 86 158287
86 87 873991
87 88 6477
88 89 535726
89 90 552983
90 91 895243
91 92 180155
92 93 173126
93 94 409599
94 95 845896
95 96 915863
96 97 286910
97 98 374080
98 99 191693
100 45 62 881858246
0 1 251668
1 2 739393
2 3 185609
3 4 513321
4 5 739393
5 6 570678
6 7 800883
7 8 174850
8 9 538723
9 10 148133
10 11 26540
11 12 513299
12 13 83951
13 14 806099
14 15 576280
15 16 569816
16 17 396874
17 18 428734
18 19 256807
19 20 666530
20 21 301949
21 22 319006
22 23 351248
23 24 960480
24 25 900032
25 26 722533
26 27 561239
27 28 33367
28 29 294513
29 30 700737
30 31 193288
31 32 989867
32 33 992156
33 34 149719
34 35 640763
35 36 317270
36 37 859442
37 38 647815
38 39 51792
39 40 664045
40 41 722835
41 42 73260
42 43 536242
43 44 594336
44 45 100998
45 46 697307
46 47 20182
47 48 339769
48 49 354685
49 50 187168
50 51 243066
51 52 969305
52 53 760724
53 54 834822
54 55 110504
55 56 337343
56 57 45329
57 58 236877
58 59 492466
59 60 25986
60 61 198499
61 62 790003
62 63 711797
63 64 809108
64 65 148580
65 66 100334
66 67 558808
67 68 184831
68 69 989080
69 70 182574
70 71 462476
71 72 614761
72 73 696876
73 74 532381
74 75 182091
75 76 258257
76 77 458426
77 78 233632
78 79 229402
79 80 425809
80 81 701890
81 82 110804
82 83 511112
83 84 801372
84 85 26032
85 86 451603
86 87 723247
87 88 420607
88 89 959322
89 90 151855
90 91 27184
91 92 380577
92 93 636480
93 94 66740
94 95 942521
95 96 128260
96 97 244364
97 98 174503
98 99 838592
100 43 62 1058198325
0 1 143814
1 2 679316
2 3 249998
3 4 708119
4 5 130454
5 6 136325
6 7 611754
7 8 535811
8 9 58117
9 10 109889
10 11 188983
11 12 233146
12 13 753649
13 14 858954
14 15 435376
15 16 140455
16 17 243332
17 18 591101
18 19 790844
19 20 632298
20 21 484208
21 22 838739
22 23 756011
23 24 629665
24 25 972211
25 26 5020
26 27 225525
27 28 570594
28 29 21074
29 30 121091
30 31 598528
31 32 620732
32 33 407838
33 34 888207
34 35 259801
35 36 107579
36 37 383732
37 38 94493
38 39 939703
39 40 223139
40 41 450038
41 42 816233
42 43 747516
43 44 658354
44 45 977493
45 46 144900
46 47 169973
47 48 678240
48 49 733832
49 50 996444
50 51 422615
51 52 661791
52 53 127508
53 54 699321
54 55 358658
55 56 94172
56 57 285571
57 58 815995
58 59 809663
59 60 83326
60 61 986478
61 62 615839
62 63 485507
63 64 227876
64 65 346742
65 66 366265
66 67 936236
67 68 99561
68 69 699844
69 70 137209
70 71 387776
71 72 295649
72 73 640654
73 74 867496
74 75 823347
75 76 5083
76 77 197011
77 78 458601
78 79 161439
79 80 841822
80 81 553115
81 82 112378
82 83 346570
83 84 702638
84 85 299257
85 86 305010
86 87 532582
87 88 320069
88 89 828235
89 90 792834
90 91 710090
91 92 566748
92 93 732662
93 94 781942
94 95 795259
95 96 564386
96 97 861292
97 98 364083
98 99 953063
100 13 52 1151465240
0 1 34662
1 2 69917
2 3 226541
3 4 762463
4 5 85433
5 6 553494
6 7 297420
7 8 614298
8 9 356493
9 10 733762
10 11 427420
11 12 332536
12 13 169846
13 14 431926
14 15 779522
15 16 358751
16 17 822390
17 18 328700
18 19 195881
19 20 890769
20 21 245365
21 22 19803
22 23 625352
23 24 555177
24 25 537352
25 26 842708
26 27 616608
27 28 305245
28 29 587436
29 30 217057
30 31 53565
31 32 282619
32 33 475273
33 34 714998
34 35 232754
35 36 154925
36 37 178417
37 38 302466
38 39 336863
39 40 343031
40 41 516384
41 42 307628
42 43 156268
43 44 495989
44 45 402939
45 46 362199
46 47 3917
47 48 653728
48 49 248723
49 50 291232
50 51 277501
51 52 711367
52 53 176417
53 54 786205
54 55 716804
55 56 553240
56 57 999689
57 58 321693
58 59 978292
59 60 544790
60 61 406617
61 62 746092
62 63 610021
63 64 787169
64 65 257032
65 66 186765
66 67 158206
67 68 941364
68 69 203577
69 70 352128
70 71 30381
71 72 162143
72 73 362103
73 74 949499
74 75 238123
75 76 810642
76 77 60152
77 78 62643
78 79 291386
79 80 975188
80 81 317852
81 82 898194
82 83 133544
83 84 523653
84 85 121325
85 86 122559
86 87 158476
87 88 175778
88 89 746783
89 90 294939
90 91 742917
91 92 588735
92 93 962830
93 94 597760
94 95 606912
95 96 222988
96 97 136132
97 98 888834
98 99 225776
100 18 24 1052289030
0 1 630101
1 2 51571
2 3 725171
3 4 936400
4 5 697848
5 6 233519
6 7 189774
7 8 879336
8 9 9578
9 10 186908
10 11 888691
11 12 369137
12 13 912714
13 14 69547
14 15 390970
15 16 860132
16 17 493182
17 18 738536
18 19 703977
19 20 581167
20 21 775798
21 22 692663
22 23 554732
23 24 966270
24 25 142445
25 26 381273
26 27 222748
27 28 126900
28 29 635241
29 30 860775
30 31 908923
31 32 986609
32 33 337593
33 34 508627
34 35 310964
35 36 500363
36 37 225076
37 38 213995
38 39 251421
39 40 479830
40 41 280445
41 42 519639
42 43 524277
43 44 321886
44 45 766466
45 46 901080
46 47 14632
47 48 896234
48 49 421690
49 50 897161
50 51 716104
51 52 153913
52 53 757541
53 54 969247
54 55 489939
55 56 127685
56 57 732494
57 58 46315
58 59 9074
59 60 926980
60 61 935817
61 62 234772
62 63 475893
63 64 451235
64 65 872694
65 66 683998
66 67 30041
67 68 582667
68 69 627454
69 70 269223
70 71 707972
71 72 763807
72 73 595091
73 74 205543
74 75 390021
75 76 133945
76 77 323634
77 78 736365
78 79 297366
79 80 409073
80 81 55969
81 82 658918
82 83 554972
83 84 985816
84 85 324659
85 86 229655
86 87 490019
87 88 485366
88 89 990464
89 90 792288
90 91 130851
91 92 753234
92 93 786672
93 94 999736
94 95 820800
95 96 431080
96 97 522095
97 98 339509
98 99 125251
100 20 38 1110164644
0 1 305892
1 2 119136
2 3 744651
3 4 888681
4 5 429761
5 6 863265
6 7 16951
7 8 342218
8 9 123877
9 10 967259
10 11 913619
11 12 798111
12 13 484228
13 14 974124
14 15 43967
15 16 956607
16 17 712763
17 18 122737
18 19 864358
19 20 640024
20 21 716242
21 22 256765
22 23 602429
23 24 465461
24 25 44219
25 26 810910
26 27 165314
27 28 753720
28 29 282514
29 30 839325
30 31 21055
31 32 855390
32 33 114460
33 34 170108
34 35 701190
35 36 46592
36 37 892938
37 38 265591
38 39 269172
39 40 311630
40 41 963189
41 42 829253
42 43 855023
43 44 191187
44 45 489953
45 46 814039
46 47 748330
47 48 303094
48 49 175803
49 50 849813
50 51 481246
51 52 308788
52 53 954781
53 54 513445
54 55 111248
55 56 699113
56 57 579911
57 58 835494
58 59 515856
59 60 907526
60 61 618341
61 62 714478
62 63 843765
63 64 381721
64 65 562701
65 66 160657
66 67 476579
67 68 520650
68 69 118911
69 70 205467
70 71 430406
71 72 403929
72 73 581413
73 74 255698
74 75 270358
75 76 339043
76 77 909458
77 78 827191
78 79 834835
79 80 361244
80 81 445253
81 82 890819
82 83 287689
83 84 418068
84 85 767460
85 86 449324
86 87 676554
87 88 138484
88 89 481475
89 90 647903
90 91 783416
91 92 844351
92 93 537373
93 94 620037
94 95 627578
95 96 443347
96 97 170391
97 98 421760
98 99 808259
100 36 75 1356966805
0 1 318160
1 2 761869
2 3 796310
3 4 522528
4 5 811752
5 6 590511
6 7 731320
7 8 418220
8 9 636892
9 10 993874
10 11 964855
11 12 697755
12 13 605702
13 14 901784
14 15 699081
15 16 296432
16 17 412939
17 18 848695
18 19 631248
19 20 221098
20 21 868251
21 22 207493
22 23 781657
23 24 377601
24 25 864045
25 26 845037
26 27 208217
27 28 451176
28 29 92293
29 30 770297
30 31 468080
31 32 766731
32 33 999920
33 34 678408
34 35 654503
35 36 932752
36 37 528388
37 38 867094
38 39 600947
39 40 574359
40 41 998499
41 42 205112
42 43 98545
43 44 1788
44 45 570358
45 46 110879
46 47 685738
47 48 870353
48 49 627763
49 50 298258
50 51 546958
51 52 371110
52 53 979352
53 54 470198
54 55 296954
55 56 703619
56 57 68975
57 58 591815
58 59 140276
59 60 162858
60 61 380491
61 62 990686
62 63 347883
63 64 347799
64 65 777543
65 66 523114
66 67 930233
67 68 765249
68 69 466379
69 70 399161
70 71 134114
71 72 73880
72 73 498888
73 74 874926
74 75 687444
75 76 973447
76 77 82616
77 78 747529
78 79 459495
79 80 405361
80 81 484641
81 82 707300
82 83 833628
83 84 337269
84 85 565713
85 86 439218
86 87 787040
87 88 401707
88 89 734048
89 90 433408
90 91 270727
91 92 738854
92 93 483187
93 94 794294
94 95 538003
95 96 514289
96 97 651188
97 98 87060
98 99 740012
100 90 91 1027709930
0 1 399974
1 2 720399
2 3 541676
3 4 738387
4 5 965248
5 6 534555
6 7 229101
7 8 742072
8 9 100449
9 10 735341
10 11 257590
11 12 447246
12 13 200731
13 14 766324
14 15 849891
15 16 12571
16 17 294058
17 18 636184
18 19 317088
19 20 212921
20 21 627891
21 22 106555
22 23 189469
23 24 226850
24 25 639175
25 26 399161
26 27 15576
27 28 416934
28 29 125407
29 30 837545
30 31 74777
31 32 44977
32 33 971487
33 34 516763
34 35 958831
35 36 511560
36 37 270357
37 38 355993
38 39 485621
39 40 246794
40 41 9656
41 42 547880
42 43 156945
43 44 214192
44 45 484523
45 46 928902
46 47 722929
47 48 24206
48 49 658745
49 50 276587
50 51 577742
51 52 54802
52 53 526872
53 54 562762
54 55 945514
55 56 598466
56 57 984168
57 58 470926
58 59 633683
59 60 514240
60 61 747187
61 62 50527
62 63 708064
63 64 352775
64 65 155180
65 66 36764
66 67 358192
67 68 867116
68 69 962354
69 70 369889
70 71 276912
71 72 584479
72 73 978635
73 74 730176
74 75 481363
75 76 434409
76 77 603435
77 78 619017
78 79 112921
79 80 424046
80 81 741356
81 82 562947
82 83 279242
83 84 69994
84 85 553237
85 86 342834
86 87 214394
87 88 834677
88 89 403734
89 90 150481
90 91 626628
91 92 933889
92 93 479431
93 94 46231
94 95 997073
95 96 827928
96 97 466030
97 98 237812
98 99 803792
100 12 92 1604716033
0 1 400317
1 2 878040
2 3 108219
3 4 201622
4 5 893596
5 6 444314
6 7 355132
7 8 943518
8 9 107772
9 10 617241
10 11 205669
11 12 418690
12 13 711926
13 14 995938
14 15 617675
15 16 938516
16 17 559148
17 18 724508
18 19 452016
19 20 199266
20 21 771148
21 22 270154
22 23 422333
23 24 284464
24 25 411597
25 26 144325
26 27 881156
27 28 740353
28 29 802159
29 30 824388
30 31 301062
31 32 89805
32 33 32828
33 34 975509
34 35 934696
35 36 643401
36 37 608843
37 38 819235
38 39 594621
39 40 865508
40 41 909561
41 42 852336
42 43 970689
43 44 14149
44 45 368495
45 46 686297
46 47 938586
47 48 66704
48 49 698529
49 50 466647
50 51 148951
51 52 105696
52 53 775051
53 54 331194
54 55 651058
55 56 24908
56 57 306100
57 58 574125
58 59 187536
59 60 992291
60 61 840492
61 62 997303
62 63 819901
63 64 836977
64 65 972047
65 66 851446
66 67 896625
67 68 302394
68 69 835521
69 70 725667
70 71 168719
71 72 581756
72 73 751921
73 74 959570
74 75 23331
75 76 796079
76 77 536600
77 78 278832
78 79 284577
79 80 832133
80 81 836025
81 82 815749
82 83 627179
83 84 119404
84 85 938848
85 86 817586
86 87 338377
87 88 647816
88 89 581989
89 90 649650
90 91 206639
91 92 511676
92 93 975912
93 94 39066
94 95 912124
95 96 202400
96 97 730004
97 98 364378
98 99 11127
100 47 74 1249317246
0 1 309586
1 2 377093
2 3 865731
3 4 420384
4 5 702569
5 6 109982
6 7 25999
7 8 986055
8 9 441793
9 10 578836
10 11 258451
11 12 735495
12 13 800267
13 14 21733
14 15 165548
15 16 818065
16 17 917728
17 18 233223
18 19 851137
19 20 259697
20 21 203908
21 22 27177
22 23 458242
23 24 97164
24 25 268260
25 26 686455
26 27 161131
27 28 641953
28 29 599066
29 30 977493
30 31 10752
31 32 41546
32 33 895142
33 34 436513
34 35 231505
35 36 155066
36 37 521268
37 38 684594
38 39 961397
39 40 881597
40 41 69786
41 42 749725
42 43 713744
43 44 440189
44 45 952984
45 46 355500
46 47 41614
47 48 909945
48 49 262487
49 50 268647
50 51 207591
51 52 504013
52 53 694061
53 54 817805
54 55 637915
55 56 426542
56 57 566613
57 58 459481
58 59 861749
59 60 623149
60 61 123769
61 62 817343
62 63 920906
63 64 991793
64 65 813929
65 66 458925
66 67 349944
67 68 89407
68 69 738467
69 70 477325
70 71 387177
71 72 361971
72 73 658699
73 74 736575
74 75 288207
75 76 74694
76 77 954929
77 78 652257
78 79 268647
79 80 756616
80 81 661584
81 82 841288
82 83 27320
83 84 327332
84 85 370570
85 86 461638
86 87 761043
87 88 480224
88 89 560303
89 90 14756
90 91 358610
91 92 424220
92 93 136757
93 94 128102
94 95 411162
95 96 168208
96 97 191358
97 98 896268
98 99 222171
100 47 94 1398307624
0 1 661196
1 2 770505
2 3 346229
3 4 297435
4 5 979441
5 6 96963
6 7 335543
7 8 847331
8 9 614615
9 10 612702
10 11 652137
11 12 55052
12 13 864532
13 14 120983
14 15 358268
15 16 622837
16 17 223945
17 18 738562
18 19 684241
19 20 635192
20 21 323489
21 22 144398
22 23 286189
23 24 988651
24 25 759377
25 26 814790
26 27 430787
27 28 505500
28 29 567576
29 30 413580
30 31 744111
31 32 817362
32 33 483966
33 34 341662
34 35 651703
35 36 727824
36 37 703318
37 38 4755
38 39 494090
39 40 576531
40 41 669309
41 42 355868
42 43 918338
43 44 34897
44 45 3290
45 46 267205
46 47 881891
47 48 421049
48 49 114974
49 50 788915
50 51 659995
51 52 301751
52 53 891075
53 54 731748
54 55 772738
55 56 484910
56 57 232527
57 58 953588
58 59 569881
59 60 933950
60 61 167824
61 62 301204
62 63 323917
63 64 398013
64 65 938526
65 66 994707
66 67 999794
67 68 622207
68 69 64605
69 70 142615
70 71 523977
71 72 849169
72 73 209786
73 74 922530
74 75 90300
75 76 685367
76 77 896683
77 78 182927
78 79 142303
79 80 544755
80 81 336754
81 82 853971
82 83 35887
83 84 740799
84 85 650840
85 86 190462
86 87 709780
87 88 147279
88 89 544371
89 90 6009
90 91 448480
91 92 245201
92 93 73378
93 94 189320
94 95 790670
95 96 756910
96 97 490573
97 98 916807
98 99 649734
100 84 98 1370640855
0 1 804245
1 2 890172
2 3 259310
3 4 270607
4 5 268727
5 6 61279
6 7 39655
7 8 447316
8 9 6415
9 10 445442
10 11 436516
11 12 380995
12 13 866027
13 14 751856
14 15 26687
15 16 503740
16 17 811842
17 18 361709
18 19 958942
19 20 812535
20 21 356023
21 22 409590
22 23 87471
23 24 25671
24 25 793621
25 26 57476
26 27 309163
27 28 292379
28 29 965778
29 30 195915
30 31 406100
31 32 991610
32 33 792654
33 34 426485
34 35 111864
35 36 204420
36 37 235410
37 38 963817
38 39 444525
39 40 914613
40 41 403412
41 42 44424
42 43 318869
43 44 229219
44 45 685295
45 46 258987
46 47 937369
47 48 129213
48 49 594925
49 50 820648
50 51 190384
51 52 28363
52 53 142782
53 54 499020
54 55 354134
55 56 841970
56 57 903616
57 58 433760
58 59 696407
59 60 48623
60 61 791159
61 62 735591
62 63 885187
63 64 330777
64 65 683667
65 66 986331
66 67 109881
67 68 960673
68 69 236271
69 70 856628
70 71 580702
71 72 445202
72 73 567757
73 74 81763
74 75 384932
75 76 388819
76 77 201884
77 78 82896
78 79 97030
79 80 59234
80 81 575092
81 82 444257
82 83 814664
83 84 895000
84 85 115415
85 86 730549
86 87 674617
87 88 408553
88 89 562799
89 90 147490
90 91 885618
91 92 165538
92 93 430036
93 94 729916
94 95 348949
95 96 397611
96 97 580869
97 98 50767
98 99 450768
100 49 63 909936528
0 1 98330
1 2 641675
2 3 41115
3 4 272563
4 5 641586
5 6 340594
6 7 528082
7 8 741631
8 9 694437
9 10 700362
10 11 694456
11 12 983928
12 13 90502
13 14 627132
14 15 917792
15 16 377422
16 17 819702
17 18 611723
18 19 538884
19 20 496361
20 21 177371
21 22 873493
22 23 345226
23 24 38315
24 25 850538
25 26 272913
26 27 395203
27 28 581169
28 29 661534
29 30 748049
30 31 176168
31 32 902928
32 33 33664
33 34 482879
34 35 271838
35 36 634905
36 37 355871
37 38 275233
38 39 314993
39 40 637271
40 41 47447
41 42 768662
42 43 684377
43 44 732813
44 45 956492
45 46 696919
46 47 445177
47 48 91322
48 49 900205
49 50 527737
50 51 52829
51 52 339990
52 53 368563
53 54 410536
54 55 949753
55 56 742292
56 57 777249
57 58 903595
58 59 71854
59 60 134048
60 61 537219
61 62 210852
62 63 603014
63 64 814560
64 65 597041
65 66 560270
66 67 71477
67 68 599157
68 69 772490
69 70 338239
70 71 288984
71 72 598264
72 73 749243
73 74 976613
74 75 555767
75 76 30143
76 77 631480
77 78 2891
78 79 839812
79 80 530007
80 81 519423
81 82 718675
82 83 40538
83 84 4169
84 85 348378
85 86 291578
86 87 842688
87 88 674583
88 89 592922
89 90 302232
90 91 970662
91 92 684349
92 93 750366
93 94 984671
94 95 189413
95 96 777650
96 97 762316
97 98 922074
98 99 857793
100 5 23 1495829320
0 1 345319
1 2 200964
2 3 949170
3 4 899353
4 5 220657
5 6 957871
6 7 668714
7 8 638966
8 9 403998
9 10 486598
10 11 855116
11 12 745464
12 13 616348
13 14 347489
14 15 505967
15 16 611116
16 17 291904
17 18 958611
18 19 286263
19 20 359738
20 21 900426
21 22 162536
22 23 493648
23 24 764450
24 25 865700
25 26 406374
26 27 249970
27 28 280577
28 29 304225
29 30 245709
30 31 654877
31 32 486219
32 33 45312
33 34 852248
34 35 671260
35 36 786191
36 37 913063
37 38 148476
38 39 71108
39 40 344568
40 41 251626
41 42 158566
42 43 646963
43 44 780232
44 45 507587
45 46 709631
46 47 561555
47 48 504989
48 49 942233
49 50 342120
50 51 862550
51 52 885038
52 53 316603
53 54 591424
54 55 964345
55 56 489932
56 57 364516
57 58 861659
58 59 309507
59 60 61859
60 61 682102
61 62 327754
62 63 310340
63 64 779832
64 65 275457
65 66 51863
66 67 30744
67 68 304810
68 69 691067
69 70 255943
70 71 29284
71 72 377970
72 73 403974
73 74 955800
74 75 710677
75 76 241381
76 77 438575
77 78 160322
78 79 635749
79 80 938222
80 81 624554
81 82 516472
82 83 143319
83 84 78806
84 85 409689
85 86 206118
86 87 746424
87 88 205822
88 89 816836
89 90 497137
90 91 285406
91 92 823201
92 93 730656
93 94 228156
94 95 162538
95 96 138837
96 97 473802
97 98 569503
98 99 607047
100 15 38 1227411021
0 1 652778
1 2 549252
2 3 31763
3 4 27579
4 5 614290
5 6 89837
6 7 302079
7 8 164619
8 9 86854
9 10 31935
10 11 649364
11 12 930273
12 13 377948
13 14 720594
14 15 619395
15 16 113785
16 17 31918
17 18 532120
18 19 177445
19 20 375114
20 21 688036
21 22 399835
22 23 715838
23 24 183108
24 25 992431
25 26 293569
26 27 353404
27 28 970257
28 29 351497
29 30 640586
30 31 703863
31 32 982
32 33 16503
33 34 987150
34 35 862320
35 36 266161
36 37 44809
37 38 886016
38 39 86163
39 40 898362
40 41 747350
41 42 990767
42 43 546807
43 44 981123
44 45 701826
45 46 996482
46 47 645722
47 48 762394
48 49 369338
49 50 371705
50 51 501927
51 52 32388
52 53 564468
53 54 694000
54 55 324273
55 56 566145
56 57 999602
57 58 561117
58 59 689079
59 60 687372
60 61 948989
61 62 502799
62 63 518048
63 64 56090
64 65 1771
65 66 724719
66 67 430398
67 68 832279
68 69 2331
69 70 467584
70 71 409421
71 72 869422
72 73 103093
73 74 486815
74 75 585522
75 76 702080
76 77 424172
77 78 760389
78 79 171261
79 80 536169
80 81 392637
81 82 611074
82 83 56041
83 84 586751
84 85 313583
85 86 583426
86 87 730841
87 88 90388
88 89 632595
89 90 218249
90 91 991707
91 92 518641
92 93 863108
93 94 406008
94 95 872294
95 96 847579
96 97 981157
97 98 441863
98 99 546717
100 54 64 968045272
0 1 600395
1 2 922184
2 3 830338
3 4 169903
4 5 511590
5 6 234613
6 7 699448
7 8 738492
8 9 523469
9 10 64453
10 11 442455
11 12 524818
12 13 906636
13 14 529309
14 15 153909
15 16 570798
16 17 879253
17 18 79197
18 19 465204
19 20 76324
20 21 276167
21 22 828896
22 23 920509
23 24 59620
24 25 817192
25 26 154810
26 27 952774
27 28 201399
28 29 192684
29 30 768442
30 31 607374
31 32 667201
32 33 271725
33 34 51367
34 35 850333
35 36 634750
36 37 265074
37 38 687365
38 39 826119
39 40 381062
40 41 271978
41 42 722703
42 43 716967
43 44 902986
44 45 452528
45 46 539900
46 47 519398
47 48 786710
48 49 52486
49 50 833019
50 51 104115
51 52 459919
52 53 860251
53 54 304376
54 55 702665
55 56 855477
56 57 194823
57 58 419159
58 59 871598
59 60 484831
60 61 672844
61 62 430902
62 63 307504
63 64 959619
64 65 363220
65 66 140845
66 67 273256
67 68 698285
68 69 974391
69 70 834382
70 71 982392
71 72 415684
72 73 559795
73 74 451494
74 75 952334
75 76 131786
76 77 213492
77 78 59260
78 79 39969
79 80 346
80 81 330380
81 82 515983
82 83 172080
83 84 299562
84 85 388409
85 86 318042
86 87 342920
87 88 933704
88 89 618915
89 90 718481
90 91 782268
91 92 448415
92 93 593820
93 94 892771
94 95 394284
95 96 607089
96 97 492896
97 98 977719
98 99 257664
100 11 92 1265888821
0 1 329836
1 2 209622
2 3 162889
3 4 326572
4 5 355564
5 6 35378
6 7 32249
7 8 710142
8 9 615686
9 10 39578
10 11 703302
11 12 843961
12 13 289740
13 14 955220
14 15 790527
15 16 289638
16 17 639769
17 18 508672
18 19 636699
19 20 489673
20 21 176913
21 22 340822
22 23 60797
23 24 485282
24 25 781219
25 26 13546
26 27 807472
27 28 473320
28 29 874952
29 30 7337
30 31 203755
31 32 234957
32 33 616835
33 34 598171
34 35 427084
35 36 379326
36 37 823072
37 38 627680
38 39 28446
39 40 457442
40 41 84150
41 42 185717
42 43 654356
43 44 32920
44 45 780711
45 46 290414
46 47 185805
47 48 548155
48 49 155229
49 50 95099
50 51 35024
51 52 499487
52 53 779148
53 54 604069
54 55 496591
55 56 45522
56 57 983605
57 58 198095
58 59 392613
59 60 837534
60 61 312478
61 62 52919
62 63 599130
63 64 252099
64 65 122332
65 66 425012
66 67 580891
67 68 31999
68 69 8011
69 70 597687
70 71 89156
71 72 86343
72 73 827281
73 74 373068
74 75 153176
75 76 906317
76 77 122977
77 78 259992
78 79 641668
79 80 131898
80 81 137715
81 82 638490
82 83 386658
83 84 732082
84 85 779471
85 86 735915
86 87 177073
87 88 262613
88 89 883713
89 90 917760
90 91 933023
91 92 541433
92 93 278691
93 94 897188
94 95 250945
95 96 110899
96 97 230232
97 98 921088
98 99 940631
100 42 70 1286490019
0 1 375563
1 2 464206
2 3 805047
3 4 30974
4 5 451376
5 6 781687
6 7 902105
7 8 814129
8 9 199684
9 10 133122
10 11 251517
11 12 359740
12 13 967216
13 14 809315
14 15 605751
15 16 429705
16 17 94276
17 18 895880
18 19 100840
19 20 964828
20 21 544957
21 22 722011
22 23 257590
23 24 944273
24 25 684225
25 26 301052
26 27 243414
27 28 447393
28 29 158944
29 30 592713
30 31 187076
31 32 533275
32 33 192786
33 34 891543
34 35 871559
35 36 833516
36 37 472828
37 38 126007
38 39 553711
39 40 994074
40 41 393645
41 42 542132
42 43 803160
43 44 196930
44 45 305114
45 46 192210
46 47 678631
47 48 397855
48 49 951144
49 50 182798
50 51 795017
51 52 184900
52 53 107424
53 54 43042
54 55 476984
55 56 246622
56 57 811258
57 58 349567
58 59 725175
59 60 799668
60 61 713301
61 62 36818
62 63 830035
63 64 703209
64 65 759674
65 66 289729
66 67 827618
67 68 737078
68 69 678174
69 70 569453
70 71 481669
71 72 620338
72 73 229278
73 74 809904
74 75 144551
75 76 434124
76 77 417154
77 78 168926
78 79 737277
79 80 706828
80 81 202620
81 82 534597
82 83 383685
83 84 742615
84 85 133608
85 86 355246
86 87 431177
87 88 635690
88 89 491915
89 90 989403
90 91 808219
91 92 954844
92 93 218838
93 94 245129
94 95 295448
95 96 642334
96 97 759970
97 98 401965
98 99 110823
100 54 58 797836904
0 1 569785
1 2 646810
2 3 703415
3 4 693269
4 5 384456
5 6 174777
6 7 659398
7 8 427879
8 9 236121
9 10 317233
10 11 988641
11 12 736078
12 13 89980
13 14 529270
14 15 516660
15 16 178208
16 17 941128
17 18 34518
18 19 646805
19 20 187697
20 21 368545
21 22 541111
22 23 19013
23 24 720653
24 25 119476
25 26 587610
26 27 685100
27 28 72891
28 29 743415
29 30 70748
30 31 717982
31 32 909753
32 33 858219
33 34 908146
34 35 16666
35 36 819012
36 37 465308
37 38 349866
38 39 14663
39 40 560975
40 41 568477
41 42 669486
42 43 151286
43 44 491784
44 45 373069
45 46 945985
46 47 661669
47 48 419736
48 49 918
49 50 748673
50 51 889208
51 52 867489
52 53 947818
53 54 351013
54 55 527104
55 56 326016
56 57 379975
57 58 235903
58 59 837749
59 60 934666
60 61 46706
61 62 31801
62 63 288701
63 64 765584
64 65 786941
65 66 827801
66 67 310565
67 68 462172
68 69 676994
69 70 330878
70 71 879076
71 72 841716
72 73 985830
73 74 126882
74 75 680092
75 76 798100
76 77 762393
77 78 80535
78 79 3610
79 80 440629
80 81 715475
81 82 225740
82 83 158227
83 84 128522
84 85 764822
85 86 717064
86 87 689703
87 88 559615
88 89 839216
89 90 704427
90 91 257504
91 92 649850
92 93 761207
93 94 66161
94 95 405745
95 96 478812
96 97 613772
97 98 982704
98 99 984568
