cc61ad56a4797fb3f5c9529f73ce6fcedd85669b
20
150 86 132 37824737
60 86 517251
60 73 891
10 73 186
10 143 716
78 143 381
66 78 59
66 146 775
115 146 497
42 115 464
42 72 736
72 140 216
71 140 37
41 71 560
41 96 600
80 96 740
75 80 969
75 109 386
56 109 89
46 56 607
3 46 202
3 29 7
29 30 36
30 139 854
27 139 245
27 145 952
92 145 756
92 127 154
76 127 107
76 132 855232
65 86 844
77 86 241
65 120 645
77 122 445
60 61 52
60 133 407
61 64 693
64 126 712
73 111 443
20 111 608
52 111 225
52 129 242
10 37 241
6 10 175
37 103 760
37 68 221
90 143 978
38 143 553
54 90 150
38 104 363
25 78 983
78 148 208
25 113 541
113 118 292
23 66 142
63 66 521
23 144 806
63 117 53
88 146 964
74 146 116
88 131 730
74 105 665
62 115 393
101 115 764
21 115 749
98 101 85
42 69 603
42 44 312
69 147 972
69 112 208
17 72 865
72 141 509
17 85 392
138 141 958
84 140 385
26 140 652
102 140 521
51 140 645
34 71 249
71 93 620
34 67 914
34 130 139
41 43 352
18 43 21
13 43 933
13 125 787
31 96 501
31 110 92
31 55 459
55 95 530
45 80 990
36 80 854
80 99 407
36 106 565
49 75 193
35 75 698
5 35 576
35 97 184
109 123 158
39 109 508
12 123 659
39 134 316
56 82 658
56 70 966
82 83 677
70 149 146
8 46 604
19 46 293
8 48 515
48 137 271
3 11 810
3 91 264
3 135 635
11 79 468
29 114 596
29 142 503
29 124 261
47 142 52
1 30 639
30 136 618
1 59 732
59 116 72
4 139 138
15 139 19
15 108 953
15 22 550
27 87 580
27 100 533
57 87 794
57 121 949
33 145 330
16 145 803
2 33 916
33 89 860
7 92 780
7 107 992
7 94 55
28 107 814
58 127 993
0 58 733
0 81 258
9 81 676
53 76 718
14 53 82
53 119 374
32 53 894
24 132 985
128 132 656
40 132 376
24 50 539
150 44 143 50472315
19 143 886975
19 61 345
61 75 291
65 75 622
65 84 323
84 103 537
39 103 112
39 135 400
14 135 132
14 22 34
22 55 837
55 134 968
32 134 122
27 32 793
9 27 907
9 54 80
54 149 92
5 149 852
5 125 181
106 125 860
86 106 89
86 112 933
112 142 273
48 142 193
46 48 517
46 108 62
108 127 302
13 127 352
13 44 594463
42 143 458
59 143 69
45 143 44
42 110 691
17 19 17
17 113 266
17 126 579
17 68 252
37 61 596
61 78 297
16 37 335
37 57 435
47 75 506
75 101 706
67 75 397
2 47 518
10 65 386
65 147 180
40 65 444
25 40 309
77 84 409
84 117 908
58 117 770
58 138 606
36 103 656
8 36 177
8 122 278
4 122 983
39 97 387
11 39 938
39 104 838
35 97 871
38 135 898
135 144 773
135 140 73
30 135 373
14 118 731
64 118 841
64 129 574
129 137 926
22 94 548
94 146 228
23 94 298
23 111 210
55 74 893
55 105 84
55 133 516
55 89 383
130 134 875
121 130 905
56 121 868
56 124 443
32 49 117
21 32 768
32 87 14
32 72 13
27 145 713
27 76 250
27 73 860
66 145 969
9 132 471
9 15 921
9 63 469
132 148 775
43 54 420
52 54 703
52 128 698
92 128 792
24 149 320
0 149 522
24 99 107
99 123 675
5 81 903
5 139 300
81 83 880
81 95 48
88 125 250
51 125 542
80 88 536
12 88 914
106 119 550
28 106 600
60 106 494
6 119 907
85 86 211
82 86 279
85 91 253
91 96 871
18 112 510
112 116 19
1 112 491
93 116 985
34 142 422
7 142 842
136 142 138
79 142 886
48 98 441
41 98 836
26 98 366
33 98 118
46 71 863
29 46 750
46 62 739
53 71 242
108 109 69
3 109 672
107 109 576
107 115 352
90 127 130
100 127 247
102 127 923
20 90 416
13 131 581
13 114 890
13 120 67
114 141 55
44 50 427
44 70 630
50 69 472
31 50 115
150 62 146 70548949
28 62 695366
28 111 479
16 111 903
16 43 235
43 144 84
102 144 948
102 137 801
33 137 823
33 34 799
34 42 966
42 92 64
92 97 160
97 131 944
94 131 65
41 94 469
41 114 897
107 114 735
107 142 435
142 143 771
118 143 4
90 118 602
72 90 510
64 72 697
64 68 713
68 96 885
60 96 933
60 139 212
126 139 141
126 146 887814
62 67 597
62 100 825
62 115 319
40 100 3
28 120 716
28 93 944
7 93 418
7 75 328
111 123 853
37 123 142
63 123 906
122 123 12
16 95 430
16 51 28
16 27 330
95 147 138
43 65 462
25 43 262
0 43 527
43 140 105
98 144 994
14 98 700
98 105 704
55 98 38
56 102 803
39 56 509
56 84 741
82 84 761
10 137 669
127 137 853
74 137 154
10 13 351
33 134 351
70 134 918
71 134 344
104 134 57
34 54 481
29 34 587
34 125 299
32 54 612
42 86 593
26 42 741
42 83 804
83 110 468
50 92 468
59 92 442
9 50 288
9 66 451
38 97 770
76 97 272
76 78 957
78 103 807
81 131 249
53 131 621
18 131 51
81 124 414
3 94 975
3 48 841
3 35 766
48 109 344
41 73 828
61 73 497
73 130 546
88 130 342
114 132 837
77 114 520
12 132 548
23 77 981
19 107 97
107 108 953
107 138 240
107 145 56
119 142 670
85 119 607
22 85 760
22 24 567
136 143 92
2 143 563
57 143 503
1 2 928
45 118 264
45 69 828
45 148 232
30 69 670
90 135 113
44 90 128
6 90 952
52 135 512
46 72 798
72 80 159
49 72 581
4 72 294
15 64 101
21 64 407
21 99 348
99 121 575
68 79 700
68 112 146
68 89 139
36 79 614
5 96 546
96 128 926
5 20 450
20 116 952
60 113 158
8 113 307
113 133 391
8 91 260
17 139 246
87 139 892
139 141 742
17 31 110
101 126 25
58 101 162
11 101 394
101 149 756
129 146 540
47 146 374
117 129 29
47 106 1000
150 3 94 44802527
3 74 779660
74 138 272
120 138 428
120 149 358
129 149 571
129 147 288
143 147 551
88 143 321
78 88 397
78 108 719
67 108 524
9 67 384
9 109 727
14 109 611
14 20 629
20 126 462
70 126 311
35 70 81
13 35 421
13 148 750
106 148 149
44 106 996
44 87 265
47 87 303
16 47 308
16 79 45
41 79 673
41 117 423
94 117 775333
3 146 513
3 5 451
58 146 681
92 146 433
8 74 443
12 74 900
74 119 305
12 91 591
72 138 588
11 138 176
25 138 618
26 72 851
65 120 914
65 115 919
1 65 685
63 115 555
118 149 331
29 118 12
48 118 840
48 140 685
38 129 511
129 134 265
38 111 762
18 38 935
89 147 355
22 89 248
22 51 206
22 45 727
116 143 590
102 143 275
71 116 843
10 116 935
66 88 86
85 88 898
85 97 964
81 97 45
78 83 675
78 98 873
83 101 332
28 98 10
95 108 58
34 108 608
95 103 95
15 103 115
62 67 306
67 73 585
62 141 463
39 141 551
9 136 802
42 136 850
0 136 269
42 90 980
109 144 719
77 109 536
2 144 328
2 68 994
14 19 874
14 31 879
19 43 688
31 133 549
20 128 511
20 23 481
30 128 99
23 131 38
54 126 758
49 54 805
49 121 411
21 49 618
70 122 117
70 124 254
27 122 916
96 124 272
35 60 242
35 75 501
24 60 875
75 130 814
13 104 949
13 46 87
13 33 43
46 61 775
53 148 171
64 148 603
105 148 237
105 132 454
106 137 867
100 137 920
36 100 412
100 110 493
44 55 827
55 56 492
56 57 668
56 107 702
59 87 499
87 113 265
59 99 125
80 113 1000
47 142 8
47 114 788
86 142 347
4 86 305
16 135 737
16 69 804
37 135 753
37 40 840
32 79 229
7 79 565
76 79 940
32 50 705
41 52 570
41 84 543
52 125 440
125 145 26
117 139 910
127 139 550
6 127 271
6 123 90
82 94 208
17 94 83
82 93 578
17 112 970
150 41 75 94208794
75 77 958092
77 131 329
31 131 989
31 74 794
70 74 557
70 127 633
80 127 862
21 80 697
21 108 499
14 108 562
14 32 119
32 69 412
38 69 362
38 45 292
45 66 609
23 66 909
23 140 425
40 140 884
40 54 735
54 78 463
78 122 599
2 122 850
2 92 543
85 92 808
48 85 534
48 130 363
87 130 639
81 87 329
41 81 652905
16 75 922
75 124 400
16 20 460
124 137 697
77 142 785
136 142 545
65 142 589
53 142 220
58 131 164
91 131 700
29 91 859
91 101 441
31 135 257
31 118 359
86 118 652
118 143 202
74 82 334
74 148 790
76 82 218
63 76 980
70 132 434
70 120 354
0 70 546
62 120 811
127 134 436
126 134 686
71 134 437
12 71 510
34 80 202
34 149 558
46 149 363
72 149 576
21 111 194
21 112 686
17 21 475
21 61 759
56 108 332
6 56 494
56 129 848
6 147 387
14 146 501
14 119 524
79 146 323
30 79 586
24 32 771
32 107 231
32 105 311
32 60 509
25 69 7
51 69 959
25 42 828
51 102 54
38 50 814
38 100 42
8 50 404
8 73 748
39 45 190
45 114 676
15 45 573
39 84 29
66 115 294
115 121 962
121 141 32
113 141 864
23 93 788
23 117 776
88 93 694
88 90 44
5 140 936
96 140 189
104 140 910
3 96 261
40 55 751
40 139 892
55 67 430
67 68 774
28 54 529
37 54 72
13 54 365
54 133 602
64 78 763
36 78 133
26 78 560
43 64 994
52 122 627
99 122 441
122 138 519
52 57 412
2 98 2
2 110 516
110 128 744
1 128 222
89 92 228
19 92 193
92 109 431
10 109 123
85 144 369
83 144 224
18 83 896
18 33 363
48 49 543
49 95 279
35 49 527
59 95 160
27 130 189
97 130 644
44 130 888
4 130 893
87 94 488
87 106 573
106 116 333
47 116 682
7 81 321
11 81 801
9 81 110
9 125 149
41 123 628
41 103 993
22 41 950
123 145 960
150 5 140 94019074
40 140 747425
40 103 150
48 103 925
48 76 477
21 76 869
21 115 282
30 115 338
30 105 829
45 105 164
45 75 195
75 127 876
39 127 256
39 101 550
101 148 23
31 148 780
31 56 241
23 56 384
15 23 853
15 114 341
62 114 49
62 82 707
82 120 190
60 120 661
22 60 937
9 22 801
9 141 627
52 141 635
52 117 175
5 117 965986
125 140 597
16 140 435
46 125 599
69 125 221
33 40 387
40 86 636
40 90 300
3 33 744
6 103 769
6 146 100
6 68 97
61 146 213
48 91 15
7 91 489
55 91 753
18 55 438
63 76 106
76 118 272
27 63 819
11 63 165
21 99 305
13 99 119
78 99 7
13 20 997
38 115 170
38 119 429
38 42 206
42 109 210
14 30 277
30 112 152
14 111 82
112 143 393
105 134 583
32 105 389
88 105 104
49 105 769
45 139 415
19 45 998
45 59 368
108 139 277
75 81 148
54 81 809
81 113 719
41 54 975
94 127 28
79 127 757
10 94 491
58 94 858
39 128 237
39 104 314
2 39 7
93 104 656
101 126 551
70 126 566
121 126 569
25 70 19
106 148 847
130 148 423
106 137 469
17 137 929
31 65 116
31 84 1
35 65 907
29 65 995
56 100 652
37 56 196
51 100 90
97 100 54
23 133 575
44 133 489
124 133 950
124 136 639
15 95 482
95 116 648
95 123 567
95 147 947
64 114 884
114 129 23
64 85 180
64 142 95
62 102 276
62 67 4
8 62 940
0 8 619
53 82 439
36 82 407
36 89 732
36 135 837
120 132 14
73 120 691
96 132 54
43 132 859
60 98 581
98 131 63
92 131 321
92 122 492
22 72 380
22 71 825
28 72 762
24 71 327
9 34 264
34 144 64
107 144 456
74 107 561
83 141 682
4 141 818
83 87 738
87 149 770
26 52 982
50 52 550
26 57 549
50 110 496
117 138 460
66 117 220
1 138 489
1 80 65
5 12 898
5 145 528
12 47 451
47 77 876
150 140 146 46563848
87 146 763070
38 87 746
38 99 153
99 118 490
14 118 303
14 95 359
95 135 383
111 135 704
35 111 941
35 115 413
31 115 271
31 120 441
85 120 654
56 85 282
47 56 801
47 71 662
68 71 712
68 142 715
107 142 571
58 107 354
18 58 485
18 20 433
20 40 712
40 134 709
93 134 190
80 93 689
80 131 577
96 131 301
96 140 512237
32 146 36
32 127 814
32 125 951
125 139 811
87 91 459
39 87 258
91 94 73
94 119 640
38 121 423
2 38 576
38 53 969
2 13 317
92 99 376
99 141 398
92 128 673
62 92 301
118 147 987
118 122 460
110 122 881
122 144 910
14 59 455
59 82 686
29 59 540
59 123 938
45 95 594
12 95 815
45 63 743
12 60 949
67 135 563
1 135 540
9 67 52
1 65 684
3 111 865
3 136 181
3 8 567
129 136 439
35 137 611
24 35 176
100 137 47
48 100 92
75 115 693
30 115 899
41 75 553
10 41 666
22 31 176
31 37 655
7 22 402
5 7 481
28 120 897
54 120 823
28 114 512
114 132 722
85 101 71
85 130 724
34 101 802
34 97 97
56 106 657
56 74 206
106 149 627
46 106 151
26 47 61
26 105 962
26 102 517
105 108 142
49 71 329
49 77 606
21 49 713
21 76 526
68 117 452
68 88 487
68 112 595
16 117 343
79 142 509
42 142 193
79 89 53
42 113 800
6 107 434
72 107 549
27 107 714
61 72 999
58 98 402
58 73 587
98 126 398
55 98 205
18 124 858
57 124 727
64 124 505
57 109 281
20 33 898
33 78 503
51 78 659
11 51 457
25 40 344
40 43 67
40 86 937
4 25 35
36 134 27
103 134 866
134 143 630
138 143 719
93 133 409
50 93 858
50 83 428
50 66 162
44 80 56
69 80 410
19 80 192
0 44 555
52 131 271
17 131 272
52 84 163
84 116 840
96 148 741
81 148 111
70 148 819
23 70 449
104 140 616
90 140 528
15 104 529
90 145 139
150 2 56 55475323
2 8 599894
8 91 498
3 91 502
3 19 262
19 146 696
37 146 78
37 65 57
65 87 495
87 116 937
40 116 621
40 104 443
93 104 57
7 93 110
7 67 103
67 88 238
88 96 544
96 123 14
90 123 744
20 90 573
20 81 757
49 81 954
49 130 634
58 130 133
58 137 96
137 145 363
109 145 240
80 109 21
80 108 111
56 108 746398
2 120 933
2 71 132
2 10 74
120 124 222
8 61 183
8 126 283
8 43 292
45 61 192
91 136 507
91 127 828
62 91 10
14 136 11
3 125 152
3 149 80
119 125 699
32 149 139
19 50 85
50 103 136
86 103 955
69 103 717
114 146 383
51 146 11
47 114 179
1 114 471
37 75 807
75 78 473
75 121 247
16 78 824
65 83 265
17 83 600
83 132 117
17 113 486
41 87 125
66 87 55
66 85 532
30 66 799
68 116 345
15 68 622
5 68 843
5 64 1
40 143 427
40 99 865
40 48 621
115 143 175
53 104 539
104 140 959
53 55 616
13 53 431
93 111 454
54 93 553
42 93 591
22 54 218
7 12 35
7 100 739
12 29 279
29 94 138
39 67 168
67 101 491
36 39 188
39 46 392
88 122 629
25 88 507
52 122 982
25 27 959
84 96 223
84 138 661
0 84 181
0 112 334
123 135 661
33 135 963
11 135 920
9 135 970
90 147 46
18 90 313
18 95 220
95 102 490
20 72 928
20 129 600
72 82 833
82 118 286
70 81 745
35 81 187
38 70 492
38 128 324
23 49 920
4 49 693
49 133 120
23 28 485
92 130 52
34 130 674
77 92 850
24 34 195
6 58 99
6 89 496
6 131 11
89 107 113
98 137 620
97 137 518
59 98 664
21 97 951
79 145 828
44 79 923
79 148 141
44 110 503
31 109 3
109 141 516
106 109 484
105 109 75
80 144 175
80 134 594
60 144 13
74 144 456
76 108 735
73 108 442
63 73 697
26 73 538
56 57 425
57 142 154
57 117 134
117 139 976
150 13 135 68338266
62 135 706389
62 110 466
55 110 46
55 71 347
71 103 475
89 103 857
72 89 515
38 72 84
38 108 924
57 108 903
30 57 670
30 85 854
85 106 563
82 106 122
82 124 837
78 124 107
78 121 798
81 121 641
81 117 446
102 117 998
4 102 429
4 131 955
29 131 302
2 29 150
2 142 755
130 142 853
100 130 139
15 100 545
13 15 636582
127 135 243
63 135 330
31 63 511
31 67 517
59 62 298
62 123 719
62 129 396
56 59 540
93 110 487
110 112 432
93 133 218
112 144 123
49 55 419
3 55 274
49 118 731
3 114 761
71 99 676
71 87 903
99 101 613
58 99 825
39 103 432
7 103 313
51 103 862
6 39 91
89 109 85
37 89 230
89 122 386
37 65 575
72 137 530
10 72 409
137 141 658
9 10 654
38 94 5
21 38 819
60 94 258
53 94 578
84 108 246
69 108 374
69 113 661
23 113 522
48 57 666
57 90 914
24 48 373
11 90 583
30 33 129
8 30 71
33 132 580
32 132 440
85 91 328
91 143 570
44 91 117
0 143 483
77 106 285
42 77 30
27 77 465
27 28 287
14 82 265
70 82 374
70 128 25
75 128 35
16 124 432
61 124 844
16 41 113
5 16 629
76 78 570
35 76 405
36 76 170
20 35 179
26 121 213
74 121 944
22 26 235
74 116 281
81 120 528
81 126 826
81 134 638
79 120 365
45 117 400
86 117 256
45 96 208
45 146 903
102 139 598
12 102 106
102 125 734
12 149 80
4 43 894
4 98 21
4 46 422
4 83 549
25 131 511
47 131 304
52 131 694
18 47 39
29 66 49
29 68 714
66 140 375
68 136 81
2 148 922
2 17 988
1 148 810
80 148 341
105 142 343
104 142 87
138 142 726
105 145 572
95 130 976
34 130 585
50 130 988
95 107 718
64 100 123
64 73 255
54 64 547
73 97 313
15 40 430
15 88 721
15 119 831
19 40 388
13 115 545
13 111 438
13 147 213
92 147 614
150 28 32 74782144
11 32 990712
11 83 733
20 83 846
20 147 951
139 147 693
121 139 628
35 121 787
35 60 885
60 63 619
63 140 71
80 140 850
29 80 571
3 29 744
3 109 560
101 109 540
101 114 603
50 114 714
50 138 185
81 138 428
46 81 201
46 134 947
76 134 673
76 90 640
90 106 803
66 106 571
66 119 875
88 119 910
88 126 416
28 126 865356
32 70 898
32 56 588
32 48 69
36 70 857
11 116 239
11 143 833
11 53 528
25 143 534
42 83 633
12 83 575
27 42 105
42 104 849
20 67 134
20 54 279
0 20 769
13 67 595
127 147 444
107 147 497
112 127 37
65 112 813
69 139 99
74 139 589
74 142 58
45 74 802
41 121 608
31 121 251
41 117 1000
31 59 352
35 61 962
35 86 525
86 125 491
1 125 597
60 93 687
33 60 473
62 93 184
62 144 207
63 113 479
58 63 581
63 145 821
68 113 104
24 140 215
133 140 62
18 24 104
18 97 751
80 118 750
78 80 689
80 131 487
37 118 636
29 71 723
29 96 518
71 102 326
15 102 688
3 128 443
3 98 127
124 128 206
8 124 843
51 109 870
23 109 832
109 122 34
17 51 930
101 148 387
101 141 88
6 148 121
6 73 744
100 114 119
14 114 47
16 100 263
14 43 743
50 87 952
50 120 147
87 149 623
4 120 346
55 138 79
129 138 162
55 111 705
75 129 85
81 108 256
81 146 314
22 146 731
22 52 495
46 89 931
21 46 709
89 123 899
21 47 717
64 134 974
26 134 626
134 135 78
26 110 695
76 92 608
72 76 663
19 76 254
92 132 510
9 90 438
90 94 541
9 39 223
39 103 953
30 106 689
7 30 841
30 105 8
30 115 570
44 66 861
38 66 788
66 82 339
44 77 871
2 119 761
2 10 94
2 137 855
10 49 670
88 130 989
5 88 734
88 95 714
91 130 68
84 126 518
99 126 922
126 136 983
79 126 278
28 34 708
28 57 248
57 85 85
40 57 463
150 45 61 29627544
61 111 556877
14 111 808
14 95 810
67 95 156
67 89 289
68 89 109
68 100 716
100 130 68
7 130 281
7 147 72
37 147 196
37 47 44
31 47 514
1 31 861
0 1 485
0 23 517
23 118 417
8 118 757
8 57 393
57 113 27
80 113 103
80 97 295
26 97 143
16 26 931
16 75 270
60 75 719
60 88 292
65 88 423
45 65 654439
61 102 662
61 115 386
102 133 373
50 133 654
6 111 220
2 111 148
2 4 400
4 28 23
14 148 812
81 148 403
56 148 952
81 104 507
91 95 372
74 95 913
12 74 725
12 27 971
49 67 482
36 67 709
49 55 484
55 90 62
89 119 653
38 89 771
38 59 969
59 127 272
68 92 820
13 68 604
39 92 712
29 92 295
100 123 765
70 123 373
123 149 65
52 70 491
73 130 750
130 135 449
54 73 654
54 116 368
7 69 782
69 77 68
41 69 47
35 77 775
51 147 772
9 147 42
51 107 503
9 143 381
37 110 982
21 110 468
103 110 872
66 103 185
47 85 923
33 85 627
33 125 889
25 125 570
31 78 376
31 44 713
78 106 413
11 44 177
1 109 933
94 109 173
20 109 816
20 64 490
0 137 72
0 132 574
0 117 301
53 137 430
23 63 952
23 24 394
23 136 261
63 126 9
96 118 523
71 118 1000
15 96 128
15 30 953
8 10 23
10 128 477
10 122 397
79 128 59
17 57 603
57 140 986
17 120 546
86 140 806
22 113 990
22 141 444
42 141 215
112 141 152
80 131 558
76 80 611
80 138 676
62 131 801
72 97 401
34 97 318
72 108 865
72 124 459
26 145 327
82 145 209
18 82 804
18 40 948
16 48 45
43 48 160
48 101 941
101 105 117
75 129 562
46 75 252
83 129 37
58 129 590
60 87 484
3 60 654
60 139 703
3 99 511
88 93 587
88 144 154
84 144 830
32 144 989
19 65 84
5 19 647
19 142 575
114 142 496
45 134 518
45 121 84
45 146 240
98 121 638
150 128 141 30593510
91 128 568876
91 113 71
95 113 862
95 147 616
92 147 636
59 92 638
44 59 249
44 118 343
118 127 83
67 127 942
67 135 128
7 135 525
7 42 172
19 42 821
16 19 445
16 114 196
114 139 284
77 139 889
21 77 859
21 100 406
81 100 845
2 81 707
2 149 998
61 149 859
61 115 721
115 146 989
64 146 928
64 102 634
102 141 875639
55 128 900
24 128 402
48 55 150
20 48 715
90 91 533
17 91 461
91 111 569
18 90 539
106 113 500
12 113 845
43 113 810
41 43 44
6 95 425
95 103 57
6 27 992
27 53 35
88 147 137
8 147 263
72 147 303
8 51 48
62 92 539
92 126 433
62 71 726
62 125 416
59 75 917
75 144 996
45 75 75
45 96 75
44 89 207
44 142 802
39 89 584
39 97 47
107 118 694
109 118 98
86 107 664
36 86 622
112 127 641
101 127 978
14 101 262
63 101 900
47 67 303
67 79 62
52 67 200
40 47 353
66 135 998
33 135 489
32 66 65
26 32 450
7 94 636
7 74 660
10 94 778
10 31 370
42 54 520
30 54 785
30 105 664
30 37 422
19 56 905
19 84 234
56 122 630
50 84 121
16 70 909
1 16 565
16 57 779
1 123 445
0 114 835
114 134 216
130 134 90
25 130 740
99 139 464
23 139 538
99 104 494
104 120 390
22 77 476
77 137 833
46 137 248
93 137 401
5 21 293
21 132 339
5 65 291
5 119 38
100 121 586
58 121 384
13 121 406
13 82 411
81 136 905
3 81 246
136 140 849
85 136 126
2 76 16
76 117 138
76 133 99
117 148 34
87 149 270
108 149 76
60 87 402
35 108 267
61 116 778
116 131 115
38 116 472
80 116 392
11 115 754
11 34 460
11 110 952
11 83 476
68 146 484
15 146 662
9 15 762
15 145 476
29 64 335
64 98 487
28 29 392
28 138 748
102 143 690
78 102 964
73 143 368
4 143 453
69 141 803
49 69 725
49 129 196
124 129 608
150 48 140 30306115
48 124 620885
107 124 197
63 107 854
63 96 870
43 96 873
43 45 379
45 70 39
12 70 601
12 67 196
67 123 446
87 123 410
87 114 907
109 114 674
3 109 347
3 17 488
17 18 508
18 120 673
24 120 984
24 36 732
36 58 128
58 149 674
73 149 518
73 81 91
81 99 414
99 112 143
47 112 201
47 146 77
128 146 749
128 140 792416
48 125 398
28 125 982
60 125 679
60 64 473
124 127 52
82 127 215
108 127 150
108 122 406
1 107 701
1 78 843
1 55 183
55 133 16
6 63 241
21 63 735
63 71 738
71 89 269
68 96 692
56 68 514
68 138 964
68 92 606
9 43 463
43 52 283
9 23 893
23 115 407
34 45 696
45 136 8
45 118 743
34 142 947
41 70 900
70 94 176
40 94 868
75 94 486
12 20 179
12 135 801
20 59 1
59 103 62
67 88 755
65 67 935
8 88 369
76 88 721
62 123 459
101 123 848
123 148 355
0 101 486
87 106 440
42 87 715
42 113 818
33 42 965
114 121 835
51 114 314
38 121 957
27 121 123
72 109 568
72 117 754
46 72 130
46 134 941
3 31 238
3 11 130
31 105 312
31 49 283
17 116 125
17 84 979
80 116 618
35 80 781
18 83 346
83 137 870
83 147 216
86 147 587
53 120 429
120 132 574
91 120 34
98 132 392
2 24 611
24 79 64
24 102 666
79 139 751
15 36 227
36 37 746
26 36 509
26 100 319
54 58 115
58 145 32
54 85 452
14 145 442
44 149 507
90 149 372
7 44 410
90 144 78
73 95 576
39 73 256
77 95 463
95 97 201
81 93 321
81 110 298
93 126 126
69 93 546
99 130 156
16 99 845
99 129 616
130 131 461
13 112 681
13 29 636
5 13 232
29 104 752
47 57 925
32 47 834
47 111 643
10 57 394
4 146 351
4 119 860
50 119 387
50 141 812
74 128 814
61 74 985
61 143 798
66 143 36
30 140 888
25 140 992
19 140 385
22 30 828
150 7 43 76792740
7 46 742233
18 46 991
4 18 638
4 57 226
57 71 908
71 74 194
53 74 611
53 79 175
68 79 560
67 68 324
67 115 398
13 115 480
13 80 729
23 80 204
23 125 666
89 125 697
89 116 228
116 149 943
42 149 873
42 91 476
3 91 841
3 37 343
37 109 73
70 109 752
21 70 356
21 95 710
20 95 200
20 25 612
25 43 945664
7 55 18
12 55 398
12 38 566
38 48 840
0 46 559
0 58 312
0 14 946
58 138 675
18 93 388
9 93 288
9 33 662
33 148 184
4 10 776
4 106 807
10 39 614
10 108 1000
51 57 249
57 132 429
51 129 409
129 147 919
71 83 975
32 71 446
83 102 753
17 83 480
74 139 479
34 74 564
34 62 413
29 62 25
53 98 1
35 98 170
98 113 650
2 35 276
79 104 226
79 84 910
41 84 493
41 130 856
68 110 768
110 124 366
85 110 693
85 111 325
67 94 428
67 73 154
67 82 137
67 96 351
99 115 722
47 115 583
97 99 103
87 97 791
13 112 634
64 112 509
64 128 735
40 128 602
80 122 370
24 80 157
11 122 777
5 122 647
23 120 937
23 77 539
28 77 793
28 54 221
65 125 364
59 125 632
26 125 537
65 121 490
89 142 651
72 89 143
31 89 173
126 142 59
36 116 549
116 118 482
36 45 815
45 123 401
92 149 110
22 149 937
16 92 86
16 114 214
27 42 143
42 143 705
27 145 547
78 143 314
91 101 141
91 127 132
101 141 538
105 127 800
3 56 200
3 75 649
56 90 448
90 140 995
37 88 813
88 103 516
30 103 360
19 30 227
86 109 826
109 131 629
63 109 441
60 86 113
70 107 128
70 134 531
70 133 264
119 134 720
21 61 299
21 117 979
21 49 561
21 100 575
95 135 891
76 135 309
66 135 454
15 66 61
20 44 326
44 146 369
69 146 997
69 144 951
25 136 539
50 136 861
136 137 733
6 50 829
43 81 840
8 81 72
1 81 228
52 81 900
150 90 107 73182952
101 107 958539
27 101 840
2 27 17
2 62 529
62 94 738
94 95 237
4 95 663
4 83 443
74 83 44
0 74 164
0 114 240
114 124 922
124 137 836
137 138 132
129 138 527
81 129 271
52 81 447
52 145 458
9 145 78
9 71 502
71 85 831
85 135 344
118 135 971
96 118 477
1 96 237
1 22 281
22 120 70
7 120 675
7 90 601917
107 109 363
35 107 51
18 109 78
17 109 800
47 101 920
26 101 626
47 69 175
26 63 195
27 148 211
27 100 362
21 148 937
86 148 916
2 67 434
2 11 955
2 30 583
67 68 739
62 65 84
62 116 692
65 92 535
28 65 664
94 149 894
94 130 778
94 127 313
50 149 642
95 144 200
95 123 518
6 95 410
60 144 331
4 139 488
4 91 681
75 139 671
42 75 980
83 105 453
14 83 202
80 83 764
14 49 957
32 74 661
74 122 45
32 45 324
32 121 921
0 115 822
0 39 901
111 115 104
113 115 297
48 114 575
48 147 521
24 147 781
24 141 716
110 124 311
15 124 530
124 128 878
31 110 752
137 146 612
13 137 218
37 137 364
70 137 40
44 138 756
43 138 368
54 138 431
44 133 671
117 129 103
36 129 28
40 129 714
36 61 846
81 104 338
104 106 576
10 104 372
98 106 199
52 126 876
52 140 98
34 52 182
140 143 96
72 145 3
132 145 8
3 72 427
64 132 481
9 88 47
20 88 65
88 134 573
112 134 871
55 71 333
71 79 747
58 71 883
29 79 807
84 85 820
85 89 85
84 93 553
23 89 466
8 135 267
8 46 21
46 59 670
59 77 142
5 118 631
78 118 568
118 119 363
5 57 825
96 142 569
87 142 409
97 142 806
25 97 85
1 99 285
12 99 74
12 41 862
12 136 597
22 53 299
22 108 60
22 76 863
51 76 184
102 120 361
38 102 396
33 102 855
38 66 549
7 19 901
16 19 889
19 73 930
16 82 678
90 103 663
103 131 474
56 103 88
56 125 478
150 33 143 55677266
33 127 838598
89 127 949
58 89 957
58 101 117
101 144 614
3 144 208
3 35 200
35 121 851
121 136 851
69 136 825
69 86 652
86 126 732
43 126 255
43 131 54
27 131 290
27 133 90
88 133 32
37 88 164
10 37 767
10 129 922
20 129 911
20 149 398
146 149 79
51 146 609
51 120 741
50 120 877
21 50 481
21 90 127
90 143 547548
33 116 469
33 113 818
33 110 367
66 116 656
127 145 165
117 127 585
57 127 805
14 117 509
89 95 624
89 106 658
89 104 627
89 137 272
53 58 276
58 61 474
39 53 882
29 61 373
28 101 135
28 65 833
18 28 532
65 130 263
125 144 696
11 144 388
8 125 10
8 25 115
2 3 950
3 73 442
3 94 33
67 94 361
35 111 935
35 74 970
35 70 707
93 111 306
97 121 202
22 121 850
97 140 195
64 140 761
36 136 660
136 139 12
99 136 176
36 87 729
69 77 861
1 69 709
77 148 883
42 77 592
5 86 611
55 86 751
5 124 916
32 124 566
9 126 813
9 141 78
9 68 188
45 68 859
23 43 385
23 47 41
47 49 731
40 49 299
60 131 893
131 135 402
54 131 790
41 60 330
16 27 472
16 122 954
16 128 34
114 122 343
80 133 73
80 98 853
80 84 389
98 100 17
48 88 750
81 88 787
88 96 70
96 103 877
24 37 917
34 37 971
24 46 618
46 79 509
10 71 885
10 105 689
10 31 331
44 71 565
108 129 141
108 118 422
62 108 747
82 108 349
20 138 43
20 123 656
7 20 462
13 138 286
83 149 998
52 83 877
83 92 990
52 134 606
4 146 995
107 146 804
72 146 43
102 107 983
51 63 27
0 51 866
26 63 145
63 119 435
85 120 194
120 147 829
76 85 704
6 85 395
50 78 23
50 75 418
50 112 34
30 75 824
21 91 282
21 109 81
12 109 334
12 59 905
19 90 648
90 142 557
38 90 984
19 56 209
132 143 17
115 132 322
15 132 627
17 115 412
150 81 124 63495707
29 81 999417
29 133 522
19 133 732
19 93 724
93 129 404
47 129 312
18 47 962
18 33 913
15 33 386
4 15 256
4 147 653
101 147 234
54 101 543
54 118 671
103 118 41
22 103 639
17 22 491
17 36 394
5 36 168
5 34 972
0 34 229
0 66 28
66 68 671
56 68 744
56 106 512
25 106 127
25 60 246
60 148 714
124 148 998364
81 86 980
75 86 405
86 97 394
75 127 320
29 31 121
13 29 594
29 37 274
31 108 306
73 133 398
96 133 246
11 133 273
96 113 839
19 65 840
19 134 989
19 128 811
65 74 543
93 119 527
62 93 346
53 119 957
53 88 437
123 129 130
89 129 959
123 137 703
57 89 293
8 47 253
47 52 125
8 94 170
52 142 592
18 39 385
18 59 609
18 23 964
59 95 533
7 33 35
7 126 834
7 92 562
58 126 348
15 143 171
15 80 430
91 143 911
21 91 992
4 16 758
4 132 70
122 132 183
14 122 663
44 147 851
83 147 590
44 82 272
12 44 581
69 101 656
51 101 580
69 90 504
48 69 965
35 54 5
38 54 230
35 55 529
55 138 182
99 118 191
27 118 889
20 99 98
61 99 398
103 107 613
103 109 101
3 107 488
64 109 572
22 46 285
22 67 153
22 136 416
85 136 670
17 121 999
9 17 766
114 121 121
9 24 572
36 45 832
36 140 96
45 71 776
87 140 3
5 42 711
5 77 327
42 141 65
77 102 213
34 116 787
6 116 449
116 120 813
6 139 639
0 146 850
0 78 528
79 146 765
78 112 249
66 110 538
66 130 604
43 66 350
32 110 777
68 104 347
68 76 460
104 131 350
70 76 71
56 149 522
26 149 139
111 149 879
10 111 590
63 106 334
98 106 175
63 117 476
40 117 204
2 25 685
2 105 493
1 105 244
1 49 377
60 72 887
60 145 923
60 84 37
84 135 737
30 148 649
41 148 56
144 148 510
30 125 123
115 124 770
28 124 444
28 50 813
50 100 711
150 37 95 44726289
21 37 640795
21 59 251
59 148 948
35 148 673
35 104 513
2 104 417
2 84 120
84 114 203
90 114 844
90 101 133
78 101 353
64 78 56
64 77 568
19 77 338
19 88 495
11 88 656
11 31 67
16 31 160
16 124 245
10 124 961
10 79 278
79 80 471
24 80 552
24 71 191
71 137 43
46 137 915
46 55 153
55 142 242
95 142 934544
37 140 932
37 133 76
6 133 170
6 127 337
21 131 400
21 87 881
21 141 55
21 69 362
7 59 449
32 59 66
32 62 624
1 62 346
116 148 132
28 148 245
45 148 828
28 65 815
35 103 57
35 94 48
4 35 263
52 103 815
39 104 758
104 110 49
39 68 131
53 68 81
2 121 98
2 56 391
33 121 13
56 108 259
8 84 354
8 82 897
8 86 762
86 107 45
114 126 750
114 139 373
34 139 755
117 139 892
90 91 597
38 90 986
38 147 684
0 147 230
57 101 75
101 111 110
57 136 262
72 136 283
78 93 545
51 78 216
78 149 517
106 149 929
58 64 372
64 73 318
41 64 506
54 58 999
74 77 124
25 77 87
25 89 706
25 29 274
19 60 78
19 138 115
60 134 512
60 112 338
14 88 408
26 88 474
15 88 613
14 18 949
11 122 579
11 145 746
105 122 622
20 105 225
31 42 275
13 42 206
42 97 381
13 92 388
16 118 248
40 118 125
83 118 413
40 109 895
124 135 656
124 125 622
99 135 337
119 125 47
10 48 362
10 132 494
48 98 48
44 98 897
79 102 44
79 146 215
70 102 618
22 70 550
3 80 900
80 128 916
27 128 916
27 96 387
5 24 497
24 144 317
5 129 858
113 144 911
71 130 450
66 71 896
71 100 115
50 66 721
49 137 157
17 137 126
47 49 116
47 123 494
36 46 728
46 120 206
43 120 464
12 43 678
55 75 338
55 63 159
9 55 496
23 55 134
30 142 746
30 81 595
30 143 133
30 61 935
67 95 166
76 95 661
67 85 243
85 115 893
150 29 70 80302513
29 50 822089
50 99 243
57 99 959
36 57 432
23 36 921
23 83 455
7 83 544
7 24 980
17 24 894
14 17 395
14 46 827
46 139 282
139 140 325
67 140 220
2 67 855
2 116 931
116 117 109
66 117 697
66 94 569
86 94 531
19 86 413
19 110 995
68 110 654
44 68 936
44 119 362
93 119 620
79 93 846
79 98 170
70 98 973605
29 137 218
29 87 970
1 29 820
87 129 303
27 50 335
21 50 241
27 127 986
20 27 441
30 99 205
55 99 570
55 56 494
55 120 734
57 97 27
57 149 824
57 130 627
18 57 333
36 72 952
4 72 20
4 52 422
52 95 717
3 23 410
3 61 955
0 61 108
0 58 364
83 102 39
43 102 693
49 102 80
43 147 30
7 90 375
90 126 103
90 136 273
113 126 912
24 32 551
24 54 208
24 124 723
32 48 506
17 133 550
17 131 349
38 133 591
9 38 348
14 22 458
14 71 11
71 103 266
71 101 336
46 134 459
46 74 641
89 134 105
45 74 667
40 139 798
84 139 80
115 139 518
12 139 606
140 143 362
26 140 49
64 143 94
64 142 590
67 128 758
67 105 859
67 123 471
63 128 843
2 104 191
2 39 525
2 141 722
39 122 800
116 118 598
118 144 481
85 118 413
59 118 480
34 117 919
5 117 104
34 112 154
8 34 861
66 108 858
66 138 94
62 66 757
88 108 777
11 94 341
94 96 275
91 94 646
31 94 119
86 106 286
13 86 217
42 86 217
81 106 630
19 111 429
19 145 428
80 145 136
107 145 738
33 110 231
6 110 276
82 110 763
33 73 465
68 78 251
68 109 235
25 78 117
78 121 518
44 60 679
10 44 284
44 69 744
10 146 865
77 119 715
37 77 842
75 77 278
37 132 875
92 93 388
93 114 372
93 135 329
35 92 276
79 148 345
15 79 155
51 148 632
51 125 831
53 98 337
65 98 310
16 65 70
65 76 663
28 70 226
28 41 323
28 100 314
41 47 585
150 6 100 50513818
6 120 599928
28 120 191
28 38 266
38 125 309
48 125 167
0 48 741
0 55 229
46 55 712
33 46 906
33 53 311
5 53 78
5 54 325
54 115 306
26 115 281
26 114 814
18 114 203
18 101 715
101 148 890
91 148 314
91 103 224
97 103 783
52 97 987
52 60 437
60 131 385
131 136 495
42 136 399
42 98 9
98 132 870
100 132 784674
6 85 857
6 106 340
6 112 941
65 85 197
11 120 552
120 137 96
92 137 979
29 137 154
28 63 246
28 108 481
36 63 158
36 141 767
20 38 753
38 77 462
34 38 606
34 96 115
125 142 696
23 125 580
119 142 116
93 142 433
48 71 209
48 144 204
48 59 761
87 144 765
0 10 18
0 102 35
0 51 529
102 145 953
2 55 658
55 82 623
2 121 857
82 146 404
46 129 640
127 129 15
128 129 931
41 127 473
33 78 946
33 109 341
25 33 655
31 78 466
53 134 630
94 134 967
94 126 921
32 126 17
5 39 875
21 39 627
14 39 501
9 14 359
54 135 992
54 75 360
135 139 893
3 135 541
22 115 291
22 43 795
43 56 289
43 81 452
26 138 795
73 138 573
8 138 185
64 73 605
88 114 717
111 114 987
88 116 529
69 88 380
18 40 73
18 74 125
16 18 491
66 74 688
13 101 358
79 101 599
13 95 217
13 70 607
147 148 376
110 148 287
19 147 870
67 147 671
35 91 1000
35 123 874
24 35 111
123 130 685
103 149 979
89 149 759
118 149 913
68 89 770
62 97 441
50 97 85
62 104 567
50 57 185
27 52 262
52 122 843
4 122 603
47 122 59
45 60 331
60 84 765
84 107 966
84 90 998
131 140 582
1 131 460
80 140 601
1 117 478
76 136 668
7 136 510
72 76 977
7 83 825
37 42 845
15 37 897
37 49 933
37 143 470
86 98 343
86 133 612
58 86 882
58 61 182
99 132 385
99 124 444
12 99 374
12 105 799
100 113 128
17 100 850
44 113 23
30 113 520
