cc61ad56a4797fb3f5c9529f73ce6fcedd85669b
1
3000 1159 2990 60083014218
1885 2843 743373
2312 2803 261285
1030 2698 936980
36 952 312833
1776 1814 461190
1659 2744 990635
1121 2033 97228
103 2567 681388
1024 1621 821145
877 2524 707181
706 1545 208768
31 378 589602
1597 1864 849776
975 1834 467412
2212 2538 543501
831 2384 940681
210 2844 491947
69 2026 315345
202 358 780905
594 1972 336432
1524 2173 578344
887 2564 729443
59 874 579751
2286 2859 685393
2528 2733 604285
2800 2999 604815
1761 2888 256114
171 1552 262416
404 1132 565881
2467 2889 202855
1830 2695 149966
481 921 282107
2139 2221 613672
2249 2827 538630
2048 2551 979995
1428 2429 812617
802 2831 752206
147 1468 715920
468 2016 828884
1323 1787 852189
654 1432 309608
2 2673 457524
1917 1926 250506
1454 2259 395139
1213 2925 448048
266 1705 600939
464 844 932523
532 983 230511
158 1328 105944
1372 2030 982904
1312 1472 778751
974 1615 28802
1426 2441 327883
136 1130 806183
1030 2209 897446
2094 2511 193286
408 2254 122928
2618 2674 139408
686 1989 646557
1396 1634 949806
223 1055 529193
845 2926 220754
1789 2963 531256
649 2528 343513
1229 1518 926477
1161 2651 113690
11 1743 404519
409 1993 991182
122 1411 504115
2511 2732 263388
18 2087 762034
561 2789 351231
265 1739 986729
162 1005 2902
1164 2654 955199
651 1572 587720
2688 2834 476918
2273 2887 34897
373 1286 137673
2664 2841 25582
573 760 232414
1314 2148 737313
1233 2007 725991
665 1960 426145
227 1264 587547
117 636 564706
1813 2862 577805
388 1028 97276
789 1443 407782
305 1659 695546
411 1234 912387
208 1726 452290
1422 1578 835245
1610 2592 828508
2054 2799 144753
204 2425 394208
203 2940 523804
1914 2988 958401
2291 2555 125205
210 1510 55152
1308 1780 148055
1734 2331 992942
1317 1849 357385
981 2809 66289
2001 2034 708603
944 1791 970610
1153 1526 151743
1033 2114 405649
1105 1675 348898
556 1021 23654
631 958 158534
223 1084 698597
124 1083 201245
751 1077 245357
2326 2941 35460
1789 2438 194221
256 1666 911545
92 2027 952755
339 488 941819
74 994 435091
1702 2861 532541
2167 2933 567728
328 2981 994310
733 2628 590122
165 1233 789672
644 766 175588
1473 2303 43098
1045 1990 113264
1497 1837 521013
1016 2747 423066
1396 1868 971912
569 2052 413134
431 1281 561688
676 2114 945446
282 1795 87927
160 2714 523412
369 766 97279
768 1975 815721
237 501 376811
316 2938 153472
879 1851 391955
1197 1632 879753
736 2517 709699
327 1410 880629
304 1767 279734
546 1187 20027
186 2655 940660
232 2350 554502
1432 1887 140805
956 1133 656443
36 67 762193
2555 2978 610346
1218 2703 482902
934 2777 393296
1238 2249 801092
1717 2919 4678
826 1705 125048
809 1059 339851
879 2768 881555
41 137 541097
778 1681 407799
442 807 973958
1556 2453 547549
93 1293 464841
659 1396 772054
1487 1829 84326
1039 2517 584156
97 2146 592456
362 1393 706388
68 1154 617882
1475 2106 243555
1487 2438 153522
183 2285 519274
292 823 977051
297 2869 114015
845 1461 615358
916 1418 533641
321 2870 313580
366 1196 916120
333 1923 249035
437 2917 132638
521 1037 948250
1111 1273 805934
2087 2849 182626
55 2553 601168
13 2055 875003
1751 2856 327518
1499 1980 607672
776 2060 89918
197 314 790704
833 1610 959035
22 2081 16618
309 2114 187842
709 1878 788324
1745 2359 244599
334 1585 28160
1326 2119 555442
1454 2665 34444
740 1780 551770
1133 2756 121964
620 1107 699611
362 771 648678
887 1274 740039
424 477 125642
100 1559 145927
1654 2164 167996
389 1169 468540
253 1488 267487
165 2896 489334
1901 2410 992
592 2687 449231
799 2013 288668
1216 1694 221349
1375 2222 510447
204 2760 534003
575 1688 272282
427 726 555724
13 937 413008
1232 2437 843699
380 653 408477
1395 2274 226585
1564 1805 815668
1025 1429 48179
2046 2186 766931
678 2859 2360
1267 2742 150485
427 1584 71348
962 1149 693972
1040 1077 731148
405 1070 357880
1449 2099 522575
1284 1672 341217
820 2039 700212
1182 1753 36141
1054 1175 253494
504 552 225510
1179 1519 379017
322 1349 211211
85 746 849143
2612 2847 227129
550 716 350940
482 1818 212086
1243 2882 598202
514 1570 523611
608 2023 473018
1750 2938 127963
973 2298 987968
567 1453 503092
2186 2323 403753
688 1070 330288
308 2250 167780
843 2752 231192
629 1781 96362
293 2415 689910
127 1143 802715
911 2191 407046
1228 1591 177463
2788 2835 491193
25 1140 700021
68 990 516325
667 2924 306755
1239 1641 671756
2373 2852 50267
1404 2932 496582
720 2036 671934
1855 2940 74126
1677 2277 568209
1095 1185 821223
2503 2673 447056
1419 2882 378793
1246 2439 938355
745 2337 277932
835 2845 850716
672 1660 760399
1145 2635 36857
971 1525 970150
801 2616 76668
444 454 339518
914 2153 931252
1013 2263 627597
1433 1681 297608
1081 1810 251387
833 1371 272400
470 2421 659655
742 1433 159120
349 2481 436440
820 2083 646738
1558 1714 682145
381 2584 35551
70 537 135471
843 998 1946
779 2793 509394
1527 2036 375032
936 2330 575205
1995 2534 52447
69 1303 526524
1704 2665 563546
1068 2679 215338
980 2063 445047
1175 1931 726764
410 2153 863230
1183 2814 112118
1119 2369 228878
893 2230 743639
6 2216 822293
682 735 232459
707 2799 838251
1058 2574 326749
534 1827 431884
827 1392 947767
98 2260 490416
1487 2873 551240
1824 2618 644553
2194 2463 847824
1346 2958 9433
1453 2772 80459
1161 1326 507309
949 1148 566455
2245 2290 820857
2214 2881 902980
1280 1871 810769
542 1453 829272
206 2617 510274
2075 2686 152956
2238 2507 237835
507 1253 224358
1561 1650 468283
139 2374 354467
453 1768 286760
2258 2923 568545
256 2770 781769
1208 2086 518870
934 1718 884209
1135 2632 179281
2943 2945 972648
941 1211 343515
55 2953 727272
1715 2884 188809
1585 1823 95025
480 1138 196065
769 1582 455369
182 2104 87207
2208 2859 365844
1857 2650 941635
207 1538 365835
478 1572 628880
1261 1744 722652
1330 1947 248643
962 1352 830111
1049 1078 941302
445 2329 579696
2115 2198 757584
2561 2976 143917
1722 1891 647187
1189 2084 419597
791 1825 61634
240 318 528283
2711 2921 154605
122 770 186318
362 1614 222299
864 2843 172935
2023 2730 116882
937 1815 735399
307 2927 678597
241 2767 153034
422 1379 158619
32 1593 607075
323 2876 405784
1664 2675 650740
434 767 62890
375 2912 512619
452 2471 695890
1200 2834 211412
1325 2040 629997
1061 1636 932351
1492 1994 674590
597 2924 921967
1100 2838 569690
363 2288 744636
2223 2691 838672
1631 1718 50438
1661 2132 315123
1184 2593 284822
443 570 160869
212 1905 157778
1230 1817 684098
271 2648 941789
2397 2971 78341
1319 1435 482505
335 1075 398811
1291 1522 78522
420 472 916354
810 919 632344
1248 2267 123166
1743 2257 561328
519 857 554264
490 656 715752
1494 1853 803699
2157 2898 413405
586 658 167405
1989 2808 219227
864 1986 771534
1717 2330 446776
174 2987 878864
921 1470 663181
254 2911 139114
1573 1758 920018
213 2526 709051
1157 1433 965717
1375 2355 142864
1585 2604 199447
1586 1628 975954
439 1968 912323
870 1139 266255
426 2372 477644
1099 2859 712419
854 2631 144993
737 2154 150722
995 2675 594128
1858 2990 416229
1074 2201 951796
744 772 481871
1553 2156 58204
1284 1798 160507
2431 2538 433466
445 707 860900
866 2240 994053
1354 1541 788976
173 2640 10924
1742 1983 69690
1331 1904 858358
1633 2361 286267
1195 2173 262587
866 1210 786516
685 2262 593784
486 1897 543290
248 452 989267
166 2293 935422
1022 1523 465452
351 2161 75960
950 2537 3612
56 1828 411023
617 1009 689933
1735 2395 894696
2653 2904 805750
2289 2606 738409
1489 1712 404081
963 2725 353513
649 813 92858
1861 2997 267702
14 1130 432710
1249 2819 921858
106 193 955198
1623 1760 832170
1114 2021 611222
955 2124 44580
1145 2951 471695
606 1096 471621
972 2637 931141
30 1163 962349
1939 2251 663157
246 1146 444560
7 2030 75087
2111 2256 8673
1037 2767 834100
1542 1835 705756
1414 2324 708941
585 611 314480
1008 1745 273607
1108 2985 384456
702 1663 232238
923 1206 139829
142 1276 672165
319 2432 573690
259 677 401344
145 2224 365107
1990 2104 415806
1607 1871 676258
857 2699 585190
545 751 536407
461 1654 662268
676 2867 156156
2004 2319 112736
2451 2731 727291
2175 2853 625156
1995 2870 694668
2457 2619 129608
540 822 375966
713 2565 631860
201 2907 82529
1213 2794 865873
310 1496 472622
684 720 277476
1165 1944 976532
702 2097 954120
528 1346 612096
1268 2352 455207
777 2308 487304
12 2983 454485
175 1589 146772
171 2979 455305
996 1375 380649
1405 1879 627192
228 1846 170835
1175 1785 587216
2116 2709 184431
1377 2606 976078
710 1635 571794
1105 1808 775356
824 1193 799578
1611 2446 189259
1650 1698 910415
544 1461 333192
946 1281 864052
44 842 254206
2051 2902 993264
360 950 506857
449 2920 392340
216 2379 26386
779 1868 242889
327 2790 127372
1642 2270 662743
1385 2781 874313
928 2317 212564
289 2791 138393
2264 2720 440295
151 899 527297
593 1677 259128
1343 1579 842356
667 1112 578742
1323 1892 409136
756 2545 464068
1533 1595 604344
948 2945 632641
1207 1294 219177
920 1053 123826
130 1451 160444
2067 2758 540430
1116 2118 34455
988 1445 428390
2779 2895 210000
2099 2215 13168
1041 1728 412415
1304 1355 686319
836 2553 176062
425 1634 232448
1215 1782 233984
348 2328 736130
593 2599 464971
2271 2960 794531
920 2624 717459
1327 2324 850756
614 1072 109492
728 983 504712
953 2625 366988
1953 2137 412286
1540 2267 332788
180 1775 602536
379 1112 964249
1097 2598 469288
1998 2649 125242
42 2472 774598
367 1870 498880
313 2946 436576
1906 1972 653429
165 2507 50479
1151 1704 264162
584 757 236913
413 2763 593418
85 1575 764793
857 970 987708
387 2977 185551
905 1724 639257
1301 2064 724229
954 1577 781283
1494 1557 293399
273 413 363581
197 2533 978878
701 848 849861
167 2078 302801
317 1117 510282
527 2462 627736
645 1469 445356
1516 1569 205295
473 2322 201999
880 2350 744276
78 1126 354235
224 1856 475405
364 2340 919124
153 2852 276153
1659 2518 567152
597 1515 772721
992 1624 302874
410 1596 754650
242 1612 710691
1862 2504 538122
778 2230 438175
1967 2243 256596
2480 2649 611331
347 1621 781810
1805 1869 431001
479 1594 235022
1469 2750 335645
143 1272 580589
1340 2524 850040
434 2211 575672
93 500 240342
2701 2909 538856
1408 1700 774566
736 1522 310350
2107 2830 209645
707 1832 297277
54 2893 370632
183 1673 272469
41 2766 716092
787 2938 572140
86 1736 76283
1268 1277 944218
1434 1757 151094
821 1567 639137
1783 2821 895193
853 1347 755511
1188 1999 116392
65 797 223474
974 2246 24756
533 2312 867535
169 314 171961
64 1960 796383
1412 2527 717463
4 2665 334223
628 1736 146091
1129 1353 466898
1946 2268 193802
2303 2399 17069
807 2669 151130
1948 2145 396127
1472 2842 831628
868 1000 379434
415 678 302009
825 1692 956034
1564 2884 250328
2095 2769 738513
808 2743 973338
60 422 734373
85 450 424418
968 2079 143479
1652 2611 889956
642 2439 611993
482 649 176025
714 2449 975547
253 782 830492
1588 2110 222105
1412 2759 406244
334 1668 449157
1644 2272 614239
167 2833 114956
74 352 330343
1441 2072 405576
790 1953 998691
183 1478 668866
1240 2897 323069
895 2220 163521
341 1865 385403
1203 2011 710131
2266 2789 968317
797 2913 614647
1114 1637 829778
190 2549 177989
336 742 589814
62 2341 493307
497 1924 777516
1696 1798 864261
1848 2704 297716
1181 1986 960871
1129 2912 661546
29 2623 635178
97 2745 13179
1138 2697 837985
364 2129 299332
1164 2807 345622
916 2443 656456
1019 2136 335382
448 1479 563982
168 2996 799702
1385 1907 993941
1657 1733 89409
1679 1834 246453
503 1511 260255
555 2613 650772
552 1534 981475
1424 2371 107073
904 1721 548945
356 1044 586928
652 1880 730378
1134 1912 251859
2260 2400 618037
702 768 589521
714 2169 538124
1195 1628 877925
44 1498 470080
593 2943 72406
99 591 561674
146 2281 397134
48 2572 28432
1182 2771 467930
412 575 228656
106 120 445629
287 1795 385771
549 1288 137393
300 2530 771313
176 1843 417979
2069 2442 393349
159 2822 583914
2324 2986 805516
1578 2638 701099
1264 1269 392696
513 2473 163148
993 1155 368715
1477 2428 666635
99 1109 590282
2444 2486 42906
1782 2761 117057
1423 1611 322226
738 2412 713453
590 2881 721169
1438 2325 395657
126 2874 60754
269 1274 735672
143 2102 680871
460 1057 788171
1214 2396 673845
1959 2354 158064
1750 2480 329611
1667 2105 54776
389 1178 849280
1606 2302 120451
959 2252 128617
69 832 854411
112 1507 202868
1883 2970 329033
470 962 979173
1220 2618 714695
865 2391 758314
561 2738 684227
1497 2854 261724
1608 2709 925053
947 1399 362965
1024 2199 278814
396 1026 987368
2247 2836 145605
53 2588 893121
372 739 559086
218 520 217946
2233 2381 653761
1023 1306 810455
330 2998 789813
1156 2204 377664
1115 2285 457247
719 2229 902424
222 272 198299
1170 2565 802718
1460 2483 398165
1335 1460 654751
1708 2226 272501
371 1076 58038
120 1722 131493
450 2260 716834
403 2201 629504
197 680 166466
710 2823 339032
74 1568 365807
159 1719 122276
886 1495 392694
107 856 754308
466 2868 747057
1906 2302 145395
2282 2884 826241
247 1691 534216
526 655 870825
427 844 774057
1194 2575 896074
447 1561 236173
435 2984 599927
2510 2580 637291
2053 2257 547252
253 1941 697860
1617 2234 952848
680 2217 999434
243 1867 19292
1547 2811 329964
1735 1949 789191
1020 2736 900671
178 1494 884055
299 375 301898
261 2694 177606
1425 2987 270766
116 2773 533239
1284 1389 766960
1627 2197 673939
639 1567 740261
88 1448 561605
283 2991 812473
2000 2015 41742
1530 2147 584475
851 1903 622405
279 2278 377032
215 1219 591279
574 1492 208435
340 2722 85430
668 1851 623758
568 725 151818
577 1823 325496
277 2666 190417
525 1122 598275
704 2342 105548
49 2460 116448
1170 2338 774855
1393 1649 223530
489 2146 619836
496 1940 293771
110 1626 878534
1578 2578 937487
1329 2064 265917
2116 2616 312515
859 2422 465394
195 1130 265161
1954 2078 145736
859 2844 234108
773 1926 958189
881 2923 324282
284 1426 10292
346 2464 640018
2506 2876 542225
517 1893 666187
494 1816 800304
2448 2581 637135
269 2381 706290
1856 2053 264499
469 2614 245957
1036 1704 510052
137 1770 360862
2372 2590 648367
123 1519 554134
226 279 100012
195 311 854878
742 1406 670984
1366 2114 634848
1353 1510 301934
698 1546 918964
1253 2247 951570
373 424 592764
155 540 57434
20 1903 899549
164 280 125225
1062 2991 782234
1187 1268 984008
2749 2908 547278
249 2787 979123
2095 2416 238534
693 696 592126
223 2629 49593
1069 1173 802
853 2394 748645
1087 1947 450984
2055 2714 812743
828 1942 941937
554 1436 179573
12 703 414623
1010 1075 565724
52 2946 158308
2345 2622 94738
1012 2074 240741
101 1566 956823
1614 2536 616330
84 2976 903981
626 966 566565
1895 2532 401489
1403 1808 487164
638 943 336917
2543 2647 36085
504 691 184347
1900 2150 54237
2446 2544 194928
403 1294 343444
1572 1893 249474
2501 2562 81305
2142 2939 12031
814 2612 261678
156 1015 26124
2024 2772 244776
721 2548 529311
13 2207 159573
228 2927 632314
699 2830 690889
477 2133 29317
1417 2213 576327
1955 2462 210886
440 1545 731273
37 438 185151
17 174 710445
108 2672 127908
597 2680 363388
2203 2330 651831
1565 2954 698583
888 2466 477186
1160 1819 679040
555 1520 115376
1003 2497 595458
2475 2729 423113
587 1893 144830
1035 1371 31689
1338 2672 368532
527 2563 56795
380 1903 221802
249 1877 293431
737 1221 789596
1587 2115 611861
813 1913 944576
940 1367 970252
241 1427 367252
2302 2728 198668
1908 2986 785479
810 1898 910132
991 1393 481504
1982 2411 904081
685 1332 274511
420 2033 503412
485 2135 951503
2793 2851 619759
326 494 888116
1444 1705 626540
593 2280 579606
636 2103 708969
442 2754 511066
1687 2011 118164
635 1711 946138
1105 1159 935870
2349 2878 70640
1231 2493 991679
940 995 364004
1298 1399 789415
749 1892 306735
253 1889 486172
1749 2932 722860
791 2990 433493
89 2332 529818
1074 1135 183858
1160 1315 701136
813 2610 510517
296 858 448702
228 2463 973345
1206 2424 676123
598 1022 345261
109 2910 810736
842 2503 194789
369 1184 282497
2511 2602 852318
1222 2030 929875
262 2295 391380
590 1536 779103
491 2985 890594
619 2452 724049
192 376 821212
1651 2493 846653
95 2455 931404
721 2455 620255
664 2171 860168
495 2449 546957
657 938 603565
342 1551 688763
1130 1772 262010
1085 2432 555371
2417 2962 269195
505 2469 257135
101 1401 615663
883 2279 223260
2512 2592 436265
1082 1925 902157
1442 2471 726592
1540 1890 905361
1988 2045 82563
626 2549 730034
928 1433 953757
1090 2064 263779
797 1831 46480
304 1683 703749
207 2383 766353
2038 2131 943702
61 2094 404672
1245 1589 62966
1539 2264 733507
1731 1975 585047
1131 1517 61054
492 2065 838209
94 2086 894641
616 1560 709504
1827 2384 473517
1617 1716 169323
1163 2966 534196
607 1205 805713
1705 2920 394284
382 1388 458625
1333 1351 56832
129 2341 293302
1292 2241 201236
1198 2618 135709
1391 2330 10658
159 1101 721221
2492 2803 218550
1000 2284 607202
210 839 456770
1598 1882 636606
1094 1738 627935
2029 2378 477117
1421 1708 933089
727 1745 31691
2382 2468 773013
111 188 450724
2700 2829 170009
933 1891 401535
1576 2902 816408
257 2343 339352
1348 2853 591201
220 1011 634777
205 2542 226084
751 776 337700
1673 2916 989384
592 794 180607
872 2149 562411
133 1260 783069
509 514 483255
681 1911 188229
1449 2378 715742
2206 2901 365793
1520 2346 99122
914 2627 49894
118 636 127970
459 2140 610266
1088 2350 534549
377 1207 894343
125 2496 545692
589 2883 537786
736 2416 133016
1842 2725 742200
1706 2688 673128
1962 2724 230974
823 1811 954700
386 2275 834420
1033 1952 702171
648 2213 949101
2171 2981 883037
1438 2890 719581
723 2725 154950
353 556 569688
1596 2441 270992
747 2666 985795
148 1236 596339
2073 2423 444377
1155 1703 394820
1630 1688 722396
1101 2982 525735
1360 1926 331094
46 1571 761842
2840 2890 812682
1312 2723 23456
2481 2580 748668
1120 2510 93167
184 823 783130
554 1397 880535
763 1889 696070
379 418 940263
397 1113 576513
2280 2344 837053
1245 2062 646005
1317 1330 505505
1168 1375 669599
179 1220 554879
231 646 407063
1189 1741 289023
1021 2656 27389
1042 2560 485187
902 2577 984834
395 2348 268860
1740 2991 900112
12 2218 192297
463 1079 72599
179 2985 657710
855 2459 449269
1639 1844 647693
2677 2918 769729
422 1596 833539
35 1240 82357
1671 2078 938433
898 1763 517749
278 942 35525
95 1459 127616
1481 2997 730325
27 397 372722
837 1915 42904
925 1988 24819
531 1555 77969
2346 2456 34624
268 2869 403640
1230 1266 202964
937 2696 931959
1264 2977 919666
1932 2163 372286
1365 1677 897618
432 2837 62019
2234 2967 551909
421 714 727385
75 2974 975495
1753 1862 218860
2595 2786 944961
1784 1867 567575
818 2883 253175
616 2568 497826
84 1280 332340
90 140 628891
325 1609 943120
605 2096 895887
1519 1639 960572
144 2549 433382
185 1505 149034
1723 2221 722072
927 1976 178203
558 928 914000
478 1406 630982
738 1736 661147
376 702 880290
85 1245 984397
320 2661 800145
609 2599 127664
73 1379 681385
1291 2690 211690
1937 2770 555039
1532 2554 780074
1352 1374 896018
2072 2954 49358
1973 2215 660466
1829 1930 861461
1491 1905 864779
8 820 634748
797 1603 368306
587 1271 695031
1512 1862 140938
235 1043 944461
2096 2332 725939
521 2727 896208
1078 1657 715601
1318 1577 424696
390 1800 87668
1166 1254 437788
696 1528 650153
1565 2868 793292
314 2981 393180
1746 2333 635661
1441 2335 764072
1091 1521 262706
870 1713 260029
565 1793 840147
1957 2832 349933
411 2957 351149
2377 2969 263571
429 2371 489046
564 1874 839136
1162 2195 932187
439 2851 52675
535 806 82744
1810 2630 627252
90 965 511026
548 828 647198
212 2031 910037
1963 2351 52711
1361 1457 905158
982 1909 910813
132 1126 630596
59 1508 475006
1872 2972 844287
2913 2981 333540
1357 2629 387540
91 138 261451
116 2407 831525
1148 2592 952641
138 731 238738
688 748 911273
1462 2945 820886
85 361 510507
84 925 935360
419 479 227451
1243 2249 718603
1214 2284 330501
2416 2881 881181
263 1487 903538
1655 2715 216345
1733 2069 226650
422 2765 448737
929 2440 420422
878 1601 591787
2022 2239 402144
187 2387 264190
412 805 102330
1364 2061 425290
1828 2852 36727
2391 2906 458210
536 1552 893658
2260 2459 889495
958 1960 332585
395 2708 469682
1242 2355 210429
316 338 749133
1853 2269 758825
1267 2021 730254
1418 1899 290885
627 689 198017
119 2951 779990
712 2013 889233
775 1412 594011
999 2803 937891
2129 2594 891894
2327 2607 700304
72 2070 150069
298 1535 85821
171 1105 388797
1997 2334 23384
63 1100 720274
77 1699 591280
1223 1618 59589
507 1684 387889
1021 1755 814715
834 1209 131579
1279 1905 819477
2680 2713 315679
155 1169 379649
337 1657 522422
827 2243 400093
798 2829 57565
752 2736 410179
469 823 4688
637 1759 724981
2049 2242 285154
666 1860 165542
1544 1644 486102
2009 2892 512803
1371 2288 344606
180 318 306589
1358 2828 133933
2134 2997 664403
2427 2599 974139
2639 2795 578592
1224 1900 95317
1477 1653 259934
1082 2251 745565
417 464 817718
242 2990 263461
32 738 522822
227 1613 658788
1777 2399 385709
2167 2719 608787
1640 2680 699062
2956 2994 430183
1854 2265 470046
1015 2192 329387
1152 1235 578627
969 996 146041
2569 2916 284972
330 2104 216149
580 2393 341551
964 1742 545893
1647 2168 854467
347 2116 876881
103 185 521251
51 2525 486323
80 1344 319002
2694 2874 741755
1526 2081 470065
809 2481 524130
512 951 49395
239 1550 726409
47 1987 861530
779 2702 596014
1673 2366 741464
1128 2374 537097
1083 2128 596291
47 1501 52297
70 1951 58333
1666 2491 342886
122 344 580479
1478 2980 918115
5 2798 745506
768 2361 654114
1847 2054 674378
830 1629 27811
1350 2716 484752
1509 1778 838555
2232 2413 633930
794 2573 240173
1757 2867 71769
21 1937 325767
67 846 789646
786 1035 98716
456 1210 427449
1665 2243 379833
568 932 670928
884 2560 371270
449 571 775993
1769 1821 205212
1137 2749 103413
978 1407 55741
2535 2609 235624
743 1092 232628
1673 2717 525129
433 2086 670538
83 1716 224802
28 2385 204066
177 969 484996
66 2622 933938
1244 1358 773579
1173 2939 541726
1248 1644 255241
2080 2419 282995
835 2220 638994
1188 2452 488764
65 2693 766500
1141 2731 441924
148 1194 52080
698 1826 529578
1684 2347 703817
85 1514 618202
1235 2449 828072
1305 1464 466925
2810 2817 838554
1244 1313 888031
1813 2435 325575
2544 2989 542953
784 2057 233695
1286 2182 629563
516 1274 825506
1165 1367 272600
1327 2891 136588
1381 2756 754957
1384 2743 869340
1203 1466 130703
107 1303 797696
630 2359 276976
1119 2300 179487
1296 1437 972478
1250 2253 234562
117 803 757432
2017 2362 584352
926 1839 236846
1510 1654 356164
1856 2093 868084
350 2374 78813
475 1194 184066
1371 1926 100706
921 1714 634667
1088 2197 141280
1175 1706 777016
1107 2670 834081
179 891 487777
1025 2409 579002
1282 1857 709799
802 1080 768754
877 2132 613841
292 660 891658
2231 2690 850241
2502 2583 330670
1159 1399 905905
2089 2296 552630
2707 2985 936912
891 2431 951193
2806 2889 538035
1769 2488 726447
2827 2863 564602
211 2573 387360
92 2934 352832
1670 2645 146607
2055 2228 197950
1744 2375 33821
699 1004 626877
674 2571 481851
1064 1642 514293
404 2860 491663
750 1825 759943
446 2633 205026
1922 2690 281364
1576 2339 86821
1793 1836 708152
1632 2309 56765
202 2450 648935
663 2730 356594
502 1906 345378
1368 1910 412783
637 2800 429205
1727 1743 221623
282 1886 755984
1799 2035 5733
394 2465 121824
255 557 411933
2254 2389 392201
142 1548 894741
189 1252 131235
1298 2855 777530
125 1032 409231
864 2079 892224
2128 2460 260180
570 684 775817
2226 2354 151577
942 1819 136817
761 2942 461569
592 2473 60532
2938 2956 201759
326 1887 834685
2472 2530 228756
2160 2621 492107
351 2500 718860
258 751 791106
1638 2692 144913
359 2257 291340
1304 2474 402186
494 1217 906538
2080 2263 552469
622 2028 607707
106 1984 428348
2155 2763 518951
331 2246 858454
2337 2882 123464
1322 1333 315965
406 2026 554550
42 364 937511
1412 1619 816462
1463 1905 520931
756 2701 738526
2607 2710 493618
1381 2739 238543
419 2031 265088
765 2234 818799
1587 2271 457405
38 2090 771291
322 780 903133
619 1456 819270
1248 2721 472488
549 1876 129256
2058 2636 185470
1052 2590 426565
1502 2096 814059
1730 2543 281048
1225 1782 307043
32 1069 135900
1316 1863 241946
1102 1574 157112
366 1796 322946
591 812 847429
217 982 704098
1940 2924 921149
87 2756 585808
1831 2829 889921
1208 1520 134603
739 2272 7558
112 2441 725111
634 722 707678
2490 2643 194933
1314 1608 662879
1435 2859 530718
1487 1729 720370
1357 1416 454877
105 1686 280121
883 2432 376294
422 1038 294430
1737 2657 946263
1026 2192 752821
378 2835 141865
1049 2185 453517
1042 2294 39698
15 2231 516568
268 1492 79227
620 2704 174900
147 204 51929
365 842 729941
1097 2699 959531
524 1665 984209
2721 2810 960014
1857 2447 511688
2052 2093 172480
1226 2036 303214
521 986 713839
1774 2127 281719
1153 2474 122429
948 1934 133918
465 2480 140819
1405 2062 825617
546 2661 708447
361 760 184188
1386 2372 498923
2418 2866 916976
878 1712 312283
909 1756 740528
351 2084 838467
1143 2875 421400
1440 1585 261027
304 657 907883
1044 2617 879104
2287 2850 567287
2307 2644 174495
167 392 490087
410 1517 328545
1 32 915173
747 1407 251254
58 2677 905385
42 2196 75071
309 801 842915
1102 2667 375876
1091 2405 387521
1402 2879 525839
1772 2229 807005
315 2475 555491
566 587 261383
118 2032 479580
552 553 125994
76 2420 287460
198 2166 729245
189 939 817295
87 1153 296712
846 2559 68244
2075 2964 11313
618 1030 499113
85 2035 354082
423 1969 403194
150 2205 981497
1855 2546 203717
1543 2540 787212
523 1008 148565
1689 2210 769590
753 1709 422488
932 2825 328963
1467 2047 950943
111 2591 141172
695 1227 574131
2188 2556 565167
346 2634 752462
428 1580 973574
1392 2189 207549
1299 1927 773922
2762 2809 17680
176 2887 464331
619 2729 564282
2012 2429 692055
1771 2977 708556
1166 1409 975982
1365 1833 861001
2049 2539 352118
1873 2577 691877
2701 2929 249247
730 1690 415263
48 1604 324428
114 2536 226680
1767 2684 696668
703 2357 729166
1951 2814 943061
2560 2705 570714
367 1676 823405
2486 2928 452290
2022 2749 95284
1968 2059 125596
313 2636 198753
375 2779 815105
128 2032 549495
1150 1653 805193
499 1880 476179
957 2541 923624
581 2623 196821
1118 1873 331172
1278 1988 534441
2672 2759 243954
1463 2645 405809
708 2796 237165
1076 1803 199120
1314 2734 499762
1875 2839 865942
1777 2391 351514
181 1939 114755
1506 2421 383509
238 1842 371194
2325 2845 730527
1491 1982 496708
1404 2674 421666
1452 2606 646717
163 1270 841832
31 925 53407
1107 1277 431675
7 1701 550312
863 2071 379932
1126 1336 634923
228 462 877788
1028 2801 304241
236 2947 663769
806 2644 952457
139 380 864856
2051 2697 948979
681 1938 693052
1751 2529 630821
975 2356 397793
330 2807 520504
643 799 497304
1611 2949 374258
355 1234 399231
1241 2786 164656
729 2316 738363
1691 2559 163760
1216 1858 667925
1916 2370 359481
251 1495 425070
1048 1184 32423
2788 2802 752288
888 1189 962327
1054 2865 816563
2515 2720 433003
533 1123 139129
2158 2469 798458
1983 2640 515335
308 700 117015
1264 1915 61200
1272 2283 911740
2191 2903 885663
2316 2830 931668
1430 1513 609776
1554 1576 861730
1027 1559 143148
191 1127 893585
162 2858 786240
1336 1452 700504
503 2271 626777
579 2057 548745
2502 2558 931006
59 735 334839
225 487 953865
1746 2900 448386
1379 1775 616899
871 1936 501825
931 2796 613403
252 272 675530
710 1654 363139
1199 1617 679328
2540 2939 595944
1806 2583 178362
1613 1699 776780
314 2993 909420
898 2532 145089
1868 2823 890613
967 2420 737795
903 1422 367012
787 2226 601331
1687 2766 767655
1985 2230 996972
1251 2066 202289
1409 1532 907332
406 2715 180615
1249 1983 213921
189 1333 927976
99 1289 423413
163 557 921559
386 1186 786775
1258 2235 463942
384 459 196223
434 923 448993
2650 2916 82078
1272 2091 722995
842 1048 641944
305 1095 583417
985 1433 482143
838 1169 137858
305 1180 31917
305 2035 713663
264 1858 490845
1058 2686 768365
866 1571 109223
1982 2147 532699
976 1231 412023
723 2320 489882
1698 1853 810280
2016 2609 415105
385 461 740834
1678 2279 767322
501 800 597644
949 2437 877357
398 596 135280
2657 2769 684134
2345 2445 357099
604 1472 91173
201 1906 197389
58 811 977827
484 2388 585299
339 988 192956
131 1781 938558
890 2924 626845
33 1348 805775
185 921 669386
176 873 647266
461 2263 126668
1370 1965 388004
1460 2499 845238
262 2751 634739
885 1322 858067
722 2448 112337
599 741 7918
814 1237 812355
270 2476 916862
27 196 427980
322 1484 201451
412 2232 90433
1926 2936 760065
147 2120 341193
53 1720 866032
284 2305 198707
5 2181 115581
1305 2433 328948
2159 2574 739785
785 2806 500411
1811 2391 181756
1373 1850 817843
1057 1499 435854
2855 2972 323413
1732 2600 546866
413 2879 311782
510 1685 434143
1455 2152 959828
2227 2319 369852
1504 2193 947369
1648 2801 704807
900 1412 372586
2773 2897 413026
104 2769 171599
404 579 768474
11 2658 416478
607 1832 694678
217 1815 58214
2293 2634 281464
1839 2255 21653
1953 2509 698931
430 1439 510454
563 661 576522
10 1445 605451
1299 2575 599232
1076 1951 255939
1646 1846 113634
918 1855 568601
420 1450 607853
191 752 764937
727 2962 188381
1497 2117 689582
1523 1894 890003
1899 2738 963581
2507 2808 513634
256 1620 17112
673 2346 411574
26 1317 663312
788 2780 100129
357 938 956794
582 2402 168131
1448 2143 111084
411 2691 379094
34 2034 658709
428 1247 501396
878 2042 814134
1114 1588 10501
650 688 866945
841 2322 532392
3 2597 396236
64 1285 439037
1728 2915 147890
1544 1908 108973
878 2439 959431
160 2755 786519
1170 1197 127221
1092 1294 51640
1583 2806 878135
1846 2792 49206
45 934 240050
2478 2736 881033
1711 2579 950251
2018 2154 923975
316 2971 530281
1333 2379 656586
564 2432 95976
1050 1535 491008
2320 2798 678583
1721 2714 364494
1488 1531 62511
1490 2141 753697
1802 1961 10064
188 2764 764884
585 1035 440057
1105 1429 756151
4 1979 445572
1244 2594 464002
575 2898 761852
1462 2952 965334
1936 2633 50107
430 1264 666924
2131 2386 559461
2076 2563 415516
523 2747 948283
219 1053 396364
929 2112 429148
152 2177 568243
1070 2170 850718
530 578 52233
60 1866 751493
14 324 670989
849 2069 609886
1290 2246 551346
2132 2403 846587
2424 2886 276839
587 2943 670284
358 1958 536898
1625 2707 865301
1286 2937 431048
1244 1322 770449
588 2975 362779
2385 2806 599267
656 1047 641409
202 1935 174453
834 1545 44429
1072 2838 644720
2205 2244 857260
113 1960 72406
228 2894 401166
175 711 22719
2322 2961 224686
1202 1226 275374
1910 1999 583232
1702 2624 950479
1260 1407 493814
610 2802 515599
312 677 754608
863 2388 934936
2040 2414 86014
517 1066 143720
2196 2799 122258
98 980 480205
1735 2883 743175
1045 1658 447615
97 2292 871496
871 2715 619097
2036 2944 570654
1638 2237 32181
408 1257 35034
416 782 35172
1801 1878 778779
837 2180 351111
624 1072 340093
1849 1956 848270
2256 2837 816927
1108 2351 845258
1617 2119 830286
27 1374 918256
476 1807 800019
265 2402 224108
1026 1341 643797
841 2058 413855
1320 2090 198061
1002 2591 455415
324 2761 349061
1651 2674 739882
649 2934 386411
368 777 277135
667 836 892920
23 1413 459993
559 2004 852887
590 1312 135728
490 2911 673076
349 2522 769326
115 2665 837763
431 940 898739
97 1550 713514
1011 2609 870245
785 1718 920908
1083 2763 407047
1521 2453 339955
291 512 839733
618 738 220505
1781 2310 103097
1943 2008 320979
804 2025 39245
1398 2109 194459
952 1417 587950
506 660 460280
943 2866 43802
886 1063 700940
2137 2315 794918
465 487 55610
701 2987 812349
1929 2881 887730
894 1097 427193
446 2596 842650
890 2038 341079
2002 2995 30682
359 601 762075
331 907 600772
555 574 679615
685 2281 911199
1837 1978 922585
564 1931 514319
601 1794 2056
35 927 722594
806 1121 634714
1484 2187 227385
211 2826 146366
9 29 134417
1096 1613 683680
2454 2703 378669
953 1680 880295
415 1072 233506
1875 2833 346311
1559 2516 873726
249 434 656515
302 1285 353430
680 2551 92419
399 1274 96939
455 1476 240461
1129 1786 598968
182 731 286819
1559 2621 191579
961 1805 983353
960 2348 837341
280 2837 207634
1170 2321 409760
1124 1799 681462
80 1143 223140
96 1398 123026
666 2154 416118
688 1653 146092
37 2289 654197
653 2071 98752
1702 2088 55554
500 1626 475260
1384 1897 417283
229 976 721429
78 474 442004
2543 2849 110148
34 1660 357708
1766 2513 337569
330 1624 522535
2200 2481 101018
720 1695 500629
508 1006 135440
149 2854 679710
1278 2882 605582
1432 2813 537456
1390 2177 838054
307 1075 46791
31 2676 110634
949 1562 845367
1441 2820 543876
171 267 412313
371 2992 30771
2336 2424 777168
164 1138 446562
1187 2383 500471
1424 1905 76263
984 2133 864616
1031 2656 799061
493 1134 415595
519 655 923198
1425 1702 816570
1104 1797 310728
654 2273 976878
1591 2952 937834
16 1184 720839
24 1405 924292
693 990 857308
704 2662 753561
81 1556 521949
2350 2938 127530
271 2223 104898
716 2218 578671
229 1443 483923
510 2207 428340
2320 2364 342354
2026 2775 556879
145 1493 279432
204 261 628282
889 1783 268843
2149 2376 237905
1905 2477 300777
2362 2880 761065
1000 1758 235475
610 2162 158858
2365 2747 599209
699 2921 779787
898 1586 788478
360 1143 276617
854 2346 908040
320 2501 657923
2026 2053 589510
1188 1247 828117
329 2754 264462
1667 2758 77839
816 853 462194
203 2650 706354
2172 2523 558670
2010 2547 11014
1186 1449 618225
706 958 707355
386 1347 697702
442 2482 505370
1313 2794 806174
2363 2505 118982
150 449 646651
1323 2060 154389
922 1006 146875
223 2358 851813
1464 1592 570239
2041 2581 98333
199 1572 432951
2804 2826 311969
616 2468 381037
498 2659 444273
1474 1940 902186
1480 2347 731167
736 2548 11208
1212 2857 796907
1673 2526 479382
851 1342 846268
1147 1667 365345
581 2189 522045
1417 1737 763941
764 1068 779986
754 1280 395472
688 2138 354422
466 1096 132911
717 1264 945459
651 1448 239416
1169 2963 340092
158 1563 662066
689 1601 156010
288 1546 95493
274 1311 897937
501 695 223386
113 1766 435583
289 2009 131246
1804 2022 419217
1064 1435 167609
477 1120 298545
2141 2151 71797
604 1343 724655
1172 2947 230605
351 973 541243
2058 2681 615843
1453 2720 359933
79 2090 661566
336 2542 902417
234 2250 180687
603 2704 592098
1446 2173 403102
944 1146 92322
2774 2919 949590
1609 2430 513187
1018 1917 845993
692 2134 75605
1266 1592 38113
1908 1951 634012
211 2028 181637
57 924 285965
1383 2339 140708
2587 2804 764550
1884 2118 929216
1273 2841 820903
121 2794 991002
951 987 634609
1841 1887 37271
1209 1320 672185
543 2510 204428
110 2741 370632
1700 2646 915755
719 1648 950866
380 912 887113
223 1436 180114
1980 2955 633547
540 1413 431550
795 1251 612717
1840 2703 717740
548 2068 114414
1967 2585 525249
596 2037 593947
2019 2672 592337
1551 2785 797431
1101 1783 276953
2257 2740 372548
1049 2122 151828
156 1447 906161
457 996 666365
785 2092 203168
1014 1581 223010
441 858 813843
1797 2788 927650
1149 1354 889266
118 2480 979587
1164 2436 80955
1412 2514 989426
269 602 283462
854 1382 167576
1122 1485 998580
1462 2006 456917
42 2737 215988
1841 2393 507675
35 762 750193
1633 2506 547498
1992 2662 552412
170 972 216227
621 1177 588625
1307 1497 437004
1981 2348 274152
91 391 436767
1764 2258 690331
1749 1845 649423
687 1331 268367
89 1652 990872
1975 2015 310721
295 2961 577217
1292 2541 154382
862 1964 85873
1324 1582 359262
1596 1809 153131
1661 1751 463151
735 1150 633384
1171 2474 359802
499 1912 540752
1656 2885 702595
1899 2736 165780
761 876 459458
1790 2450 510059
476 1227 802729
974 1337 250022
18 901 295442
1075 2512 334770
492 1455 19975
608 2582 28714
719 2792 458349
1068 2495 196503
1206 2176 901645
2115 2614 813381
1175 1349 242624
960 1962 301250
1263 2601 662391
132 492 663990
864 2410 861669
875 2843 515738
616 1651 484233
1567 1792 88150
1174 2165 109211
347 2471 524603
2202 2808 275154
1377 1536 173402
2914 2918 470864
243 1081 928319
245 291 122987
404 407 283341
1801 2605 750041
595 1020 304439
892 2113 494903
1265 1618 101209
40 1300 799414
574 718 701617
89 1250 415267
648 1158 316285
326 2136 760209
1376 1690 198705
1305 2712 423332
1718 1935 555477
448 1666 305789
807 2893 712825
2304 2508 810877
903 1844 456982
1387 2933 670904
2168 2188 775235
1636 2926 958200
732 1494 513104
358 2969 135915
244 1853 714115
1633 2864 202026
326 2935 139500
2638 2959 707430
1920 2886 807527
1043 2169 403825
309 1369 422062
1505 2497 48742
332 559 232536
757 1663 895287
111 459 684658
1196 2643 294033
1393 2112 550329
1270 1970 222830
207 2124 745457
616 1616 647734
850 1982 228452
214 2901 982419
140 2459 321082
1142 2225 328720
1167 2488 821682
2257 2496 852652
791 1105 806715
400 2654 948161
1964 2471 918257
727 2141 852300
825 2974 842935
535 2641 299929
758 1306 491437
2432 2519 450252
2311 2554 453326
902 1428 111949
1971 2245 493225
146 2406 813457
353 1643 765498
282 2797 960386
1584 2758 870757
1073 1517 994507
189 560 881422
409 651 882433
1486 2352 595031
306 2714 160753
1350 2508 633207
1254 1563 645506
390 649 157043
1945 2177 120711
1724 1865 98492
1424 2235 522084
117 2726 600806
741 2324 946393
2657 2862 814016
69 2274 255920
570 1523 359380
1398 1911 388607
472 2616 99516
1243 2130 247835
1412 2573 887071
1841 2771 918745
502 2448 626503
248 1997 849154
2070 2965 279456
1393 2018 946322
211 1590 351312
1828 2689 179181
528 1912 108973
1322 2368 529695
251 2642 251679
1144 2681 16398
435 2092 741844
2200 2718 745855
39 2086 132889
2043 2953 730497
765 1136 529116
793 1201 264121
1238 2306 465723
20 1573 327499
808 1547 545480
2731 2791 594275
2330 2331 549148
374 613 455581
990 1793 584980
2029 2776 670039
100 2066 585837
2290 2314 959184
884 1307 646712
774 1552 884733
256 1271 603642
233 444 675688
759 2237 884770
1322 1682 143749
648 1875 126311
1365 1401 187475
1697 2157 29310
224 272 675499
1379 1582 138613
813 1940 376105
1077 2010 563695
357 2626 496180
633 1730 280124
1778 2848 469547
523 1119 576468
282 1415 512045
539 1148 442609
2121 2917 20997
345 2212 298566
910 1446 511473
957 1881 145631
288 2360 916045
2050 2633 11606
1847 2685 746977
935 1547 224239
1528 2589 967492
2082 2306 989649
143 2458 129707
1173 1495 975906
911 2865 681233
153 2444 510525
1486 2500 776581
1814 2168 899474
647 2707 607755
270 1274 450907
151 879 733808
749 1376 925751
1792 2427 435374
50 2176 884581
852 2449 398455
1204 1757 174814
676 1764 745377
1867 2486 721294
198 1813 459503
755 1030 772017
1950 2741 764152
431 997 609479
190 398 814071
892 1954 796787
1106 2367 734062
215 2883 644662
1520 1867 139831
697 921 70338
773 1212 951848
1297 1384 886334
1503 2540 947362
96 1498 728406
1502 2434 319415
1830 2730 518203
1236 1987 639477
2299 2313 225214
583 2827 921427
112 2686 553412
818 1389 140919
830 2706 301799
551 1884 146338
603 2455 344426
1628 2423 839097
1296 2924 437398
1086 1375 94897
41 2054 326261
1745 2170 860181
2308 2782 213354
377 2323 312247
1297 2905 141291
1728 2922 42097
1201 2831 761373
858 1386 124502
1354 1738 862667
402 2226 787067
1659 2646 373250
1878 1897 201947
1618 2169 97995
1946 2915 522411
152 621 160709
1191 1388 359099
82 2600 406431
96 2480 588357
679 2538 481904
1117 1852 192726
568 2208 538419
2370 2620 958230
404 1991 525474
372 2691 966390
520 1527 301421
1142 1283 358004
230 548 874519
1957 2212 868686
1261 2473 78510
312 2678 475457
1179 2276 573477
1776 2756 233276
63 840 944015
1256 1921 551078
444 1483 183994
665 2968 478537
1923 2502 713958
788 2142 649369
792 1328 289505
2885 2901 572709
1570 2485 611072
356 2465 113497
2254 2978 295932
278 2344 607533
578 2907 255654
1428 1677 764206
1717 1761 405256
392 724 346215
1981 2054 82330
2674 2705 326124
1029 2813 854750
640 1936 777218
815 1254 503064
72 940 501166
1345 2710 436461
457 2531 640345
1229 1952 49624
1072 1429 708316
2102 2931 549443
1390 2258 750254
493 1516 922568
1747 2992 330791
2309 2581 656899
1138 2686 158320
2536 2550 500819
438 518 181450
1400 2512 343918
989 1071 186359
2226 2576 689502
1776 2988 509256
1375 2123 672668
929 1061 950340
10 2311 280775
897 1045 677234
2899 2941 130369
1544 2896 520900
993 2333 711527
1710 2853 49376
2479 2749 371498
338 1826 639372
632 1439 164495
662 890 616245
985 2858 150591
474 1292 233115
1748 1803 594955
921 1055 380381
690 2356 513217
683 2929 259804
228 1984 983332
1264 1726 189583
1493 2590 379082
2570 2980 161507
1096 1812 985047
138 2550 272460
771 1380 971857
170 2205 114733
1272 2981 401121
41 2242 806368
366 441 968293
401 841 58850
1288 2293 374964
1262 1920 771934
1097 2397 70575
184 2785 227348
867 1916 118016
58 2700 439718
194 979 639282
467 2575 371711
2730 2882 677549
550 682 719392
31 2682 783948
1143 2158 994057
146 675 188637
1555 1991 752320
497 2429 636532
1460 2795 196481
1465 1865 211500
692 1040 944898
829 2867 538108
592 1859 286881
1641 1991 863793
1257 2640 810412
1250 2552 34381
2793 2859 313741
2246 2542 715132
209 1729 918544
1725 1918 643247
171 2639 23827
2255 2888 791832
28 705 205705
596 2256 376384
1762 2847 83882
805 991 552584
511 2135 741947
916 2812 498234
1148 2929 917621
1310 1693 564427
994 1602 821077
2086 2677 574255
1658 1932 984319
135 1156 307929
303 635 548431
572 1303 611406
341 732 162942
1075 2474 919909
163 254 285230
1674 1999 343901
233 952 74067
2415 2780 125018
1685 2494 815037
1876 2315 265342
92 1229 701126
2401 2521 304160
294 2801 423380
6 1859 378732
1496 2778 96011
594 721 871383
965 2609 418194
1537 1750 627261
301 1502 921473
1542 2971 709272
2274 2615 481316
1102 2144 419679
774 1110 844526
429 1284 203193
512 534 339518
675 694 201884
1820 2265 348998
1386 2219 148871
400 2158 844510
611 2786 971608
1767 2390 366244
1433 2671 258634
71 1679 220941
161 2513 6159
308 2071 547021
423 1563 536518
30 2327 506079
1480 2125 449817
1450 2816 98865
337 2904 167542
207 913 166640
2408 2730 986664
917 967 427179
1662 2718 456657
2426 2768 820966
598 2461 332038
75 2792 96510
32 2652 382087
313 1356 39539
989 1485 448090
151 2404 895511
2784 2800 375299
2453 2749 58130
1295 2673 997857
33 952 206415
290 2192 865383
2498 2702 454727
594 2933 533430
1187 2772 563944
179 615 158868
940 1549 876065
1363 2832 307852
1686 2354 247309
2291 2622 975266
1470 2656 112057
674 2848 934128
549 2020 578068
2363 2746 584865
1476 1721 478834
781 1204 585545
617 1501 573053
1919 2602 90208
2132 2511 283256
512 817 591962
1520 1834 964977
125 1752 65444
1597 2536 663107
2062 2325 15548
545 1385 861381
1221 1427 325229
715 2612 920979
188 2891 489638
348 2672 749367
51 1976 915062
2524 2790 247155
953 2180 323815
289 870 257133
615 2353 427956
304 1605 702455
930 1092 146216
285 2476 134587
1065 1242 274068
547 1309 924160
503 2520 305708
669 2650 70555
2533 2706 54846
1777 2098 957748
141 302 503248
529 650 51123
129 300 190038
2184 2605 38536
391 485 644685
1020 2484 388949
915 1477 349815
51 2174 415928
1006 1200 776307
1585 1732 821048
1177 2287 218104
470 1230 277323
1067 2105 418222
998 1992 819073
2271 2907 384681
532 1354 607185
964 2584 199618
2362 2703 902719
1072 2365 795284
367 537 250214
1266 2835 368016
1713 2659 995047
935 1499 59902
7 2748 588718
1431 2288 991889
1935 2254 42014
1653 2179 42533
881 1525 148953
539 2087 438743
642 2406 64365
551 2722 474497
558 988 616414
1086 1599 174288
1491 2195 369548
130 589 495684
225 2631 177857
2236 2747 516356
2008 2822 469273
2153 2950 871580
1259 2495 112270
522 1301 53396
2088 2409 938463
954 1140 943918
1500 2867 468957
902 1367 325755
257 2316 24274
259 582 806234
1184 2783 205134
142 1754 863438
2317 2394 827279
2899 2968 180411
1504 2601 747276
2068 2778 769597
1700 1780 944926
374 624 973797
637 1427 959564
109 161 771601
873 2021 676593
1577 2790 26919
329 919 943884
1276 1669 524142
1845 2502 17956
334 1526 19721
945 2166 694998
882 2564 768016
1805 2881 269245
1588 2318 966412
2106 2170 247740
1060 2941 493967
40 362 596330
538 2909 388398
2016 2805 145691
1778 1788 523549
1950 2298 454471
1151 1600 774949
221 2563 189018
41 2487 696260
102 2208 597143
1481 2794 376353
2165 2958 57130
378 1850 572778
534 2995 182984
1284 2867 528588
275 2333 554565
901 2335 705166
43 2089 905970
514 2742 258763
1378 2156 793584
567 1108 448138
1900 2014 650390
472 1838 223739
134 1276 30458
62 262 321809
1087 2294 546080
1550 2711 736182
555 2505 571133
427 1506 60079
0 71 520870
1201 1604 325198
1150 2668 816666
1001 1002 631630
541 2845 733352
1146 1929 874702
1056 2953 901118
502 1744 84845
187 259 715856
646 812 569982
1896 2813 688481
254 1788 679016
13 1277 370225
671 2907 659037
924 1543 923332
43 2762 524981
115 2261 343114
49 503 57254
2299 2579 563248
541 1136 574242
1303 1961 578754
1046 2287 811406
1314 2392 750011
1302 1605 446426
475 908 28267
1316 1363 269121
1824 2200 909251
1103 2290 632543
813 1928 598848
456 1622 646506
1339 1415 988018
974 1568 562894
795 899 30824
142 949 773929
1853 2745 907642
1017 2626 693600
581 622 504499
2565 2608 174620
898 2448 794073
1886 2900 113957
787 1889 637529
1465 2355 683865
515 1067 655700
661 1414 411656
1025 2970 555904
965 1350 102127
576 1356 174780
1355 2717 793552
50 458 627509
1756 1859 516714
488 2588 293230
332 2871 406170
96 795 886255
875 1794 132046
1311 1438 267468
554 2972 806626
266 1517 332496
1344 2557 534297
1266 1427 678599
403 1178 99577
2303 2809 574245
896 2878 555971
2333 2460 301846
157 2587 675789
1218 2156 519139
1090 1795 199038
2319 2824 118013
1125 1931 320294
776 2750 945386
762 2314 310839
1283 1471 393289
1325 2683 897828
869 2856 21379
366 1509 283861
1691 2149 966544
197 1842 979716
119 2691 870371
1348 1768 542007
288 514 655092
1661 2607 276186
435 967 284840
1510 2917 699768
285 1703 558302
2005 2757 687702
1362 1855 342808
1122 1937 730924
1122 2237 193924
2025 2663 705857
65 2901 37350
1891 2943 657314
772 975 872229
32 2538 665790
1486 2100 116079
1425 1502 261345
1447 2385 369929
876 1749 906507
187 1176 748022
1724 1919 5420
354 428 724547
1093 2669 661631
753 2851 491053
817 1482 662912
670 2334 775472
1517 2389 471819
1869 2047 419886
1974 2114 865235
397 2628 863288
1651 2866 887867
519 571 48891
870 2367 336404
1227 2070 836746
471 1746 305396
1945 2735 976515
2212 2406 758127
260 2565 394145
95 463 861813
693 1266 668382
106 1457 262792
144 1902 556547
551 2597 98968
725 2204 688461
799 1289 473916
1007 2860 722685
807 2521 71759
1199 2948 802045
1450 2647 605093
2420 2586 857706
1039 1420 448361
906 2810 515842
305 383 446677
1317 2803 318123
1244 1650 431052
2265 2661 916510
1019 1736 373527
1104 2877 757358
623 1851 924602
235 1629 234425
1246 2973 52722
483 2783 285418
1430 2636 368270
414 807 94376
996 1374 837863
200 2306 462238
1542 2482 746558
1102 2410 956648
317 2007 776368
547 2193 661719
451 1064 340568
641 1924 768353
1325 2190 793537
1020 1190 795176
384 1556 591238
657 1192 506853
1581 1618 492233
708 2005 70577
250 1082 256332
1074 1647 464624
2563 2799 234735
246 2815 65114
612 909 629574
1960 2745 347559
2048 2841 561174
1757 1765 816918
861 2359 265325
675 2085 625627
1259 2728 31835
1799 1888 874275
580 1396 499024
1801 1921 99269
1136 1595 190291
625 2763 724742
1882 2543 120029
384 2078 627657
1064 1407 618448
2149 2301 497937
186 2527 652567
1098 1812 491637
2056 2750 318747
783 1585 429855
325 1016 146078
617 1779 830336
1287 1935 938424
76 2489 744852
2598 2922 143468
1087 2127 733581
1034 1880 167719
115 1693 264223
8 299 215892
1032 2818 585511
281 337 861662
347 1645 327672
9 1109 514371
1146 2191 707076
250 943 299474
1019 2057 452452
310 2368 573569
1388 1535 809668
814 2991 674989
340 1853 109358
1707 2813 860654
718 1534 875185
629 1760 229398
699 1773 653230
512 2851 190535
658 2550 404286
791 1977 594030
549 2869 139011
926 2753 974880
509 1394 39050
1719 1770 936271
1965 2296 990682
1089 2512 919720
2003 2669 307612
1908 2074 419789
600 1177 565798
884 2424 948714
1437 2297 386342
1657 1689 542838
834 2470 435239
193 896 683592
1358 1622 809091
87 1504 969555
1631 2757 784038
2626 2716 779328
867 1071 76474
465 977 758759
1423 2160 298036
1995 1996 192873
2178 2846 57403
1134 1512 105516
1557 2001 261296
182 1723 968244
2159 2736 100318
123 588 511707
403 2076 724735
276 1121 723693
1209 1995 328617
257 1918 703970
2452 2912 857748
2760 2872 658168
2172 2274 310728
342 562 357421
283 2252 865447
1378 2624 70678
1078 1838 178388
47 2683 297183
687 1133 462847
938 2603 360096
1050 2429 33679
2566 2850 983895
1449 2457 679018
118 2077 407944
368 1023 499684
1822 2787 212782
70 1933 901697
422 2663 829724
2367 2769 975785
559 2440 87541
1239 2683 807527
393 1910 490564
172 1082 555101
603 1445 835833
229 2184 861384
819 1926 419009
770 2171 405676
2068 2347 917889
948 2911 830812
2309 2398 895726
1086 2782 530984
1529 2324 316235
19 623 661731
1211 2048 9856
75 2101 198415
29 1717 182676
2118 2178 586984
1364 1661 665287
979 1526 338698
1226 1334 528719
154 2111 309183
409 1760 703213
168 568 288105
58 2694 965994
1164 2145 367048
394 2691 296499
2030 2411 868009
1359 2171 483470
1193 2237 537772
1167 2941 152952
2278 2883 464112
370 2460 615389
305 1685 340125
496 2947 381043
286 574 75597
631 1600 568052
1458 1894 250199
2044 2566 179510
847 1364 480890
1275 2738 591144
1630 2660 679203
1991 2313 213547
283 2280 443547
843 2468 525195
900 1900 314448
1966 2214 335064
2174 2230 833215
123 1614 834405
343 493 480250
860 1265 320156
1505 2248 328667
1513 1554 975932
190 1051 807941
436 647 464881
768 1591 27603
2183 2930 914191
1255 2561 101729
1459 2225 683498
249 1321 529907
380 2597 334228
2126 2769 70789
2320 2380 861876
203 802 704815
734 1207 396415
2183 2525 534133
796 2574 553046
1187 2036 81641
1102 1361 316476
265 2411 818429
2108 2756 768114
