cc61ad56a4797fb3f5c9529f73ce6fcedd85669b
1
2986 1015 1366 10734269651
7 1239 465224
2242 2265 518785
391 2762 243369
975 1943 41922
517 2822 76830
74 455 659431
549 1731 273686
920 1108 592606
373 1294 151302
400 1937 18111
1035 2787 487474
705 2886 918424
200 439 79306
360 2832 929381
242 2006 294257
284 1904 287903
930 1180 31256
94 2270 487851
136 2511 936521
496 2858 425843
52 670 764480
351 1952 560722
538 745 479091
610 1563 184169
1885 2149 404339
896 2569 605903
234 1821 178411
2867 2922 46245
2683 2699 948420
172 835 766470
1172 2769 480107
1531 2466 909726
885 1644 167850
126 218 618834
1622 2499 17971
512 2679 149341
865 2702 506620
1078 1275 428219
1120 1780 344771
302 1609 79357
362 2069 721011
2107 2513 218237
1291 1328 746655
1111 1820 992684
945 1206 678443
188 1034 857863
2450 2869 762890
1703 2697 66664
839 1254 103905
451 733 463353
856 982 738123
340 565 68355
2432 2868 897782
1726 1956 990948
2379 2924 409514
2610 2774 867039
465 2591 722346
1660 2211 741454
1190 2703 401395
332 2205 89330
120 1528 586401
274 1593 663979
300 1856 234545
983 1040 844355
632 1682 1313
1341 1424 345764
852 2749 716148
216 748 290922
810 2261 94737
743 2251 373779
1571 2783 329547
2278 2434 263251
1379 1926 505660
766 1950 459012
1031 1549 880970
426 2227 862011
883 1020 836875
1026 2416 992886
58 1570 373765
1092 1936 386609
502 527 28046
954 1436 864408
1313 2850 380434
47 2152 632150
203 2087 375667
648 2612 246347
612 1620 245451
1133 1532 829789
277 2491 478221
249 502 498662
3 14 566665
850 1813 40715
155 2801 586382
1587 2136 762860
924 1920 964457
203 1993 20279
395 2878 650316
834 2152 635287
683 2178 435914
1517 2594 73802
310 2398 315903
307 2172 541777
2409 2803 559245
1868 2071 841152
811 2858 901377
675 1287 56757
868 2445 614547
603 2065 813925
37 1622 249100
1460 2499 12882
1670 2725 800130
633 1261 894745
74 2871 882495
1847 2145 740071
49 1664 461184
1297 1345 866508
262 2401 234393
2023 2864 31144
1281 1857 977142
510 1372 406721
1006 1939 365116
480 2983 55287
1916 2737 281997
719 1840 257935
1123 1434 151786
402 1711 542763
2082 2284 712692
310 2971 123738
1033 1095 505739
1086 2037 703564
667 1786 449367
2123 2808 29406
944 2606 531173
181 2479 775444
907 1497 249897
338 2021 645348
1263 2830 467170
2263 2904 21871
203 2965 537435
687 1035 408139
1555 2824 836621
1779 1936 663099
75 2129 956706
91 1933 315328
1628 1863 839508
2218 2931 402248
2096 2916 153524
1951 2739 220549
1407 2125 237831
178 1038 972505
1105 1709 509003
2377 2732 631917
1246 1882 878231
468 738 591393
2223 2282 647840
479 2503 933982
537 1895 773527
659 737 298247
2238 2264 610544
548 921 695821
2231 2801 454206
1636 2439 408929
2142 2455 280250
2574 2917 594181
1210 2017 398499
1008 2085 960572
1390 1764 556799
593 1365 499168
497 887 782911
161 1834 850194
236 2878 391872
1535 2318 125707
2040 2917 402862
961 2231 958993
1187 2560 391491
1730 2887 298758
1749 2559 937133
963 2863 968987
1593 2905 382030
117 1484 393633
506 893 734173
1060 2066 480896
0 1601 390122
315 2247 523264
1851 2019 341950
553 2642 589317
793 2794 120544
1145 1414 437080
1071 1586 295796
450 2411 365919
1188 2772 801791
1608 1836 793327
1841 2515 862534
532 841 460408
788 2448 33555
138 2187 50591
1063 1558 42201
628 1410 407273
594 1355 531695
546 2667 108114
1275 2590 539640
831 2524 788030
1100 2182 974052
1407 1541 734919
18 419 581455
839 2745 922357
38 846 606087
255 716 10059
1934 2310 381163
928 2953 150334
673 1640 238318
310 935 853313
1514 2462 725051
626 2307 524987
1142 1183 101363
2088 2683 198298
179 2157 426001
137 2563 835201
1020 1123 707183
1171 2793 450141
1968 2827 79010
442 694 588437
497 1992 700095
1201 1439 332704
1568 2121 729089
89 2798 979696
2338 2881 320515
269 2220 342860
736 1896 812711
343 2002 605499
154 1545 294553
292 785 556444
1016 1809 723502
1686 2277 584979
1018 1815 608230
157 1412 251806
146 2732 490064
440 1213 514309
140 1099 625485
797 2159 175472
875 2457 500204
143 1429 795282
1036 1411 87605
1657 2088 99779
233 1272 897
633 1767 563628
2467 2630 283014
1479 1648 254875
543 2847 370289
487 2885 806135
689 1496 519980
1590 2878 851213
575 1201 429375
2547 2579 386504
298 1242 387922
2453 2697 691328
1041 2791 653777
60 715 164265
193 1984 589288
706 2823 213100
250 2365 210477
366 2243 985746
129 2363 903582
83 1500 441693
142 2937 601727
1405 2345 49649
542 2453 67302
1043 2052 344943
1631 2567 138002
1456 1472 735203
183 956 243637
220 2846 805395
412 2619 958290
742 2139 908024
180 2068 962945
496 723 976265
1090 1695 568720
677 2635 856306
932 1442 909892
1746 2417 636708
277 2278 237949
842 2975 345350
299 753 967095
783 1605 894025
833 1538 311980
404 2080 727897
845 893 648279
1171 1909 332655
1019 1555 54100
1855 2070 97475
383 2484 557924
920 1618 444063
1742 2397 125324
1066 2010 234959
2578 2927 974300
809 2359 906228
617 1255 844813
1869 2295 357752
424 528 841732
959 1221 652444
235 990 590579
2159 2314 44910
900 2113 967455
738 1275 902614
233 2452 131836
1875 2874 259214
796 2116 854516
949 1316 780914
1339 1920 116358
164 1967 952941
1760 2730 303563
164 389 28115
2184 2753 755732
894 2473 612301
436 613 497840
2664 2820 928559
193 1057 832650
2097 2766 956454
248 1467 468334
614 2102 189517
48 716 289900
1082 1995 65438
1409 2717 422613
2258 2889 532997
1197 2599 461987
536 2371 829392
198 780 419829
451 2857 606787
8 1633 908983
1954 2221 629577
1604 1901 78944
1133 1933 374213
945 2015 375253
2488 2515 650565
1531 2237 485483
1022 1703 911704
916 2592 341065
1193 2162 844406
17 33 593708
795 1175 515422
321 2419 48517
583 2832 262333
1819 2166 563261
1569 2972 737802
2046 2520 825432
1161 1489 970735
1862 2687 313079
224 1001 666209
2322 2729 896184
123 900 168016
2419 2471 679416
27 636 411322
1466 2786 883064
392 2106 368218
155 1879 775389
270 2409 64127
789 2783 164049
1008 1889 956215
202 2573 174280
884 1217 765226
2028 2052 784733
2464 2827 307138
740 2039 339546
1278 1986 303368
518 1799 782998
634 1134 986058
307 1383 847033
112 2254 159032
359 1449 918555
1940 2918 859087
1385 2908 753227
332 2728 857325
2361 2884 108332
1003 1695 923842
153 712 251769
1090 2388 314535
276 1960 781416
211 435 194569
1010 2477 71533
1649 2062 7230
1088 1873 747797
2111 2732 556856
49 1134 295635
249 897 144215
6 1881 439832
336 2163 338328
22 2406 773851
1 2139 295723
1419 2446 420152
624 1179 632163
133 1502 503860
226 246 443719
219 2338 70495
797 1285 539077
359 2129 764946
1903 2429 192838
289 1117 908504
201 322 109213
160 1107 766249
93 1669 756760
1517 2783 630674
124 850 896569
1783 2378 592944
76 1174 548223
1993 2317 228506
1773 1874 573533
1292 2132 893215
506 989 485004
337 2275 615717
313 583 598780
2126 2140 966896
76 469 337509
471 1799 864323
1024 2706 153213
257 734 578337
744 2688 526402
726 2341 627116
1113 1478 508406
483 2577 62127
669 2265 586667
198 756 31991
513 2409 724340
486 523 799323
1658 2601 75515
789 2203 205917
786 2065 173361
2215 2679 313193
283 1630 654496
2209 2769 375610
2604 2822 915612
1298 2572 250716
369 2372 852824
853 2583 578572
198 1909 826004
295 2011 359035
2485 2668 586612
196 1287 531825
608 1831 181676
1952 1985 302479
1183 1941 269208
2324 2413 491373
1814 2417 324776
311 2968 294178
2124 2530 321849
862 2128 650401
33 454 67582
493 2544 471744
102 1870 666013
103 2614 91157
1009 2415 802006
897 1430 234233
470 1480 697566
1223 2195 208110
985 2426 385354
1741 2451 178141
811 1743 84199
986 2345 343095
591 1417 360550
1424 2875 993470
2298 2981 10868
758 1181 834652
439 457 247272
1516 1603 871345
2223 2618 689686
850 1858 402026
1223 2531 475008
1951 2894 440524
1565 2421 2732
95 720 636881
2180 2254 558353
71 2687 222569
754 1386 458987
2070 2754 772385
306 2639 898286
601 1325 789921
1072 1786 554647
595 1482 328591
964 2155 521885
2170 2919 532562
11 648 929671
265 2337 228465
636 2835 528983
1217 1635 108953
797 801 90148
1288 2466 389437
2503 2969 110469
1113 2571 628312
519 2509 785513
226 2692 716878
1680 2016 421508
1534 1675 70320
1083 1967 679012
613 979 326687
389 2912 780514
2747 2982 783112
190 1687 697011
1306 1930 143693
576 2461 149022
720 2168 737476
577 1890 795592
688 2209 20184
1323 1524 8235
1274 1347 796749
1230 1517 888165
1685 2029 923682
543 1962 387565
120 2851 489615
125 2639 321952
71 1966 573806
62 2384 57017
362 503 407094
1978 2675 461024
104 2478 211745
74 2358 602777
331 700 700784
962 2455 511773
256 1449 127685
1707 2539 982342
870 1262 974317
1107 1899 512035
2375 2492 220289
1891 2500 683627
347 1370 848673
1486 2276 476815
2628 2860 363681
989 1915 203688
894 2704 30912
1075 1119 385424
2459 2581 320659
2003 2841 158796
32 2554 791041
1474 2810 449831
701 2629 242599
920 2915 81754
2340 2784 88604
777 1908 279974
2461 2954 91598
335 1973 919428
1388 2747 353867
29 121 764468
56 1695 16796
572 2759 81843
454 1931 301516
1677 2891 641608
1553 2521 827334
930 2118 617276
0 1818 408028
465 957 530345
2160 2228 695076
1584 2817 326955
365 983 715261
1813 2489 261748
528 1247 2671
372 2615 657340
2056 2196 866736
1304 1313 776469
2368 2440 357059
2634 2636 748572
620 2452 73148
151 866 835659
659 663 961374
967 2403 401516
731 1870 823141
269 406 324776
540 2877 136031
755 2135 422846
7 1456 399028
1295 1582 926671
1413 2020 495879
1777 2352 622421
315 448 290805
755 2125 842420
1808 2283 272507
263 323 311145
5 658 913204
63 1814 81695
846 1444 462207
1815 2428 864224
381 628 853631
1266 2879 142760
563 1164 475452
2226 2448 397398
1133 2738 195814
479 2076 206780
1236 1701 499706
1816 2706 266261
376 393 697086
347 718 258070
1465 2308 49638
31 2057 593757
670 1276 192281
1592 1600 548678
2333 2942 474381
2274 2642 884637
2912 2936 257870
324 719 971053
1297 1436 691486
488 2091 760375
1123 1280 185911
409 461 374526
1289 1775 991532
696 2223 75967
2525 2623 329837
1085 2626 268159
2140 2689 331945
39 204 504636
824 1750 902478
370 1616 251269
1185 2795 522092
246 2400 466726
1600 1911 455159
55 1155 923195
247 1460 663723
195 2348 887653
590 620 866250
367 508 922651
1240 2893 380737
514 1453 251928
1125 1595 65769
1487 1793 74034
433 1363 461225
1948 2360 172939
1061 2216 475192
613 2517 293472
315 1716 487552
1406 2243 119167
66 2171 661982
1936 2389 465557
747 2224 634950
25 1303 260901
976 1376 593796
2155 2640 177621
832 1316 119709
946 1475 927203
1397 1552 514708
1284 1533 819828
1149 2151 951752
823 2452 705037
2096 2359 462714
1031 1271 527515
1627 2092 746989
512 2004 14764
776 2663 332518
904 2609 705728
1860 2149 28051
2048 2905 907450
147 2669 540552
31 359 935921
2091 2100 486500
668 1888 788004
1161 1530 263826
1528 2535 82698
1655 2613 687276
2882 2947 730886
1249 1627 857401
556 1467 479737
193 673 468695
1533 1994 994866
757 2128 393460
1987 2974 593216
217 1760 943414
1436 1862 869289
2102 2744 170747
803 1825 284467
2038 2539 214586
1324 1498 984031
919 2589 367944
1810 2315 345973
272 728 309175
1070 2175 731131
597 634 349529
86 2330 285503
1452 2240 368738
830 2831 413140
2272 2829 460779
1548 1703 142105
1905 2747 336339
284 2214 665780
1734 1905 627392
1573 1585 972638
438 2713 707395
11 2346 659352
889 1189 469210
1438 2119 845564
283 2665 309519
113 963 514414
323 2085 308797
641 759 511089
1632 1712 790066
448 1373 434454
84 2243 444976
1522 1822 19535
878 1547 339278
1491 1518 2401
1162 1254 686524
328 2591 341944
2339 2666 291812
397 1842 452628
2131 2724 170539
1042 2962 430177
52 1963 806230
168 230 344229
1069 2946 417098
634 2582 362451
186 912 969387
2614 2975 963900
1676 2000 350054
2119 2210 579493
1499 2468 182731
417 1214 724403
887 1732 746898
904 1462 486787
1161 2554 186879
115 611 71766
203 2632 119391
1873 2735 834026
1544 2934 560562
564 2030 609188
286 1357 707747
232 1488 843816
2179 2422 247218
2183 2905 912331
315 914 5298
213 1611 896800
254 811 649070
1953 2821 679599
2031 2910 734695
344 1886 693124
1091 2199 290233
793 2685 573347
377 644 359900
1876 2423 175513
1636 1938 403461
628 2253 676909
472 1662 802476
769 924 434358
1615 2070 226729
53 1673 691718
922 1156 617656
192 2137 521220
309 1239 626395
264 1482 561496
377 2466 862431
793 1808 967935
646 1955 581238
21 950 21054
1856 2240 360451
23 317 72690
357 1355 539765
1730 1955 910534
489 756 804106
1943 2607 560639
1439 1614 316085
692 745 490289
95 2047 193691
1538 2611 609621
890 2945 303670
2294 2664 26418
1332 2957 270172
1829 2041 233911
294 2621 692122
1295 2518 569707
1185 2336 462906
1213 2319 472699
1482 2688 906277
657 2054 463794
570 1890 268961
2757 2854 257544
1196 1656 995770
127 486 797777
803 1048 959039
374 759 317078
447 2941 218852
270 1112 370561
854 2634 410053
2347 2860 370481
1833 2128 904330
271 1920 459246
2285 2555 652645
559 2396 440950
211 1679 212856
1735 2558 477686
607 966 187412
578 2951 785940
1218 2885 320477
1044 1878 604457
518 2876 204169
631 2957 291788
589 1475 726471
1032 2919 929801
1134 1624 872380
908 2892 217905
1142 1415 673000
991 2527 633483
2743 2838 319015
322 683 341992
550 2675 300180
573 1747 667989
1804 2391 139720
1481 2742 693545
18 714 476160
5 988 260861
2469 2586 814429
645 904 811515
229 631 369220
1285 2539 396239
1454 2816 438693
1425 1988 520507
1787 2549 667481
1241 2070 667335
1708 2443 505445
2014 2808 88085
482 1900 860380
1513 2059 9619
737 1098 387296
1034 2710 809673
784 1264 141193
223 777 903314
1380 2962 504350
1868 2321 182631
1619 2667 56319
125 2556 853143
785 1352 185766
507 1041 233299
988 1681 823618
429 1719 237477
329 2788 669251
1062 2034 875393
344 2843 458996
1052 2433 514164
893 2191 990337
408 2111 816185
1308 1754 350298
1717 2301 262570
1439 1486 250032
1602 2399 420564
1443 1852 722909
425 1858 799715
1373 2839 794080
920 1224 385148
1852 2229 816133
32 1954 60266
247 1127 950819
840 1526 773743
461 905 164479
827 2106 699388
1699 2334 639247
2658 2869 826365
77 2167 639320
8 583 776651
425 2291 636600
1966 2980 784837
1174 2376 728256
1405 1519 79865
80 241 595001
1609 2127 371131
597 998 744520
599 1281 310616
912 1986 897132
386 1011 829221
52 2705 53091
1205 2636 982704
1431 2863 941100
2281 2814 489176
1484 2684 667368
299 1390 116921
285 752 679130
1828 2565 76223
2351 2703 452685
770 2966 285596
710 2812 653205
1095 2755 218900
2178 2197 611757
1578 1775 112373
201 2792 92992
2926 2946 596965
4 2895 24067
148 2364 955539
535 1599 341119
54 2686 372944
54 2051 530348
1080 1088 381046
72 2766 913657
171 2650 582406
1503 2671 11561
671 2309 363088
1461 1764 218199
1144 2467 586635
1147 2587 993690
1353 2879 967876
502 1367 830531
1690 2036 421427
1066 1331 9475
1179 1800 952234
2526 2806 534826
1481 2661 502247
705 1801 143882
1614 2552 460040
133 648 875578
45 140 422878
1330 1605 300982
1614 2532 323802
126 1118 480036
510 1774 257059
2649 2940 761073
1296 2451 838602
1380 2881 706714
1238 2250 307605
1598 2316 889351
361 985 937784
1321 1543 308753
944 1083 40866
876 1906 770725
1739 2590 404338
426 585 674752
318 1893 582538
588 832 261594
1687 2516 911228
331 1893 130079
2334 2765 254114
86 2041 399896
143 2732 137418
699 2778 397993
1885 2452 686093
1754 2457 927603
1386 1983 196609
1850 2303 103321
882 1388 920900
165 956 625824
272 2253 606777
1291 1866 831920
940 1949 62607
1672 2315 113975
221 965 475516
240 2334 397549
1668 1777 110538
693 1466 785266
1548 2694 41544
1096 1727 233939
2135 2248 948193
1736 1991 127531
421 1715 667593
40 252 485734
2473 2848 376211
648 948 10465
1469 2356 344351
356 747 128685
2108 2268 833329
2272 2789 713651
10 449 751710
820 1550 225457
935 2439 340448
1926 2364 676706
601 1105 939144
382 2488 553020
335 2734 523986
516 2334 606355
407 1972 369748
1151 2562 351963
1514 1944 785105
320 2693 287434
481 1716 351210
163 1678 215068
68 958 649844
20 1173 142256
1311 2746 404389
241 1137 502480
71 2829 274023
210 622 306894
1170 1738 503759
1876 2138 514377
265 1357 408743
2584 2944 590287
2033 2418 756455
1549 2511 389405
327 1334 767235
479 2789 312961
365 2313 498654
1983 2828 590752
762 2543 720092
1149 2585 771156
422 2958 226709
837 1420 85933
583 806 976613
917 1215 543257
761 1729 179552
626 1612 969310
515 2502 944867
567 977 110659
2491 2678 686533
223 2682 848207
1855 2472 662445
1758 1846 69033
1338 2662 385021
625 1042 129950
1780 1872 684268
107 2630 135297
193 2017 259506
2175 2979 331821
682 1635 680668
1714 1766 485606
1613 2752 684671
1731 2035 274590
1228 2627 266313
1741 2304 711251
740 1748 966323
31 890 116437
1187 2831 642450
1143 2587 662054
238 1770 277453
1292 2439 259322
2653 2718 380905
211 1373 866397
260 475 715904
1243 2622 76340
1027 1446 617105
109 2174 669339
1830 2750 633264
137 938 505326
550 1996 849822
1368 2399 614947
287 1182 800755
1702 1824 488853
895 1496 299640
400 2138 164315
2286 2953 552593
165 1492 707479
255 2238 88023
401 2574 469451
1933 2432 808644
593 1419 395557
919 2031 370120
194 1193 528155
12 814 951800
64 1135 910065
2192 2222 960486
967 2273 402392
932 1965 870987
749 2619 631152
1320 1634 72609
335 1944 781422
2303 2353 129038
197 1711 922521
1010 2637 868474
1470 2693 256302
815 2498 677249
1390 2246 107108
555 1845 23492
1567 2271 535626
47 1770 866778
1615 1638 999116
80 1508 365476
778 2134 50068
1623 2629 71423
1058 2457 723277
354 687 363538
44 2249 96962
643 1782 240326
2047 2201 53477
1946 2248 939413
363 2644 727532
459 1646 484860
715 1501 591254
527 638 755082
2192 2463 906124
1445 1640 138075
931 2106 205090
465 1549 463198
892 2897 346236
879 2061 747601
89 2095 790285
655 1014 378254
918 1804 224507
1860 2847 849023
939 2678 141535
1475 2901 443246
1953 2522 665192
683 1025 988215
82 2660 248159
584 2438 384542
495 1909 241349
974 1095 604221
245 1499 129368
1091 1667 798998
1399 2447 467124
1192 2583 802311
57 2328 958551
292 2502 477083
1400 2956 961981
1575 2520 494717
873 1129 623402
908 2325 464327
1339 1647 414790
1453 1755 276920
1101 1633 22754
304 1067 119236
45 348 955289
663 1012 293062
1821 2007 408081
1117 1557 37073
13 2254 657121
252 854 551972
622 2519 612492
293 2055 64955
1204 1822 673900
1318 1823 413506
1847 1944 79338
2124 2874 797029
927 2691 918122
2346 2564 562498
1094 1706 653699
2150 2657 409600
166 654 405995
1249 1459 302969
2055 2230 836594
557 2973 610707
2023 2470 937637
2151 2736 980588
196 2316 970515
1148 1369 933427
1070 2189 554220
28 2767 863700
337 2444 99653
2550 2847 451275
69 2045 532279
550 1351 618202
1559 1641 894760
916 1027 192021
213 2719 958881
76 1170 181083
1315 2079 783902
1331 2627 941983
284 1561 960549
650 2483 816292
1654 2052 747470
130 2695 69639
2562 2748 712609
1064 2496 350454
985 1511 322780
1097 1957 770559
805 2135 675539
1713 2693 656707
1410 1863 177586
855 1764 794953
1603 1905 809823
65 992 586286
1585 1778 424442
1209 1657 463546
79 2712 628486
858 2584 779471
1362 1811 126177
2064 2696 758395
531 2549 585775
2301 2382 462828
1049 1168 82773
88 2073 110915
493 941 163105
852 1950 281153
1612 2815 12871
927 1515 207518
296 2437 312071
1477 1716 610552
818 2468 118762
2360 2702 542184
309 1663 725546
1073 1961 620401
993 2002 842481
108 201 631890
684 1464 253178
2196 2851 830843
149 2631 458068
403 2160 986588
2121 2740 266885
2537 2883 428248
917 2213 294091
14 1737 446936
180 1824 105150
144 2646 810173
1877 2618 173457
1665 1691 333101
346 583 970679
713 1979 396431
904 1537 463714
272 1029 723345
2476 2659 969254
119 2741 289318
703 2279 304572
662 2581 555022
1055 2336 757283
1288 1998 398093
835 1692 646561
150 1728 908413
902 1222 881320
375 1812 666431
2824 2921 810259
398 1917 847885
600 2157 821455
2228 2783 974635
47 1843 884311
1782 1806 185980
1219 2079 365591
406 2756 41137
1365 2078 22578
333 1110 188124
788 855 288223
906 2497 401891
168 524 367022
431 1700 113295
1285 2217 460521
2335 2868 819396
2064 2770 985621
640 1810 903307
215 711 778520
273 452 63435
212 2300 817844
1054 1296 942807
2045 2446 819761
1230 2182 218785
632 1705 985690
275 1724 662219
428 493 787421
718 2030 377438
2658 2720 58262
835 1994 354196
2619 2725 207781
274 1346 854287
2726 2798 406459
529 1194 668973
1056 2299 410676
1598 1847 180275
188 1125 954974
176 2961 744870
199 521 100697
1946 2327 563320
1807 2165 824534
831 1781 933279
1117 1803 220033
460 2746 834690
547 2154 106043
197 2542 214541
1465 2668 681472
1753 2651 135397
269 1903 94760
1848 2236 909429
135 781 658633
1288 2785 735141
1526 1546 938745
442 1817 870700
1584 2113 918705
1411 1581 912380
553 2251 992077
413 1389 838172
2123 2603 87664
1766 2795 447060
1515 2418 395396
467 2949 906497
2478 2572 510175
1993 2776 787336
556 1325 281345
81 90 762279
464 623 433850
1970 2010 301735
2015 2689 310568
742 1307 838830
1349 2041 286494
836 1522 332401
1581 1719 825761
1771 2359 385926
932 1687 887820
876 2592 693079
1652 2777 390675
941 1341 91251
2540 2606 281700
1400 2322 157054
1854 2930 329577
936 1389 13769
783 2973 382378
162 756 95484
1138 2974 802704
162 272 403376
1 1065 530116
547 996 452313
1136 2338 219062
191 2376 564832
178 1576 775034
50 2063 380111
946 2190 716620
79 1839 985382
743 2164 45876
1572 2480 546315
1164 2295 787269
330 2034 102621
1007 1140 569087
96 715 246185
2234 2611 561044
1994 2705 943669
1326 1372 894408
433 1364 426298
311 1306 364337
365 1367 240560
1789 2828 663134
205 797 895361
618 2422 574420
1045 1746 516767
1317 2625 892340
229 1999 92785
1248 2419 593656
801 875 303400
1151 1250 686620
389 616 720753
1928 2741 97369
1194 2004 776259
1848 1974 92684
1634 2932 932503
2252 2641 555254
536 2899 192248
144 478 428508
1808 2631 387568
781 2755 578191
736 1205 381026
907 2731 764614
1990 2880 561270
208 1920 183655
794 1284 177326
2636 2738 167012
880 1812 330200
485 2410 516482
170 2339 302044
235 296 5685
821 1122 452533
443 2703 38440
598 1977 532156
1198 1580 277721
1403 2877 640160
1768 2557 967840
169 197 835058
2088 2538 495183
589 2147 64285
1732 2740 643381
1224 1298 665971
1059 2424 319805
2427 2623 34274
1098 2537 324852
1722 2944 682949
126 244 800552
56 2534 891671
1379 2656 239723
561 739 129154
1301 1603 777399
1053 2057 364053
1173 1273 910187
2381 2780 739221
1089 1172 925364
1959 2100 242218
74 2083 143367
697 2476 251066
1455 2075 437834
1668 2428 516691
517 2875 246994
2076 2402 864386
1543 1750 972295
744 2256 465281
1782 2857 419236
1259 2290 58572
414 1870 414107
841 1864 972692
586 2452 60246
218 1217 905165
1459 1549 989655
1728 2482 359842
1577 2400 866688
981 2474 500297
1126 1298 773679
849 2213 622064
1001 2268 615489
2223 2828 574038
1316 2860 112632
1727 2706 738999
1607 2084 107127
1199 2700 413855
490 2588 370282
444 2018 255264
1055 2943 241282
1306 2191 395615
1248 1665 106526
837 2945 74184
447 580 813701
192 1759 137442
393 496 483408
1353 2561 207228
1383 2624 53605
1472 2655 758855
1791 2349 258717
1581 2032 766654
515 2490 406663
331 2089 120959
2367 2881 621510
930 1089 240381
917 2878 59797
621 738 336079
1400 2575 722219
82 1464 345504
815 1345 888314
1710 2608 869065
296 1040 952593
2735 2912 221692
2328 2536 550113
5 2708 399447
861 1084 742876
2749 2849 11800
478 1141 596089
281 746 130480
6 1384 582036
371 2766 672688
2435 2578 316979
267 1822 739168
960 2807 171620
712 2198 276527
1437 1738 132354
434 1518 404996
808 1607 674326
308 901 550579
197 2184 393689
700 1525 457547
1245 2978 354711
1335 2252 308492
150 1748 822832
291 938 556981
1316 2951 985913
762 1178 733308
602 612 927359
448 2861 545943
1119 1536 595819
2333 2548 525431
490 1776 551361
26 697 697109
1666 1718 798339
622 2555 371173
1398 2269 53298
1692 2141 933734
2526 2528 17012
314 317 530779
2366 2458 385681
1601 2976 812692
249 827 964119
19 500 60773
909 2343 265182
1761 2415 35064
1215 1518 547686
745 2764 627007
1939 2217 882204
962 1723 250561
933 1358 202364
760 2577 485718
1520 1894 832656
842 2394 723886
803 1617 734038
2114 2811 661195
119 485 215103
187 2254 389327
813 1489 157972
725 2709 315247
275 2065 396595
1193 2908 527175
2892 2960 182520
1556 2380 260488
1793 2626 196215
167 772 854668
432 2427 872293
1978 2627 926090
279 2700 904278
320 1071 645605
1800 2207 310112
917 2506 882975
1245 1484 972063
503 1557 963883
700 1340 537554
1145 2486 502047
1084 2074 437155
587 2138 950600
1508 2310 146948
716 872 941528
1211 2109 882677
563 1650 986106
635 2928 68386
10 2410 663750
1932 2625 310888
1258 1769 47056
909 1216 962744
1942 2970 310811
752 2354 65044
825 1294 887979
677 2410 895927
828 2509 269112
979 1923 134994
237 1240 455806
1892 1957 63344
1274 2569 603313
1239 2255 505082
567 1332 452686
1023 2270 775255
1686 2251 208205
790 2602 888555
828 1513 424819
128 470 434561
78 1816 933508
802 2920 603331
839 1666 36821
1104 1170 340902
415 1574 661182
759 1817 380515
1177 1529 386862
709 1202 364383
319 1257 511194
787 1012 106284
1997 2591 948814
1334 2008 925480
683 995 48740
295 1846 874883
457 665 706705
385 1385 336671
947 2295 407708
569 2739 363664
116 1371 988331
749 2872 339074
1618 1987 485814
2581 2759 29626
112 1106 246492
518 1302 768629
2139 2853 589908
14 85 217772
544 1796 189180
2275 2846 839033
799 2356 838669
747 2097 945043
2143 2644 853872
1443 2964 13685
547 2450 695145
532 1437 764254
472 1989 86130
231 624 366769
314 1639 460387
1257 1921 381820
2319 2677 320716
1900 2404 834389
1642 1684 371749
686 2019 737697
2239 2869 696861
1159 2855 68334
2373 2771 921678
1294 1680 686208
1409 2505 863314
1114 2322 348393
1185 1191 223535
2139 2148 589969
1430 1708 780077
462 2119 75798
157 207 381897
972 2593 339404
1069 1323 951554
821 2592 126629
1441 1742 984976
1342 1731 387884
2566 2917 542772
240 910 960492
1073 2270 145003
1086 2843 620781
1823 2278 69372
178 1426 646622
491 981 944369
957 1748 712078
965 1781 162146
1758 2974 365588
980 1621 158316
533 1268 65359
1922 2064 378497
288 2600 555528
554 679 374297
353 1360 205684
110 732 240711
304 1802 851925
871 1440 296038
147 1868 373311
806 981 231154
1432 2872 192824
357 1093 510707
343 2329 622393
1910 2131 994771
2619 2810 834193
1042 2259 623377
904 1153 113129
350 1990 636814
1177 1600 849570
1672 2699 869701
607 1418 697370
858 2514 188120
987 1546 733134
473 2434 614981
461 566 337945
422 1832 39927
606 2928 119515
2657 2903 306745
1590 2480 453301
2721 2796 934341
1428 2197 9968
861 1618 112251
947 2247 770749
659 722 195437
1200 1949 877591
43 2522 226519
2284 2597 810437
505 795 310508
2004 2299 881147
490 2802 313483
767 769 444832
1980 2523 36752
512 2500 167275
1944 2790 927751
2138 2862 962918
1197 1598 249340
1951 2028 546069
646 1882 946350
1232 2025 829040
870 2964 772258
561 798 166027
848 980 595219
2232 2419 443927
561 2984 991750
1026 1773 45057
1791 2911 479036
32 660 653432
953 2156 325761
24 700 148492
158 2056 904226
504 1245 502578
354 2751 157180
680 2075 379812
1512 2084 59822
175 556 369701
294 1629 632880
1688 2026 781474
230 803 53629
1592 2161 822388
605 1019 966700
380 820 944386
839 1842 229853
159 2041 678148
1267 1415 569422
1309 1703 47330
1306 1440 402829
1314 2734 4986
2215 2863 584968
527 704 81601
330 1358 704
430 1227 617729
814 2760 660572
2005 2886 607232
1226 1504 806874
2027 2406 297729
989 2942 423840
803 2985 194468
2933 2973 671153
1084 1269 438696
341 1873 899451
260 1818 818705
1740 2287 31053
576 618 246500
751 1636 571813
1185 2561 279248
564 1521 99175
1936 2527 652391
303 1859 368490
147 1600 262729
483 2543 440685
1515 2800 599009
633 1622 803111
2116 2127 968009
131 375 429372
903 1318 62537
929 1317 231627
2056 2825 946621
1424 2821 456932
439 1074 649364
232 732 512919
134 2670 879028
347 2312 431272
355 1786 444539
1109 1645 315102
93 1238 826913
1051 2563 361338
1402 1620 156921
356 1853 794309
78 2158 297622
792 2045 939523
2090 2714 712715
1671 2323 364867
2445 2677 361482
1390 1591 666584
617 2456 836589
1681 2049 373026
1157 2876 115667
100 2955 135685
19 2582 9379
179 526 882684
78 789 504556
904 1451 891398
177 288 969965
2251 2267 206206
923 2496 124784
387 852 348872
2112 2246 620049
1138 2495 58279
189 2269 814748
48 2922 309036
2266 2436 54228
1671 2038 930185
100 2947 395920
1902 2820 856388
1032 2414 855041
1698 2922 179463
1430 2355 38798
2088 2572 402772
161 2633 295712
2340 2660 358933
721 966 536250
1076 1453 788241
540 1211 371967
2647 2741 525051
250 552 652567
2210 2411 84325
1701 2076 154413
1905 2318 311570
386 1319 701776
1896 2097 155368
1337 1369 212281
969 2748 561540
868 2127 718508
1693 2810 63400
2002 2176 611895
863 1987 816143
280 2548 620823
57 2477 92962
1154 1565 647034
1265 2459 798339
1087 2015 490016
1468 1898 334534
1299 2059 990490
781 1649 501503
312 1236 132789
1704 2883 524598
1044 1478 156336
1356 1656 994167
1719 2036 155112
2321 2510 331270
499 1815 863381
1708 2270 75440
1351 2146 113453
971 1826 65405
2659 2902 52454
1649 2386 38210
127 695 91033
1935 2731 114067
752 2358 169026
1661 2044 839509
494 2371 156004
908 1482 632689
1223 1433 346377
1551 2181 820644
1682 2270 474791
1676 1942 716915
520 1926 593438
370 2852 654140
829 1540 59806
1396 2451 180264
222 1774 382438
928 2417 984637
2206 2260 490599
664 1643 168528
629 2542 432007
685 1319 502999
966 1091 521793
1676 1790 810653
1796 2696 868905
1624 2836 142030
719 2543 577997
21 2931 610802
23 466 809656
949 2690 362999
791 2118 238032
2379 2616 34534
199 520 59935
1788 2424 508152
1279 2170 290478
262 1957 900930
505 802 250893
165 951 556619
1843 2008 489136
2672 2908 812734
366 461 718452
1705 2966 596794
1794 2260 128767
1089 1102 208007
380 2590 46212
2605 2792 685284
1515 2047 266278
2082 2249 346428
1072 1503 200564
1548 2763 402103
1222 1827 678099
548 670 125740
735 2013 753209
1040 1887 364467
520 2622 638997
378 1583 291928
1069 2706 266957
1324 2736 672493
651 2752 472863
509 2674 703863
2507 2893 667113
1028 2326 849928
2755 2940 53891
26 1506 66989
96 857 648714
1098 1169 48381
2570 2842 85112
444 2531 239122
566 851 621615
1207 1283 974228
259 2821 475669
1887 2580 785392
2041 2286 191000
46 2321 944552
978 2935 379090
1562 2782 73477
122 1342 124040
338 359 937127
2522 2681 616077
1533 2724 893885
538 943 935300
1156 1475 934479
2133 2314 634498
13 679 80696
2454 2716 315666
746 1336 295026
729 1746 379026
254 400 885386
241 394 249594
1315 1610 575026
252 1720 779965
511 1475 656309
3 16 450056
920 2700 391173
1792 2206 849639
2651 2783 180976
1695 2431 915527
364 1970 16049
654 663 637718
1483 2147 949475
514 776 938246
1571 2268 164048
2066 2500 393009
1451 1773 488
439 2841 204823
28 2545 498893
1785 2789 393282
2316 2846 142603
783 2788 959882
2378 2566 585445
72 2225 535861
915 2511 959306
1151 1414 459510
364 2965 573223
423 1198 515734
798 1746 349526
230 970 211120
1442 1964 720692
1253 2929 264342
390 1328 353168
797 2779 101714
94 2890 555326
549 2465 194503
710 764 486604
245 1951 762869
50 64 981004
854 2167 402587
90 621 944080
1756 2197 49270
1282 2077 209716
2496 2744 321128
1859 2110 944981
845 2105 827636
1317 2784 604064
1068 2974 468390
2115 2171 118853
420 2057 242960
2090 2454 241481
1190 1344 273966
1241 2534 581371
881 1237 250859
1562 1591 625150
169 1580 834620
302 2612 214725
438 1860 164395
668 2047 882334
381 2374 938798
1227 2311 68261
2441 2855 788853
1351 2644 135705
775 2322 782339
1765 2305 363211
1548 2350 333556
221 1651 50738
1034 2460 189533
219 2101 961052
2213 2538 395792
1238 1778 640767
759 845 227262
206 539 197550
550 2053 130423
1466 2632 72871
1057 1283 121998
105 866 868873
1560 2376 408984
1519 2578 350306
675 1047 536019
1042 1277 649895
1473 2624 537186
329 2271 503997
134 1146 515510
48 1731 862067
282 2019 785993
214 1219 655507
1004 1420 398724
906 1690 456206
527 1784 743873
99 600 718740
1000 2082 521770
303 545 377733
1160 2743 782784
630 2442 254145
1624 2906 996920
276 1689 489435
761 1242 160768
61 1079 188781
933 1948 118111
18 693 913605
1059 2465 897722
1898 2592 7805
567 2950 492402
1503 2723 186665
328 1854 923627
192 2320 590761
1253 1688 992424
1839 2617 128925
1462 1508 607634
56 2043 629112
188 2876 414936
1543 1725 128622
564 1642 759791
358 2511 768199
225 2003 360826
149 1054 554645
1270 1466 873542
509 2553 234946
1133 1140 937644
591 2501 943747
2513 2961 398426
87 1269 980905
730 1116 381739
209 1885 931606
353 1615 552881
1192 2123 283148
727 1028 440853
118 1094 424929
1170 2709 851542
816 2573 101327
2037 2600 713645
248 2084 674856
996 1355 231185
717 890 126566
166 508 600918
1542 1740 346784
2044 2780 459121
1003 2542 296217
484 1925 680342
1094 2587 602035
2156 2399 835330
967 2542 609857
918 2837 720917
4 42 459962
76 487 396439
1529 2152 249928
585 2631 166107
2581 2630 750528
182 1212 124544
1503 2090 954413
500 1950 652500
1348 2037 613189
536 1021 572692
1752 1760 307453
223 2838 121743
565 2073 523448
125 990 175913
418 2930 647515
599 2951 403962
1789 2183 663484
2302 2508 882902
340 2202 922040
71 1391 77288
1690 2235 327523
1588 2556 827703
351 433 426330
698 981 100299
755 1080 988981
987 1417 494248
1037 2780 215641
508 771 278841
305 1374 25002
812 2390 80904
1099 2412 431901
244 613 119722
853 2366 809835
571 800 154552
266 794 22945
846 1757 537079
1673 2529 563284
1220 2655 717721
1495 2525 115955
51 2625 10845
1959 2688 930997
1454 2252 989201
348 1838 784305
27 1023 917048
113 2842 505420
1203 2553 652678
25 1304 876300
202 1591 426055
1157 2673 265483
951 2209 584032
297 1159 761800
2106 2576 71406
1992 2535 484248
305 769 536011
1 1097 576634
2129 2948 455535
1821 2582 659463
138 2930 257330
2227 2816 14600
1624 1639 854127
496 2174 594786
496 1050 163525
241 1822 449260
919 2680 203319
285 2664 915297
1070 1858 596723
1628 2049 666865
607 1608 687536
2219 2301 543666
106 1344 284784
0 2486 870388
989 1110 315621
29 2228 488049
1646 2086 546224
782 889 707619
884 1234 236420
1929 2960 189680
1725 2660 841449
247 705 724289
971 2475 956573
1751 2413 593904
894 1631 930965
697 1762 390047
1820 2004 887649
1217 1485 184422
581 934 676333
857 1914 360676
945 1917 965731
750 2086 342647
1202 1848 791854
60 1386 345414
65 295 96602
1606 2192 526459
1139 1232 895383
116 642 453070
1632 2869 484765
140 1332 941821
1441 1451 412073
768 2552 291800
1126 1653 896805
1391 2308 130936
1291 2762 527077
691 1240 698191
1349 1366 166413
2155 2377 921307
6 2235 453265
2240 2911 521333
702 1320 30165
1587 2030 130054
819 950 535475
2321 2372 661720
139 2674 392922
287 2112 411274
1009 1988 813139
8 2229 609246
39 1782 123935
137 474 103725
467 2096 55101
413 2856 771002
2521 2616 500296
195 2292 48419
131 1333 457532
142 1420 800179
2443 2975 179225
1958 2019 35349
1405 2428 784416
147 2362 665572
2191 2958 147258
843 2256 633565
1647 2864 708152
1357 1949 159798
1131 2014 128821
504 1798 961032
2753 2811 426840
608 2013 719463
67 2734 571254
1186 2284 19922
1137 2594 636500
437 2302 775238
469 1091 931402
672 2264 728429
15 70 881155
2045 2643 966707
952 2507 822176
1714 1845 964473
1416 2830 817148
263 837 436515
579 1177 575626
2122 2140 91917
556 2670 849499
623 1353 934810
2212 2543 510396
352 582 659116
560 2227 315965
427 1179 632560
1147 1455 269004
1231 2939 677008
636 676 843071
1462 1947 306252
2838 2839 103344
1402 2586 267299
41 609 427202
1751 2373 705451
168 2085 883906
739 935 412352
763 1800 663594
1216 2217 743065
156 265 497215
1700 2021 882422
1401 2887 890713
799 1244 575221
152 2755 609091
56 1710 155204
551 1223 938104
161 379 632113
190 1416 818574
1570 2344 251806
2652 2908 335599
781 1752 673232
1212 2722 402241
2707 2863 215206
1190 2837 215272
1458 1750 986534
1319 2124 675425
604 1142 489907
229 246 149135
2122 2363 885659
329 1715 328723
433 661 746125
162 2526 806292
730 2493 305000
1901 1914 352222
66 417 353198
1848 1992 100326
1211 1563 410967
307 1885 30699
364 2095 373634
1681 2752 345785
388 1847 741574
535 2115 253000
385 2384 885799
898 1815 651265
1482 2369 729188
269 1444 131744
1251 2945 533805
2329 2395 932340
322 2072 267571
349 1258 597252
23 1580 582679
1091 2800 258956
405 2490 936644
707 2985 186469
2230 2484 70936
1775 2567 809666
1304 2711 518269
1326 1518 359190
1436 2242 641175
193 1787 745875
174 1020 588694
279 795 400206
655 2721 287978
751 2898 903551
25 2793 733782
1644 2248 73124
406 688 197406
864 2303 358212
2115 2895 900570
1126 2891 634001
1259 2952 753005
441 2241 166247
760 860 37455
990 1763 68593
674 2839 523653
1952 2445 965866
924 2302 951347
2646 2826 603841
596 2399 511944
1371 1504 401750
1596 2979 362839
414 1545 198370
2440 2466 264006
1562 1564 304947
642 826 414751
609 1082 681556
437 466 352516
526 2231 589643
1851 2068 471551
5 2865 902459
1218 2791 925239
10 1167 12266
1656 2373 792959
734 2027 727261
1921 2521 536265
1619 1763 181536
1472 2542 717112
2311 2547 890338
807 2056 671507
61 1503 615868
529 1448 38677
699 2866 364818
342 1835 506785
847 1572 399506
649 2244 56658
2022 2024 534490
55 2916 921073
427 2929 169526
1252 2286 226112
207 1305 470343
1477 1526 732467
1954 2657 710207
161 786 443070
874 1184 966792
972 2588 7305
202 573 482180
630 2305 55233
45 810 90863
2061 2293 248712
339 2320 146977
2216 2959 692108
574 2585 634416
545 1780 434165
1164 2067 203635
1582 2629 996344
1932 2094 786081
2181 2245 177801
2275 2727 179159
321 1969 86829
533 620 706040
1473 1991 315757
1071 1580 83438
2091 2813 373478
384 1026 810383
624 953 688830
114 205 214940
155 2855 359665
1457 1976 706467
926 1986 928201
1632 2833 844996
599 1992 595628
637 1591 282832
948 1559 186255
2945 2959 992781
2574 2698 207177
209 1718 87958
817 1428 188482
1523 1658 426143
2080 2414 460298
1661 1952 650263
184 1395 440326
173 1791 606054
2782 2918 530565
1950 2681 25622
99 2873 664176
1586 2774 381582
1678 2516 72416
1965 1971 76728
1290 2040 310346
794 1268 820676
1544 2034 291477
20 726 931526
2804 2917 57036
175 1354 459899
1286 1644 432431
345 1484 923497
1943 2952 520804
953 2880 146404
144 612 202507
655 838 412524
318 2463 676591
450 2797 708212
1696 2598 650840
336 1900 131198
122 444 571453
1240 2262 381345
404 1076 966870
50 325 776492
957 2829 996560
18 980 347557
649 1393 681306
1594 1731 883754
92 1729 881373
136 937 141689
1449 1907 524744
1817 2190 514187
1376 1904 606025
576 1476 521371
1005 2006 222615
2285 2290 159748
330 2197 96492
1509 2761 747016
705 1435 117584
430 2888 283309
1487 2320 270225
1359 2408 861825
980 2869 781775
2488 2842 162431
175 2775 279091
106 530 486858
720 1924 851200
171 2695 807510
867 2017 311554
1193 2824 202022
2413 2551 831714
445 2810 922479
1282 2569 594459
1222 2828 306268
567 1861 83399
1002 2026 7211
147 187 634259
2159 2186 487860
1269 1835 14034
1098 1745 927498
386 2436 499564
866 899 270842
1887 2181 258359
132 2039 655089
337 1235 697118
2054 2506 322490
152 2080 349693
37 877 290340
2521 2963 100815
157 891 524993
66 2501 887551
2779 2938 58379
1238 1716 557914
888 1008 838306
458 1735 94182
797 1991 719729
2206 2468 456972
2284 2771 464750
1255 2729 279792
61 1643 459519
268 2883 63393
340 2541 221754
708 2139 191276
1314 2320 659973
2353 2896 40651
1785 2484 881885
2586 2666 694715
1327 2412 838578
1482 2707 719979
1293 2873 8750
2124 2510 965968
1229 1375 814486
491 2179 374358
42 58 598665
1300 1980 722096
1995 2315 882022
396 2457 535120
132 145 602379
70 2771 981235
615 2420 413496
1028 2212 788627
426 2939 465937
653 1623 932800
755 1579 505858
210 1145 503369
841 1919 394173
678 1447 43284
206 2277 595615
2091 2395 43277
1374 2382 589872
2214 2606 907067
774 2357 510217
1651 2761 341358
2119 2557 16
1581 2407 936661
278 1279 98847
1322 1549 127276
430 2645 791427
1232 1733 728146
2406 2878 454688
399 1716 230008
2249 2575 582130
1450 2069 783350
334 2751 507886
821 2166 660152
23 1660 650503
370 2753 397973
195 1772 76044
1225 1919 818752
534 2769 984558
411 2223 835671
554 2665 58720
89 814 698137
872 2134 899223
428 958 677109
371 984 965233
1303 2425 401085
98 2756 585586
55 2701 695097
772 2383 311529
1081 2784 262680
1257 2028 402161
504 2923 827202
326 1328 571219
644 1783 793545
773 2467 417673
784 1483 519485
253 2046 550365
477 750 391454
2058 2402 608176
2432 2834 699180
1398 2858 41815
957 2326 972507
1328 2188 464928
2111 2405 416995
907 1057 924786
681 754 181491
2050 2074 566034
1491 1867 941253
1837 2417 200258
703 2812 490957
765 2641 968580
633 885 872971
1343 1635 694204
699 1064 230272
1274 1382 790643
2222 2473 186492
476 1624 538936
2393 2912 116630
232 2401 284897
903 2099 53366
1341 1786 919215
18 1447 495308
1597 2737 222287
899 2866 915363
844 1127 888061
1674 2297 636368
879 2710 884995
1464 2607 510148
2280 2906 243872
195 2639 875521
1194 1871 865667
57 2764 715370
593 1286 352950
498 2915 425010
141 184 573784
1431 2870 864438
1941 2380 43715
2012 2540 740327
562 761 658316
2 1493 268832
128 687 900072
150 2022 806870
1559 1562 294763
253 1445 219693
1007 2583 489260
381 809 635559
1416 2101 578885
182 1576 576311
329 1844 548855
973 1028 302324
191 1659 618922
701 730 998953
501 2038 421009
2209 2525 995657
741 2754 992364
301 1745 281472
30 2167 356455
460 568 813668
602 2585 679136
1569 2961 352394
1469 2773 739654
2275 2615 245429
82 1945 385053
726 2551 802794
903 2913 222749
794 2819 237471
1158 1672 112954
779 2455 585234
206 541 564607
1534 1646 981621
35 1010 990612
1014 1723 491846
1314 1338 38302
1795 1894 790525
255 463 876741
768 2308 666591
2051 2449 249169
378 1337 210864
995 1260 230957
416 906 98885
1494 2015 724558
1514 2596 603319
558 2576 468141
1483 2485 338036
97 775 752432
2096 2130 322351
1052 2230 853671
2496 2884 14200
221 1474 150705
866 2358 700774
463 2638 156351
1493 1842 19632
92 1248 395248
368 1676 944859
1262 2983 225436
1760 2977 996749
1015 1479 65581
1065 2648 18241
446 1467 257255
971 2672 645396
963 1761 957128
1909 1960 911676
985 2845 478281
1634 1994 430680
1469 2685 976773
1852 1975 833057
466 2060 920625
1626 2214 46080
1336 1554 730313
1623 2546 191802
89 1744 84876
1387 2055 12870
341 1013 15901
196 1123 655296
806 1381 686987
281 2371 722293
724 896 908842
1046 1527 181662
1103 2750 419680
118 2240 164970
2209 2430 471740
639 2439 466036
2494 2700 604736
160 2130 992212
705 1226 802239
171 671 722705
239 2979 738273
484 1426 380084
1106 2196 980996
655 1121 311608
276 910 173885
1123 1372 521885
421 1395 630780
986 2737 482139
1558 2539 235213
1120 1937 675124
154 571 430075
526 2403 234019
1005 1115 339727
1165 1972 831600
246 1979 795574
601 2369 537445
678 1817 163456
1565 2517 19675
2036 2947 167877
2660 2907 737837
470 2387 178594
1356 2296 151694
650 1589 440737
635 1241 800631
796 1890 67831
111 2225 347256
1538 1641 335782
200 296 967472
1114 1658 67267
2586 2715 431576
80 735 198482
1300 2092 959865
215 2553 420685
232 486 18750
1222 1849 142340
1085 2888 382692
528 2375 374686
956 2081 49357
994 1624 825533
2287 2292 460084
2612 2910 177984
1413 2661 614268
366 1168 493921
2205 2741 483105
59 2860 479807
1124 1797 702927
1282 2093 111351
1772 2202 464081
1293 1359 950123
227 352 622690
525 769 985636
911 1983 775776
2153 2159 987924
869 2107 561054
824 830 360244
1215 1673 121944
899 1954 926604
1785 2152 469889
2840 2976 975761
103 250 569273
1438 2923 868200
1113 2654 287259
970 1726 860873
885 2298 938354
664 1457 114559
1377 2343 666507
1188 2436 588299
647 1041 750629
514 1818 318248
926 2633 41925
1490 2614 208938
2497 2865 819430
498 1897 993536
2015 2650 9358
167 874 170392
371 1169 417404
1124 1231 537441
1880 2039 824318
2521 2844 447276
947 2557 646687
166 1809 316076
2117 2742 333308
1723 2803 681116
1623 1896 729463
1807 2758 55295
372 2103 714565
2177 2347 22659
873 1688 236259
1066 2342 876223
1218 2935 979878
199 2044 238236
1312 2159 865775
1577 2173 281359
1030 2021 819837
772 1432 173508
1918 2853 446748
36 2868 780566
1895 2475 615867
507 649 225275
316 1157 805531
712 1203 801085
1689 2676 296548
1599 2568 461091
1691 2967 742930
577 1150 918190
528 1291 382732
201 2809 659391
346 1981 494741
1181 2310 87574
2241 2809 154011
1132 2265 42165
973 2595 529581
690 1533 886627
647 2672 444746
17 1666 497100
251 2291 83412
1929 2064 822213
1813 2288 597220
598 2337 772398
2695 2901 104759
2664 2686 660721
421 1683 601925
840 2306 434662
1865 2758 506738
1927 2668 440601
2150 2889 457246
36 522 691939
1505 2236 997399
2200 2911 670772
612 1540 200366
1662 1763 995315
458 1544 53543
2533 2956 850812
2331 2862 891401
118 2169 847432
1422 2726 395478
1039 1468 61803
1151 1805 498389
2332 2720 497270
1229 2349 276491
2419 2756 676732
1130 1204 688584
1292 1645 801970
1055 2357 204509
1029 2859 367984
1539 2451 664683
2059 2601 369940
373 396 48726
2385 2634 698949
886 2011 667993
1408 2972 307093
1749 2804 660403
2299 2429 438784
544 2163 25984
509 1039 293585
1562 2799 862114
2590 2882 69860
706 1383 314078
634 1329 562694
242 2421 591747
1941 2144 459128
454 2598 714564
960 2424 88595
489 1152 477991
338 1152 111109
2267 2918 512662
1599 2107 744505
189 1724 443539
921 2654 16661
46 1955 996873
278 1394 262493
123 795 868861
34 823 12213
968 1596 448675
1232 2894 220995
1954 2479 687117
1119 1907 927091
703 2593 827327
1459 2931 172116
1360 2042 131613
744 822 729568
584 814 315589
656 1219 133144
217 2392 239417
492 2059 290126
265 997 383669
435 644 286780
73 283 284384
1537 2837 142930
1776 1902 759389
1147 1310 79949
967 2914 795776
123 938 924227
551 1606 40926
1185 2765 901627
804 2771 329853
258 1763 572472
62 125 401514
531 1221 365335
2617 2823 703850
2781 2943 513102
304 731 985288
1399 2012 426132
1204 1678 459789
2956 2984 430304
925 2840 47118
967 2733 835273
920 2719 738399
1227 2805 68940
9 2685 323621
3 2102 343340
1044 1421 706890
541 2194 189236
1024 2933 561481
185 287 127512
1566 2460 273065
139 1547 462842
1261 1652 727686
851 2507 101448
1859 2009 910730
243 699 513922
899 1480 483963
1870 2124 423705
758 790 70063
1401 2426 310195
1448 2941 767898
1163 1363 708683
17 913 230920
265 2504 610550
83 2350 972006
2263 2808 739776
1793 1957 558522
212 2317 215861
1389 2192 469363
630 1347 509563
115 515 380890
1883 2455 451804
196 2795 965352
2001 2777 84962
1146 1587 64434
1552 1667 231835
942 2497 239936
985 1022 517180
1360 2602 618107
190 2630 323426
1233 2036 670404
82 955 402740
768 1208 511585
842 1086 16803
1464 1912 298130
716 1195 454035
1310 2405 961730
321 1982 923668
1200 2189 1241
683 1685 895241
503 1596 385902
1234 2764 204585
1103 1900 11546
906 1409 241444
1311 1818 159016
1128 2793 677981
161 325 812136
1148 2977 247318
525 859 735650
421 1937 91178
2156 2303 10344
1637 2118 328883
881 1134 512453
690 1038 229451
89 1392 344657
999 1467 595056
854 867 17958
1207 1471 93889
861 1967 978669
1548 1884 602021
733 2050 447569
2185 2346 65099
439 2545 995542
218 2510 36299
1225 1574 16898
2003 2963 974379
1913 2668 615289
1147 1496 525695
330 2629 408679
532 1721 767208
199 627 327957
347 1378 908540
2399 2925 40479
1176 2050 638726
1017 2582 847549
2036 2762 825060
1481 2487 3581
847 1256 827855
866 2540 637905
78 1942 109752
672 2732 927236
571 2814 459341
1211 1781 485576
1218 1625 975578
281 2511 827564
928 1697 313165
345 1165 949033
852 1520 661010
416 2768 23771
1621 1968 708957
1748 2434 423437
1201 1508 411333
2289 2293 387245
101 1187 346893
1048 2120 708895
1994 2390 483199
1009 1675 607085
1203 2793 347890
221 2512 245659
1435 2818 646378
213 858 656728
1336 2640 748830
559 1518 811409
652 791 677780
1415 2072 623968
308 2011 863465
1404 2200 627810
224 1674 132653
1924 2481 549799
2366 2742 378666
724 1264 446978
2307 2565 577734
748 1174 427647
1461 2204 271678
1936 2778 414324
592 908 653650
757 1221 705200
239 2213 131648
1446 2900 491601
744 1527 621736
2257 2310 77490
1603 2370 627854
231 974 54273
1648 2649 131262
1251 1427 532718
1463 2300 30986
1522 1758 551999
1474 1811 981935
1554 2233 237888
1166 2139 424790
1694 2627 296920
1065 2068 764470
562 1961 57079
375 2226 870102
261 645 292268
619 2286 444272
2226 2390 161043
496 1540 135985
1570 2341 824107
626 1077 547038
2010 2620 420422
782 2278 910480
669 1762 700569
228 286 838048
1306 2897 173427
294 884 547549
271 1350 110091
870 2747 759866
2381 2909 823154
256 2982 648197
410 2265 120039
656 1986 182418
366 1093 313097
2641 2854 153782
1725 2622 529959
392 2653 463599
2483 2983 117876
1178 1507 822241
1665 2098 696022
646 2307 902779
1262 2791 257181
1113 2889 819448
440 1723 545169
2208 2771 456834
452 2514 651876
683 2061 917361
1423 2158 253062
650 666 417200
2193 2202 729175
1361 1451 590016
1305 2382 476984
874 902 523478
1807 2844 154746
1599 1655 326368
2104 2458 931704
293 352 609254
856 2446 128513
781 1510 670539
1258 2881 229165
456 1324 483186
453 1908 573265
525 1352 521085
1454 2969 812429
466 2661 116400
2122 2383 588866
934 1052 467572
1777 1790 474721
329 2692 746744
290 2179 803039
2073 2557 650098
615 921 974660
10 2195 154819
