cc61ad56a4797fb3f5c9529f73ce6fcedd85669b
1
2878 253 1454 2916636765
904 969 870762
60 270 629062
490 752 669990
2103 2694 386049
1855 2132 510077
791 2751 295076
1934 2805 243514
1259 1707 163034
1925 2623 200217
2051 2305 975718
1954 2549 910339
973 1101 46643
755 1721 792421
2386 2455 196344
70 1218 908332
1274 1898 779271
422 1777 897439
2004 2176 76787
1770 2630 273624
829 997 61916
2290 2811 38368
1368 1962 193369
730 1411 414310
799 1631 840064
1786 1833 424924
65 2320 966932
878 1512 658479
1208 1711 75852
944 2691 593184
822 2076 921404
1166 2157 371652
901 1001 587874
124 408 181972
674 2867 223184
1956 2037 436146
911 2569 266673
800 1301 248185
444 964 812409
228 1223 786687
930 2319 91437
236 1905 814826
77 804 524428
910 1107 181228
2060 2670 17369
984 2260 271836
12 13 810054
786 1201 701362
33 992 266814
1128 1917 491359
639 1653 498895
508 2714 279431
72 2607 24883
1869 2604 697500
1128 1410 110010
766 2399 672472
150 1558 373525
1191 1323 272982
280 2342 864257
390 1105 257486
237 2051 156109
3 245 905003
49 1995 744330
582 2494 611403
1071 2739 547855
1105 1220 523474
1029 2811 321958
440 1233 299435
1349 2085 334679
1545 1797 620893
1596 2676 21262
927 1483 788421
124 1043 199147
1160 2383 268022
1925 2614 370662
1539 2591 646826
322 730 315869
1440 2580 584675
946 1356 100796
2039 2669 62370
427 2001 809608
203 2753 584707
1027 1992 702472
655 1481 571891
908 2088 460752
1520 2073 95440
201 865 18219
1811 1903 856603
1373 2156 624868
951 1282 163484
396 2399 950705
2013 2414 114451
1699 2810 299389
1825 2163 347606
826 2517 664401
517 1521 729548
1417 1546 449502
562 1618 857860
1996 2479 733737
1404 2265 189555
1602 2255 263059
1821 2218 163528
1768 2853 995972
2219 2354 95918
1573 1973 877044
1199 2328 762973
732 1703 21462
2012 2364 184413
1207 1991 755233
1414 1958 311513
569 1569 591996
720 1822 962588
243 2472 253701
1128 2646 359338
1589 2663 256381
2436 2716 925373
850 2207 449620
1014 1720 354395
44 417 302989
1194 1470 799504
385 1934 653390
1511 2341 46222
517 873 549895
1113 1474 671197
223 1405 432764
1825 2179 611712
604 2446 772528
1209 2655 121126
791 2778 355504
2612 2858 143626
82 1501 199737
1200 2628 301352
391 2808 349447
72 1258 167707
2435 2787 843131
278 729 820632
651 1666 767591
1458 2803 544321
2119 2251 138426
83 2181 768359
2126 2629 947459
2387 2627 168479
78 874 748515
605 2388 184767
140 2808 171796
105 1755 245686
395 2659 891919
863 2273 809477
2426 2543 477983
476 705 54366
332 2452 123136
892 1356 890519
2597 2650 681587
1392 1605 517771
88 825 165729
2538 2705 73933
403 1161 438249
434 2524 235146
1887 2841 54472
620 1245 56954
1243 2324 467172
560 1704 457155
522 2744 241589
233 554 362602
933 2502 156561
1925 2520 557750
30 1998 371794
1181 1691 43427
1122 1504 878757
261 2530 486272
1961 2617 358386
183 1395 213286
706 2681 437731
1873 2368 326357
271 2665 357972
99 648 322284
1042 1544 751125
2014 2456 809924
1616 2744 570846
1755 2209 975403
285 807 5328
158 2708 300280
830 2445 775780
645 1938 188303
2150 2151 593842
1571 2071 400755
590 2761 737888
986 2084 303171
693 2082 332005
720 1726 825427
389 2206 174265
275 719 178216
136 1237 36955
460 1598 473487
1195 2260 538494
575 1954 491098
1248 1638 192913
932 2489 835704
74 1970 94506
192 417 178352
465 1687 8462
801 1954 804090
584 2790 106847
1326 1596 456506
1518 2167 149603
630 1438 325274
601 1752 209772
1595 1803 349187
447 2173 730218
895 1921 258615
200 339 982345
1179 2808 148366
2031 2622 839112
1175 2406 520074
2219 2465 857560
441 1070 450521
2094 2601 896364
1437 1549 127528
1367 1742 255331
1217 2415 752671
177 2506 960144
37 1744 537340
984 1853 172770
1115 2250 397519
1272 2421 752437
750 2156 418575
1827 2739 647220
1939 2331 90392
671 2066 869352
922 2310 148162
1532 1923 314274
837 1729 316191
1041 2560 215361
935 2086 227984
1158 1184 575969
1345 2409 138372
621 2656 440352
898 2412 674639
182 2005 551182
1278 2027 96739
1532 2268 895408
2077 2352 453037
302 647 222257
1166 1594 933006
496 2434 967014
510 2824 925748
252 2224 48444
1654 2050 179733
1188 2389 312897
684 1240 804168
683 730 247307
405 1783 153792
2083 2786 703049
699 1149 783205
192 2772 640292
874 1386 32656
405 1852 186577
676 1074 329507
1022 2457 178998
513 635 529860
131 2042 894198
806 1041 464244
220 583 713563
1578 2225 677583
476 1514 692767
345 1660 189474
471 475 196887
563 1367 533732
534 655 514557
1298 1411 106579
1038 2434 560792
1921 2557 580076
1764 2644 21258
497 2279 735431
1361 1720 837622
1289 1960 436364
1127 1297 479884
1577 2189 892118
1746 2609 470642
1555 2635 591714
325 904 715600
257 2024 718771
2232 2658 559288
183 747 203782
276 843 57009
1547 2785 903021
209 1538 975135
1386 2157 837003
148 1998 89808
491 2025 45675
576 2031 493413
1443 2096 366397
942 1762 359131
762 1935 89325
181 2358 173429
1560 2029 738977
1336 2129 18888
867 1802 648656
106 1454 346914
577 2225 997434
1836 2852 775256
1034 2392 41031
523 1494 503659
712 2035 12864
44 2790 461526
818 2303 458212
222 1030 48759
1396 1889 861928
30 2423 467927
141 1276 477071
1931 2265 723096
1066 1251 402977
1354 2664 976570
1867 2169 26507
299 1783 837769
960 2667 365523
888 2427 535847
2176 2782 349621
1861 2517 668786
1636 2743 139487
1796 2670 647697
775 950 588870
157 1087 357472
626 1458 997987
279 2041 712438
657 1729 484366
1942 2518 15887
50 232 596021
780 1115 253851
286 365 473529
357 2692 238626
2087 2339 899429
1251 2350 493330
832 2282 797707
868 1119 9638
828 1383 427197
14 2102 700405
1313 2370 788453
1930 1956 931221
918 1257 834626
566 1337 620266
655 914 126655
31 2298 632142
1415 1848 890993
736 2855 250078
923 2242 344686
176 2126 539167
26 1063 564868
1716 2555 140364
534 1141 42717
966 1454 696765
185 1560 62829
442 505 187253
1325 1739 347029
186 2028 930184
771 1312 141208
1816 1981 299879
576 2229 19894
56 2578 786314
729 1139 811434
1610 2545 506041
2064 2088 200381
412 2383 381494
418 532 361350
199 1695 605962
33 666 425343
2210 2547 400811
151 1762 392452
671 1998 627398
2389 2726 27370
442 2501 382063
2158 2376 23545
94 1639 215587
1276 2018 712776
1184 1428 964790
220 1182 76020
1283 2256 570845
1100 2641 670780
1102 1551 987610
538 2688 815548
728 1855 886336
537 2066 625668
1945 2726 585442
1326 2585 730389
1329 2395 702812
2017 2662 329719
277 2597 707965
154 2124 349945
1785 2341 492688
49 904 968199
2633 2656 112133
461 2173 537569
586 1863 843841
524 1110 958526
1519 1585 792191
807 2159 867836
2489 2555 359137
646 1247 110978
1432 2701 540631
200 601 515316
330 1896 991530
894 2686 360338
342 2083 484518
341 1679 475694
336 904 465890
422 2579 199367
784 2415 9261
273 428 39303
776 2221 200599
78 1832 719510
842 2707 450713
241 1526 610265
133 1371 310306
1165 2872 611979
786 821 313407
991 2233 256182
702 1984 679653
967 2634 63373
528 577 870430
1186 2492 144105
671 2025 141263
417 1479 691614
70 204 609826
1325 2811 3066
1327 1717 447764
251 336 652569
233 1226 507740
1736 1855 999464
1683 2045 142839
2089 2720 771508
529 1056 804876
674 1311 641198
1621 2606 664897
1651 1692 661118
361 2673 447770
430 1061 653312
2117 2647 445384
1490 2133 721567
191 2622 720406
1714 1847 899917
1157 1919 126763
1315 2721 605340
479 1595 561149
682 715 315196
26 2203 358803
167 344 847057
1573 1985 706804
608 1187 240240
881 1808 366641
537 2601 938679
2226 2672 194188
665 1127 242374
995 2495 402628
571 1529 827294
2209 2441 165118
219 722 538388
731 2407 374930
318 2321 701873
1052 1071 225391
2223 2815 405289
821 1232 731947
201 2836 146870
1320 1509 778218
1696 2281 378193
243 1012 204138
496 1031 263629
2730 2811 617706
144 604 831568
173 1186 430581
937 1583 119598
1026 2768 132687
250 277 501859
384 1140 183738
793 1091 69549
1038 1365 441765
134 798 585028
754 2415 953714
1414 2137 484983
1490 1982 362083
478 643 447653
1005 2302 895648
1429 1843 918356
20 328 868775
118 231 969201
1457 1734 880208
262 526 532517
553 700 456316
2397 2530 63568
1177 2706 757402
1517 1880 914596
1716 2257 882645
988 2508 952929
950 1482 777374
157 1041 458088
1761 2636 707729
1813 2626 402814
435 1039 953734
1877 1903 301152
1792 2834 997367
448 2794 656254
368 2068 510537
1817 2297 656725
2116 2747 564793
755 1590 870508
874 1158 555236
131 193 174634
817 1554 135922
2276 2620 892306
252 1129 688544
484 2725 229725
356 2429 405482
1902 2562 226803
978 1389 351761
740 2204 4037
24 2610 169614
1909 2751 174025
814 1147 802643
559 1330 254867
1054 2184 97082
153 1105 563597
176 2394 729485
10 644 311187
2240 2461 446769
192 392 49901
1406 2605 594927
1343 2837 302762
1392 2545 155424
336 520 849493
1286 2732 858165
1480 1529 200023
833 1959 125408
273 1213 633385
1065 2357 401827
98 813 463411
853 1346 8691
103 2501 85382
229 753 987464
704 2612 411507
255 2716 542212
623 904 235718
2047 2864 458109
763 1092 280290
50 2132 865257
1638 2502 610682
369 1356 85285
804 1520 371049
2140 2544 40994
1400 2226 52847
885 1453 288556
199 2720 656329
1709 2799 815704
1075 1968 904684
353 2277 390538
760 2208 405341
160 2841 249249
2189 2473 225456
2651 2857 267263
983 1986 284443
276 1520 984184
21 2212 529142
260 2609 150998
392 1625 606801
438 1742 892359
1846 1895 431090
379 1887 130404
1363 2635 929321
793 1458 526814
815 2551 875794
604 786 358343
1400 2369 755111
1072 1382 513722
537 1396 250111
538 2735 770729
358 2458 470183
410 1855 9281
1768 2776 771483
2506 2858 87612
324 1892 838946
1345 1804 155650
1635 1715 5315
1021 2184 695101
346 553 349671
223 1385 330040
427 797 945869
1554 2058 544434
521 2331 734243
1330 1384 738949
392 2258 957320
1030 2127 627886
1364 1625 455708
1552 1894 772600
1151 1295 435968
2103 2611 843274
61 2216 215599
135 2059 637449
603 1888 368120
287 1515 303723
384 2529 929495
227 1291 279898
249 633 170223
19 864 310016
821 2467 660007
241 2107 124213
1482 2471 294110
379 1977 789571
240 1312 24716
155 2674 524690
2234 2349 470710
1637 2338 836597
80 100 22925
469 544 204495
70 1106 457764
194 2578 135971
404 1247 304717
911 2144 434488
1032 1918 134735
530 2170 210341
1435 1648 964101
432 2437 263486
1239 1823 544214
600 2347 548379
280 539 422412
1045 1490 99265
1135 2454 748051
1498 1940 960560
971 2645 389585
437 1977 743945
1992 2871 686684
1155 1251 295449
1155 2712 718812
864 2092 287942
297 682 779135
1508 1977 879828
234 2824 645842
368 1993 206613
571 1039 659331
1077 1763 459947
1659 1680 213168
1560 2873 405627
1264 1953 910635
105 1403 476912
568 2316 238669
171 593 317417
874 2178 492467
805 1040 921857
1881 2081 583642
153 1670 133304
288 1713 489299
421 566 975554
12 2278 593250
1313 2585 151276
18 2353 654329
2482 2503 225895
1468 2249 417676
1283 2380 273715
1279 2266 363217
1956 2177 805673
1111 2342 22102
453 2439 611365
50 1337 100158
1414 1750 979470
1353 2652 68825
1212 2772 708739
672 1519 761247
2855 2856 655395
2146 2674 704969
1359 2706 439033
416 2126 344461
426 1860 355139
1011 1172 233268
1895 2030 333149
1142 1444 528089
47 835 681487
514 1381 780928
1018 2265 641519
724 1233 928656
27 2235 183156
1137 1672 977646
1281 2092 439065
128 1621 582904
422 1497 731562
752 2136 907675
604 2123 358063
405 649 599634
1701 2021 400946
304 660 329404
471 1605 236653
1249 1280 92184
717 972 260053
1903 2390 972895
617 976 431357
185 698 974013
1468 1991 684201
765 1049 203694
356 1624 922608
884 1497 813106
1763 2126 16396
691 1625 405356
1179 1979 459202
789 2819 414493
126 2864 480296
91 655 801591
1441 1505 572312
221 597 139553
462 1527 206448
1366 1640 240390
919 1649 723010
1627 2406 497178
956 1736 568415
370 1297 292395
173 1143 824635
2336 2412 779359
108 2648 184573
476 1922 360336
2006 2054 781926
230 1306 119873
2509 2565 800027
712 2551 221563
2315 2676 486032
418 984 427400
720 1121 239443
426 739 414347
606 2282 495731
1525 2523 257594
2340 2530 539979
1251 1720 172730
547 1338 363630
440 926 178197
209 1888 895728
221 866 491162
57 2596 462799
1568 2288 171282
787 1767 368957
2542 2763 495194
2018 2051 440843
1563 1966 741154
376 1206 685683
1999 2555 561729
42 2509 98946
1799 2300 89074
1741 2478 991648
528 1576 943599
1601 2520 53246
319 2615 964584
97 2646 209690
888 2445 941280
2639 2831 676850
486 2685 436325
1010 1031 551107
2690 2757 440618
1911 2341 69180
1713 2646 498498
812 961 159876
1414 2550 994363
161 1664 258277
1602 1984 537877
778 2637 306195
750 2151 258462
1023 1030 535325
1658 2267 307307
829 1420 604143
780 972 22004
155 986 739777
1361 2262 567245
23 2158 381536
1693 2310 333245
611 665 718935
1795 2796 808509
1007 2837 647674
2516 2624 198031
1335 2833 632910
485 1725 316855
318 2189 428184
442 2670 442330
938 1412 440065
815 2464 390002
951 1553 879266
1516 1925 595884
731 2700 681778
315 1922 253791
888 1172 181513
1007 1035 964520
293 368 288720
945 2150 559910
1636 1903 389704
1114 2592 742991
1630 2184 571187
872 2787 259757
1879 2814 455586
177 1730 889465
772 2861 586076
38 470 139282
63 2767 375976
556 1468 679898
989 1276 498360
1698 2699 220782
1944 2215 352370
987 1567 792703
594 2229 452123
1570 2487 516434
625 2446 659234
1894 2338 814928
1125 1917 984327
1856 2610 79178
0 2808 307686
1422 1710 473166
798 1433 872676
616 737 665118
1818 2255 581557
1108 1518 752275
1165 2699 492551
197 382 969486
932 1800 959246
1164 1671 414678
1621 1736 499181
338 2784 234835
1096 2467 555710
116 130 757862
677 2749 788350
637 2711 622115
1988 2115 236504
737 2272 820588
954 2699 812108
165 2091 704363
596 2334 540412
604 2078 323499
2505 2555 986771
1287 1338 803476
2338 2865 678098
874 2211 176705
1895 1974 581049
277 580 39872
144 2591 504782
105 829 831653
503 2365 11020
1291 2106 836171
1579 2830 988779
1543 1742 88424
265 1622 920072
753 1279 926860
646 726 412850
537 1632 708342
1062 1081 146385
515 1628 204883
1770 2355 212082
1617 2569 18324
1964 2644 66162
170 2049 905834
1832 2505 930823
878 1065 578401
67 171 549734
2205 2812 598230
15 2858 688148
659 2050 601047
542 879 254669
746 2544 925333
312 2274 773578
1808 2103 431688
351 1710 953459
911 2264 72160
296 1103 590497
1008 1125 175651
446 2074 282062
1242 2512 296168
1334 1781 520092
950 1179 605166
1864 2107 746111
284 1458 626521
359 2808 798535
1818 2130 369547
409 2728 328013
263 2849 757979
1772 2673 554490
1002 2271 384437
1037 1333 851503
371 798 527310
598 2856 551572
744 1083 331969
1295 2466 267648
1914 2254 406091
1728 1938 963330
1386 1729 748832
1518 1544 815242
1112 1885 31720
711 1773 822711
2026 2874 453721
79 2504 564222
1636 1759 892338
1732 2699 500212
484 1006 754833
337 632 580984
879 1717 947313
39 824 507967
95 327 257348
45 2431 329149
302 765 554793
836 2161 324653
2283 2337 559178
872 2252 166909
988 2351 179989
299 2118 213465
443 1094 199445
731 2013 348563
2434 2691 622060
2744 2830 981100
1582 2349 804847
2227 2304 509314
522 1484 393822
824 972 991893
1342 2790 524990
1336 2247 768055
1857 1982 383509
1618 2138 55952
576 1235 359938
2047 2747 101131
528 558 363702
1865 2331 812897
711 1371 691731
762 1086 671808
2031 2095 501215
304 1044 756951
965 2578 493093
1070 1528 111233
553 1179 538920
2278 2690 166219
110 2156 596613
690 1689 417892
1463 1625 994340
570 1265 123808
424 2240 170586
7 1361 324393
1156 2204 807327
682 1452 832130
1620 1940 630247
348 2483 186105
2216 2327 624607
34 2465 60713
371 472 468997
221 2459 374313
386 2433 266724
370 2836 490325
217 2824 681195
1396 2842 153206
13 550 572265
713 2193 804369
99 2832 313704
1461 2321 679241
636 1607 793059
1730 1968 628657
1193 2101 493028
1795 2323 604466
1483 2099 412223
136 650 791318
1855 2458 14180
279 2798 347567
1379 1559 873509
1930 2770 583142
536 1225 678661
2 1012 523363
1022 2260 610617
1095 2109 659094
406 1361 613758
1873 2033 629537
463 2877 763862
653 1070 368674
954 2386 279264
363 2496 834464
188 770 934163
481 2597 699473
2578 2729 347799
214 2605 927621
2027 2106 523648
200 1593 525427
1544 2768 929831
157 2699 30
1178 2227 992295
2239 2673 319140
621 2703 740081
1572 1884 487075
1124 1885 37389
623 2681 923784
1770 2256 376174
907 2697 674037
738 1629 236335
1436 2597 180814
1176 1320 652336
696 826 643809
282 2830 369480
487 1064 913392
155 1276 270181
920 1366 311644
270 2613 984327
2268 2646 619823
1348 2654 748053
928 1144 52229
3 1465 827675
952 1998 561112
1529 1738 234465
1364 2618 622503
978 1370 43113
446 2281 540547
1562 2571 344580
35 2873 966070
208 658 957137
990 2354 575760
1299 2303 733651
374 1790 344655
1606 2473 189230
2525 2577 533290
722 2427 291070
1082 1950 877178
1991 2535 38676
1022 2244 517894
455 1561 663950
816 2043 664041
904 975 578578
1863 1961 302178
727 2008 515815
145 972 153144
655 1200 978736
560 953 691912
1127 1838 507461
1603 2100 246636
430 1757 547823
258 608 224522
2319 2373 85888
1095 2711 723702
845 1702 657357
1085 2770 322181
434 1535 872330
1456 2151 755439
1136 2659 238528
474 1996 41952
1029 2392 947373
1238 2841 983707
882 1040 625528
303 2695 946571
2066 2525 705999
658 2304 547112
1339 1789 888479
1086 1794 366914
1200 1783 495343
1371 1457 918958
2071 2219 921946
389 1114 82762
2347 2401 310503
136 1604 876334
1468 2564 237830
716 1573 479536
868 1311 861417
504 1841 644820
1204 2225 511997
906 1366 848399
225 2424 17476
1770 2489 395510
103 1216 69393
787 1664 124936
473 1643 131615
2103 2470 300436
2222 2589 13709
996 1215 805320
2132 2585 895610
441 957 475992
694 1622 611897
2584 2791 71943
876 2386 749041
796 1589 911701
177 1356 379028
451 1753 773253
2457 2498 774266
337 1294 642122
1083 1872 7321
863 1776 479502
152 2357 638115
281 1117 326046
1093 2612 825916
903 1521 635253
10 2580 106583
869 1982 24355
439 2694 379884
1059 1290 815257
267 1411 44120
567 1648 240340
829 1668 126672
357 2843 314596
515 1642 631811
1144 1420 555096
1030 2762 659468
830 1362 925704
1956 2644 839441
457 1479 340927
238 845 476155
818 2818 370242
837 1771 892818
249 1376 254337
1796 1907 218612
502 2393 111833
564 1095 186737
683 1844 720388
112 2837 555462
90 2877 388702
1534 2253 819573
1131 1571 169620
203 2413 209405
508 1487 206315
417 1274 616059
290 1168 874859
2320 2326 834781
275 1587 313382
867 2154 853310
1486 2242 611240
347 2598 887267
233 1450 495036
133 834 401745
916 2439 299225
1439 1779 812425
417 2505 901736
1366 2203 854370
397 911 123827
1074 2399 571009
571 1790 79595
890 1007 946103
531 2649 794582
2362 2590 48886
337 350 68243
133 2859 984625
266 1698 109515
36 138 192976
2210 2711 368822
2567 2847 337549
1079 1468 807815
972 2539 858094
2371 2843 171638
1091 1231 375199
692 2788 711207
499 2292 149803
608 964 223932
953 1147 510551
1669 2585 577524
2578 2819 445083
1279 2832 868158
1354 1551 92542
1625 2318 980382
301 2289 702413
347 2418 746299
129 634 906231
724 2789 668290
2034 2525 16072
1844 1924 362427
518 2300 901248
1760 2699 307046
1144 1608 310031
19 2494 121233
1001 1088 142832
888 2343 936313
82 1062 37151
779 815 855898
433 832 192952
706 1697 928726
1601 2510 215918
103 1371 683006
70 328 684452
912 2431 602879
2098 2462 755179
519 1357 751531
1076 1947 61273
1991 2234 119331
1524 2399 247490
591 2694 772575
617 1222 18518
1756 2448 167322
1363 2035 249367
548 655 831004
525 1580 866037
734 853 246245
864 2522 785735
595 1183 247987
620 979 160296
40 2583 986353
1046 1899 153644
1128 1542 755388
552 1159 265470
710 1174 743954
1962 2680 596247
392 1449 853401
1434 2205 955997
458 738 876810
1870 2707 919062
983 2035 736696
1832 2462 798855
1838 2149 551041
2524 2810 240429
284 1809 777232
2045 2188 323991
2713 2856 627915
338 2562 371678
110 970 853280
1498 2742 576451
2283 2359 692519
1832 2538 997283
2408 2594 446260
1559 2638 243673
725 2657 338493
82 804 978608
793 2022 483042
377 2800 465027
2126 2201 109789
1411 2031 558004
246 1908 888327
216 2304 649285
2209 2744 189315
1708 2123 299606
1386 1823 727884
2408 2443 818619
1067 1335 333591
49 2251 404153
857 2476 679972
685 1956 748958
785 856 145767
131 537 535418
1126 1549 132045
1463 2153 768637
2220 2722 526125
512 750 46830
535 2058 805452
830 2348 126150
1778 2321 100365
360 2145 683431
19 1619 87539
411 1458 327740
2504 2614 144020
1372 2612 682734
1053 2136 31069
531 1943 627071
203 2532 613180
409 2123 633159
651 1151 323438
417 1128 225737
1830 2104 409957
2016 2147 89202
1101 2300 848661
546 2482 935917
810 1015 463515
2066 2126 891493
447 2650 780874
241 1337 283672
1356 2631 414484
1348 1964 829204
1087 1798 557074
627 1453 231058
167 336 948912
1580 1951 189740
1208 1906 371704
1164 1172 865787
2093 2541 123385
1837 1855 430097
406 893 535699
471 2209 99728
1003 1387 649122
2019 2111 118181
145 2199 53765
1822 2382 962853
1792 1911 813386
52 832 878466
438 2141 555832
2387 2393 44585
1022 1781 461368
2746 2833 120444
140 2356 674912
471 1451 998119
220 2872 328285
90 674 464161
211 439 984445
1116 2169 172673
2090 2774 689047
2043 2823 778170
189 1179 885079
581 1227 234485
1393 2105 231978
1165 2421 455241
545 2364 140738
626 1926 63002
20 2184 840966
310 474 199307
975 1817 363546
1553 2655 645345
602 1153 147718
1292 1477 945141
643 2050 385733
64 2792 298965
1686 2142 907437
798 802 856633
1073 2014 154486
1325 2164 237725
2487 2648 346600
1069 1468 902528
1878 2337 905125
86 1233 519479
1598 2208 582416
465 2381 755374
911 2457 538713
2664 2764 380988
470 1013 123111
2507 2729 367906
808 2698 840032
1137 1163 710753
921 1014 223384
689 2578 605813
1173 2862 289363
277 1942 925105
87 443 313016
331 1839 25144
400 2530 512405
1286 2054 72213
1615 1861 764297
2400 2858 696824
22 980 372114
738 777 55694
1297 2387 609716
963 2289 672635
1491 2533 91138
1388 2195 154743
508 1080 489804
1429 1821 880386
691 844 805221
1004 2286 91717
1351 2453 901455
417 1562 349959
299 1308 120645
417 1706 711624
1076 2241 537701
2245 2844 969662
132 1816 369849
305 1600 129001
993 1760 438497
1200 2132 737237
63 2805 507102
159 860 873388
2447 2727 932285
236 1562 882421
483 678 643998
706 891 356141
1170 2795 730656
1019 2360 92032
796 1503 33322
602 1759 612644
1809 2546 713497
1258 2745 603347
1261 2766 591361
852 2418 209827
703 2717 721570
1652 2325 131459
1269 2616 928425
61 1854 921876
914 1311 943903
73 1137 390689
480 2736 988210
1789 1863 738237
425 791 574814
2223 2775 904184
1482 2302 891768
1107 1772 684157
1409 1684 997975
958 1967 143307
537 1761 502879
169 995 718862
841 2129 818283
257 890 95386
1337 2516 5399
1006 1097 208323
474 1397 619879
1724 2569 282139
1284 2317 112535
1320 1881 69897
739 2522 233279
569 665 443970
1632 1661 942883
769 2048 443943
712 1772 971733
419 786 398331
1367 1645 50759
538 1039 852671
534 2615 316593
652 2548 940204
1380 1959 485275
261 983 797069
3 1047 527240
456 1138 552310
1919 2815 647615
1197 1596 484
516 1549 251126
944 1048 519219
106 979 533534
929 2843 978486
1079 2243 4358
2463 2615 333110
620 1458 835244
675 2723 259146
1748 2303 225319
798 2003 807120
26 2261 618986
2308 2642 491525
55 2830 501749
1279 1490 383431
843 2412 909662
967 2273 313764
145 1915 477496
953 1341 426654
2372 2573 720605
972 2215 548413
180 2641 491549
786 1879 479569
364 1953 88451
1 1634 392899
93 420 906880
2325 2528 539223
226 1845 786615
1485 2206 231745
16 2703 709604
363 838 455136
570 1849 579050
1431 2577 400987
176 631 129271
174 1356 801495
245 2508 443030
696 2555 608786
2252 2480 846801
1128 2222 591455
285 1971 354816
3 485 939198
474 2036 279410
1429 2698 89623
1555 2131 661047
256 471 41427
728 1175 736777
1300 2824 483544
1770 2162 537685
2035 2451 481439
2025 2608 50473
422 992 485427
1221 1520 118779
1329 2691 240584
534 1991 636627
615 1027 127989
447 2384 301014
670 981 532687
298 2455 71217
2066 2505 304548
448 1084 675678
898 2875 366097
338 473 114326
437 1742 587648
276 507 554387
83 994 339650
68 69 403904
60 2644 553669
492 2018 726016
513 2112 521074
123 2324 548184
4 876 56037
667 2322 683642
1218 2839 285194
1313 1910 936815
681 2732 767313
1832 2286 105952
10 887 975885
2139 2572 846144
427 2695 703022
320 2506 622746
273 2538 239961
1768 2779 218098
1546 2217 478625
1765 2866 226075
1200 1215 267557
1265 1886 175957
501 826 836358
727 2204 355936
1807 2553 3714
912 2499 962593
862 2264 787378
143 2246 843056
515 2320 63260
536 1506 372476
1750 1810 197558
19 2696 512219
2410 2434 890040
551 1938 730162
1969 2603 867932
534 1087 647102
701 1358 881333
1393 2761 660732
218 1395 653097
855 2186 609147
241 2625 129421
291 678 162684
590 1587 75164
92 1221 194179
185 1842 920338
854 2605 130621
1611 2636 559915
19 2570 79693
127 1810 589043
359 2061 734069
932 2023 14602
2403 2635 493981
1219 1892 244918
1165 2515 389379
371 2446 391397
1311 1865 531904
2175 2585 525437
117 1916 989363
576 2478 20578
292 1831 823692
1674 2795 402948
309 2489 999799
1284 1453 799073
868 1891 66722
1566 2675 104606
622 2658 168493
334 2352 693758
2202 2255 68525
89 1543 623932
774 2215 834333
796 1179 692171
393 964 87587
1134 2343 935400
1984 2488 891194
1026 1246 535960
977 2875 831424
1027 1297 840707
246 609 32926
1435 2237 538733
596 2693 435599
242 2853 601485
922 1900 32783
43 1500 625484
1998 2002 783778
1690 2659 138587
407 1605 347711
604 983 576113
2326 2482 889943
66 707 351072
2089 2431 455045
327 2513 719635
620 1788 281747
88 1296 613478
690 1780 352678
417 1657 625826
678 1951 331784
289 1158 235412
1423 1834 998160
259 2784 874568
1237 1403 58032
1913 2150 748519
2717 2836 357531
578 2308 104298
612 1850 827153
1285 2427 300154
1079 2448 883272
1734 2213 235366
2213 2309 842168
897 2073 563712
1413 2388 208387
1690 2072 368853
1960 2644 832192
33 981 766278
1936 2773 37347
639 2019 896071
31 1408 603658
1907 2385 34356
125 953 304230
179 200 888139
371 489 251140
190 1527 471434
1423 2032 354231
2170 2728 695654
1127 1338 295716
155 1975 604325
1172 1258 461418
81 992 328152
399 483 639980
929 2590 614905
2105 2848 756540
2214 2500 809949
595 1952 169957
1360 2549 413845
1997 2790 860693
1729 2102 23271
1101 2723 783461
118 2853 554852
2467 2490 451207
293 1105 335398
133 378 211083
1625 2684 799784
59 1656 548942
360 1890 947394
326 1824 446399
1164 1874 218495
885 1455 545039
362 935 407197
249 471 484213
449 1233 966368
2787 2865 139803
1087 1566 167891
1380 2827 799528
102 976 524700
619 2129 738859
458 2326 153339
998 2673 710177
541 1822 380703
1419 1687 125795
24 1866 689125
1204 2259 166447
632 871 877741
836 1362 736528
434 2574 619483
1058 1108 759853
1309 2781 550759
76 2474 366764
2218 2484 382498
166 975 550081
493 2555 679110
1825 2280 138775
776 1647 726264
848 1407 139289
1984 2310 753116
100 400 169181
543 1840 391957
948 2664 818733
12 2702 146712
281 2853 230452
692 1902 530987
278 1120 254466
235 493 201536
1447 1731 501116
1791 2206 10664
694 1250 572515
1951 2092 903606
359 581 150335
2000 2158 93041
175 2663 39399
939 2005 509236
497 2090 263216
413 1653 31142
2440 2791 840816
2031 2186 848146
5 1311 575981
1019 1626 2658
228 1222 815719
679 2307 133437
180 526 542399
1258 2214 822586
1059 1838 941187
1488 2689 771903
737 1474 437079
1758 2335 749947
2113 2470 800641
2194 2496 97788
1596 1744 844560
1041 2124 126317
943 2489 524906
388 909 696944
253 837 165809
1824 2200 224212
2014 2647 917650
408 915 686515
735 2031 269738
115 2731 904939
142 2572 737428
1370 1436 79415
619 822 795411
1921 2637 836585
745 1126 744537
379 2619 440646
188 2630 804402
506 1933 416702
40 579 196368
1672 2329 72710
1146 2131 295795
843 2163 6228
549 1481 949236
1126 1479 642934
338 1648 976943
1602 1672 438224
1316 2606 846539
1040 1467 609392
1134 1949 586728
1087 2086 420303
2311 2466 142179
775 1123 407847
48 1896 157704
1335 1781 516011
1117 1883 220437
863 2352 61032
64 2699 4263
1345 2206 794486
210 2241 361540
87 2149 358618
2188 2198 444932
1438 2442 154620
1074 1269 959900
1992 2738 556543
1174 1179 105864
604 1767 27138
668 2405 108565
1447 1688 228659
950 2470 206536
340 1903 84043
1333 2303 247790
588 971 263017
1291 1835 857729
1108 1790 963023
1802 1814 419572
1101 1297 868275
1840 2418 698844
1149 2846 283587
470 2027 996859
1737 1774 248121
1644 1998 569577
554 999 638678
629 2536 284321
1530 1580 338429
913 2509 40933
869 2737 464175
494 2333 824975
1279 2303 666911
85 2474 934518
1475 1983 647410
354 919 714233
946 1369 954005
493 2183 419755
605 912 315706
1271 2688 223259
109 2652 24240
1374 1399 716286
183 2836 489245
1864 2088 582523
1749 2835 367579
500 605 29907
1478 2831 938605
1029 1769 90028
2335 2662 157341
1089 1326 47352
168 847 414451
538 2496 125702
1622 1957 240275
38 119 892069
1562 2526 297204
1441 2168 825008
1971 2254 294329
1453 1846 642683
1215 1523 604398
561 1247 423065
1515 2147 631776
1003 2497 332039
840 1832 665624
18 1306 52024
949 2553 142006
1315 2740 175485
1505 2750 287911
699 1398 725585
192 1460 410883
621 1548 802110
1609 2770 469893
69 2229 162736
58 118 576872
1586 2032 420628
1263 2732 202202
1361 2097 654253
341 2547 99551
74 1859 641459
320 1802 378245
2440 2446 963495
2018 2152 430464
624 2131 156856
604 776 552161
447 570 47371
212 2552 752503
307 1108 33195
1803 2732 748162
827 1901 555149
595 1633 402832
488 755 94526
1626 2599 120119
1125 1976 191275
599 921 231470
1090 1403 320461
931 1192 909064
1445 1736 170991
717 1961 343629
401 1789 743069
1134 1293 872246
1071 1744 225131
203 2256 227845
314 2640 140703
384 2830 886911
1179 2126 634556
853 1321 184263
2506 2780 146348
29 1931 397785
2205 2604 619080
1093 1705 467551
477 1932 273991
1978 2603 523763
472 2169 687938
355 566 601970
230 809 284768
758 2010 128633
1271 1383 792675
1025 2422 112383
260 1439 898893
283 1706 617743
1160 2019 992304
912 1279 333088
2040 2075 316497
2125 2142 406098
184 852 171704
440 705 463303
696 2572 17111
1517 2428 881692
295 1575 606357
16 2718 764547
1087 1988 847797
1430 2719 52031
75 2047 184872
64 2134 704634
1862 2159 837995
1556 1557 747590
1120 2748 335710
343 436 366574
1421 2234 196515
781 2171 124729
1793 2257 86959
1240 2800 311291
1791 2597 728240
318 1016 372631
627 2248 640859
205 2260 456212
140 1432 836049
21 2735 53979
177 1964 838765
1346 2324 335818
38 2132 827629
130 710 362105
387 793 551930
1317 2068 44295
43 1161 769813
2492 2655 487583
604 717 884064
661 1180 617101
137 1385 82439
2231 2544 14262
794 835 504585
1301 1531 319993
984 2822 139047
502 2502 839777
2339 2425 231271
1976 2056 946564
542 1727 945221
324 2491 69307
324 2453 276023
264 2512 378685
1179 1702 610971
316 804 332378
1385 1840 600960
70 667 734802
472 1882 597070
1934 2830 537488
1255 2672 799635
1946 2023 568710
1241 1765 679658
1937 2801 910054
1779 1850 143754
150 163 280185
82 474 541864
1651 2509 680544
1851 2745 856906
2084 2793 767526
437 1206 25386
821 1584 108670
373 1751 90499
762 1584 904477
705 761 62075
1650 2113 974326
732 1795 747500
380 930 865807
576 2295 116560
280 509 393725
712 742 36937
1790 1963 552576
863 2626 628427
51 242 946877
1359 2635 77095
2096 2600 158612
149 366 356532
62 1873 529629
72 415 266460
719 1230 607364
1524 2630 651456
571 1600 985278
918 1546 877257
1550 2325 750439
253 1205 458252
261 2864 522938
1311 2509 874713
1457 2493 51116
951 1876 240033
280 2396 800741
565 1051 635201
2332 2357 573148
506 737 253295
480 942 609550
1462 2747 113728
84 1563 467674
726 2679 162323
1051 2327 533052
187 241 689310
1078 2654 996388
737 1423 134035
1251 1896 48370
2236 2300 901678
1972 2004 824657
1286 2344 503774
493 2638 983021
300 1133 795725
429 539 691858
979 1325 253838
46 1329 373602
91 1040 242466
907 963 954163
49 2826 15527
19 1033 129667
333 1268 531998
135 705 58968
171 713 560855
1734 2667 30136
743 1548 600251
860 1251 796034
598 1836 870774
1970 2534 981352
2436 2519 705663
786 2312 577802
517 1665 775365
1385 2433 285103
291 729 10231
2031 2505 756642
627 705 610800
146 594 286311
480 1565 486078
1390 2435 146073
72 1193 494542
527 735 188641
236 2019 34741
1778 2196 122261
1162 1335 3997
1396 2653 278570
515 1046 163274
206 711 147288
40 1763 720264
90 244 728009
9 2613 306483
1345 1723 672636
1017 1883 659811
1280 1562 631933
1750 2865 819634
988 2126 158137
10 2090 295146
1 1823 668480
23 1028 596624
209 2398 553500
939 2299 329223
788 2560 410632
434 1855 453795
534 2766 996559
1124 2412 490315
1489 2164 202563
106 2678 335690
993 1098 236950
640 2278 745458
1279 1735 917976
230 1873 189229
723 2158 859405
2019 2752 551137
101 530 158378
934 1521 280575
1486 1680 330092
667 1784 730153
1719 2390 385494
1425 1718 277182
979 2122 459845
1302 1919 91075
636 1459 404017
240 2812 380015
875 936 274498
392 2870 227091
224 1927 502156
59 2777 925284
2188 2447 471913
553 2182 629734
516 1841 588082
975 2253 749239
676 2053 87833
2023 2330 45174
197 2201 173478
1684 2508 695502
705 1709 537740
198 222 165794
162 1414 204008
597 880 493015
51 1036 548885
914 1989 451960
1009 2794 547374
368 2668 559754
732 2765 60065
1853 2477 543918
1506 2637 609388
748 2830 34732
1152 2703 158072
1405 2015 768930
2456 2556 573198
383 415 194248
158 689 283322
33 1064 252894
1371 1951 126715
315 947 510197
979 2174 769635
1447 1757 673111
1931 2710 148241
2424 2836 387797
2066 2824 335945
359 2804 352363
642 1211 253613
389 1805 671313
452 2263 374683
953 2646 991521
1509 2191 260066
1715 2659 209503
350 783 10337
113 249 642986
1626 2195 269438
1154 2269 355646
423 1632 25344
1154 1416 704740
1303 2321 975946
1020 1893 417527
1172 2062 967221
349 2160 409938
519 863 63304
1109 1976 64091
2476 2854 401558
1520 2536 660327
1200 2612 210741
1228 2703 464457
235 613 85782
1148 1568 718906
1003 2066 894470
1801 2104 779366
343 2278 18944
2551 2687 393745
469 2009 191148
1292 2703 87396
662 1990 364280
240 2316 793560
393 2790 161234
706 2797 760126
1953 2591 28735
1577 2454 850536
455 1411 931931
1347 1714 340535
1872 2553 355054
452 2431 512707
2090 2820 585766
557 1602 294368
1575 2172 421367
2032 2760 799379
1030 2563 940236
360 1251 172113
1036 1537 433512
1258 2364 331760
934 1228 194142
1276 2090 340717
804 2069 315497
1775 2285 824409
2044 2109 291497
236 2071 398304
143 605 194619
1198 1628 581367
588 1816 802867
48 466 235170
795 2515 70264
2165 2569 473567
1865 1962 255933
929 2533 632498
1093 1750 506840
284 1678 701454
614 772 271488
1483 2252 155805
714 2394 166056
1493 2630 310828
620 1838 469682
619 655 353782
2050 2105 683474
1414 2011 256075
1297 1911 233664
118 883 872221
541 549 730393
1596 2759 448935
1391 2832 181139
1908 2406 966715
1801 2038 880603
160 721 674534
238 2786 323277
269 1974 944129
604 2013 102479
548 833 349015
585 1810 322955
402 2086 763054
2408 2555 316038
172 1643 189940
972 1567 153762
474 2417 975176
286 1478 993772
748 2677 617889
1714 2372 752803
662 1145 411679
121 2261 489926
2035 2620 807724
427 2858 951512
1925 2216 413519
1448 2586 316532
317 2311 919693
244 2582 120134
1993 2301 54716
630 2085 267629
74 2551 173477
1141 2838 675884
1240 1481 479957
663 1934 71495
352 1533 763072
118 147 128640
1040 2741 605843
242 1311 487150
195 812 785237
545 1402 320502
1486 1601 190968
434 2726 568105
804 1824 334466
758 1165 23674
379 790 209939
226 367 674586
1430 1822 52306
935 1424 668018
241 1980 315064
477 826 221564
685 799 735353
741 2163 571135
310 524 177802
768 1593 441957
1050 1258 84307
1065 2672 666298
976 2151 231475
221 1747 486467
82 2126 787370
791 1411 457017
673 2187 404456
1681 1987 225249
1168 1954 503855
1210 2469 186121
831 1099 253671
1499 2031 798880
662 2337 204798
1408 2293 196722
107 2390 148729
279 2571 959360
763 1584 658780
111 899 767544
252 2731 931570
224 2278 259862
1698 2120 803706
213 1350 302807
1196 2450 908654
992 1154 667477
197 2080 191665
353 1458 943748
145 1439 874324
472 1122 701703
590 697 269188
332 940 481584
2377 2640 512404
64 1556 501523
1022 1469 988131
2776 2809 539013
938 1927 323754
2532 2733 772662
20 1938 573860
362 1288 840808
280 2865 404890
2378 2419 994443
595 1101 249354
1502 1543 653431
201 352 200115
103 1766 931973
2446 2566 741888
51 1868 781643
847 1548 57551
764 2206 105586
772 2832 104156
932 982 573557
1194 2554 83983
1618 2478 509111
1558 1977 947422
249 757 766657
1382 2572 716576
601 2540 607640
656 2524 418992
2531 2633 65527
513 2332 121210
1254 1324 974702
1441 2092 893989
8 1607 690135
313 2576 352797
1132 2845 376240
97 1318 877691
519 1160 96730
1186 1564 78868
1125 2017 494061
318 537 745883
2039 2043 657398
2121 2637 901875
445 1383 858702
2481 2693 391254
1728 2542 281496
1525 2466 45275
1775 2574 659222
587 1794 664039
801 1540 406824
309 825 540147
1681 2132 346339
495 1586 388789
737 1244 240394
526 859 196206
447 1133 632108
1579 2135 239183
961 2808 142937
321 1762 262729
196 1267 318466
78 2527 766896
354 1999 764268
247 819 48970
1996 2306 567825
983 1745 166010
1628 2055 984787
20 2612 29444
1641 2231 471198
705 1438 168444
87 1740 320601
122 2435 73552
1871 2432 772040
785 1917 74222
1515 1803 254977
629 1185 18323
91 849 100360
1510 2353 426482
2216 2869 450058
294 333 688189
1466 1937 635890
395 2345 967250
239 1372 392620
1181 2446 664069
306 1533 425908
2224 2382 307654
601 2755 952986
639 2020 729519
963 1921 458900
705 2052 601645
2666 2821 58111
2343 2843 825928
1314 1976 235892
1260 1721 665232
2578 2650 471171
1251 1931 717158
596 1940 93327
378 638 536036
1072 2358 167174
1833 2810 575466
1163 2513 957562
2163 2436 385222
82 2127 231329
819 1824 286975
308 874 665702
715 1310 506238
109 2102 670377
1159 2538 152538
1507 2131 844634
607 668 678014
1483 1733 534061
41 160 977913
2346 2508 836666
1173 1567 879906
1095 1774 904181
870 1908 632806
909 1650 432517
28 1702 403568
494 2125 427843
1573 2222 385203
750 1076 374480
38 1553 369111
84 1951 97491
1691 2559 483454
1258 2066 445326
2261 2387 434161
1095 2688 110684
28 1472 122988
285 437 643849
59 60 292930
332 2198 92365
1495 2107 142958
1024 2270 295335
590 1743 548408
1415 2783 1491
774 1196 973184
823 1700 38119
384 2605 883755
2695 2771 466384
68 1307 27239
105 2856 468515
192 240 66524
2191 2345 45346
1266 2764 908976
2432 2435 383694
1242 2183 470263
24 1612 362851
1597 2770 253750
1189 2506 378037
1007 2744 203474
310 1475 880997
359 372 227994
1797 2754 745920
851 1348 324014
1378 1951 871092
900 2233 445962
2157 2228 276143
1602 1710 977203
207 1598 624598
1271 1560 58748
14 292 637406
254 268 129589
180 459 43851
1256 2008 608305
765 2233 749251
1006 2204 156915
1517 1622 866958
335 590 219381
2203 2378 305005
2286 2320 791636
77 1513 978067
274 2840 651163
1819 2326 292228
1186 1955 49706
1363 1545 919369
2714 2764 470338
375 2762 287181
1736 2486 884016
1479 1936 656856
1275 2620 956052
468 2363 742885
1007 1759 850766
349 2744 258401
0 2238 235908
483 1496 798531
1103 1815 108945
2521 2838 503298
1444 2420 620365
1464 2223 72952
1823 2782 311029
1471 2084 922321
1694 2171 896375
717 2660 524143
1403 2328 986909
1119 2661 837278
294 1928 216723
2245 2630 842095
1655 1760 613270
1332 1951 714099
1554 2764 945531
673 2213 785686
1203 2310 12186
2252 2426 567253
472 2831 815381
47 2278 113117
1953 2588 468104
390 2366 721218
189 2046 804111
1161 1826 58008
2314 2405 819502
1100 1897 460402
367 1959 491553
1066 2709 465205
846 1268 962241
1540 2123 519959
1271 2379 658832
542 2603 900281
394 1274 267169
1441 2416 976991
2452 2714 236199
981 2689 184008
1721 1937 224344
93 2567 867246
1772 2275 758397
2439 2783 838876
577 1662 452185
32 1238 287719
1212 1667 108275
572 1187 690442
1090 1685 142658
158 1522 194018
1677 2795 541941
782 2107 417986
733 1837 730588
957 1352 418996
1001 1354 776630
149 2086 248461
39 2220 294040
334 1492 296108
1060 1785 378294
188 1840 59151
1573 2009 869969
486 2693 78033
348 882 881021
2804 2829 174788
1702 2459 901774
717 2704 850727
73 2802 599966
2143 2705 902980
1343 1536 162238
712 2192 148329
304 877 666487
2307 2790 507200
574 2807 28219
2263 2850 34061
105 2614 857773
672 1744 93124
330 985 483594
248 975 57605
623 2836 887666
395 2127 766773
1481 2469 695063
120 2650 633146
899 1190 23617
156 523 596498
474 2637 763643
1749 2794 981329
293 980 973790
398 486 619509
1822 2240 375671
2632 2766 581479
192 1105 849688
1575 1821 76817
1153 2367 637176
1549 2453 291414
727 2201 179399
1787 2587 42291
17 1486 572947
1019 2595 677104
98 1714 940112
623 1450 652354
626 1157 994183
1278 1309 152640
1379 1941 599134
165 1306 49280
93 1448 959168
1348 1929 716878
629 2422 635048
1439 2460 730632
359 1056 482255
1587 2096 961561
1254 2412 552432
1305 1476 823184
571 810 830516
669 1045 431260
1591 1657 530816
25 91 115302
886 2807 212119
901 1344 838475
596 2610 899052
473 2151 863733
493 968 635400
959 2050 971157
728 1224 212308
1130 1202 524414
370 2171 943940
2426 2817 262881
2754 2860 586656
1677 2331 498273
2067 2206 431792
1189 1948 622226
1167 2787 801796
1151 1828 959763
201 2683 300189
323 874 191365
1407 2197 93691
164 533 256039
133 708 807428
1323 2019 141136
1115 2438 575630
801 2294 609928
745 2190 111177
1046 2063 110147
1795 2620 620556
1433 1614 105530
172 498 247034
625 2430 456807
577 1095 975825
311 2847 869214
1429 2807 890127
1057 2867 920195
281 1043 596417
1326 2734 961708
1672 2132 916073
761 981 249876
680 2691 44747
975 2278 173560
804 1622 145428
1707 1716 605329
24 1262 340584
1233 2013 63215
2284 2674 704263
1806 2364 789999
58 1541 771930
2126 2381 418521
18 1304 349728
690 925 812952
604 1214 549936
47 2840 308438
1921 2404 411946
1517 1918 576052
971 2468 98430
532 2363 137827
482 1572 726360
1425 2260 402530
1273 2473 342055
86 917 336724
271 1601 848585
1099 1411 156413
1580 1639 668117
1055 2413 989081
1150 2114 749252
381 994 980697
22 2026 370428
603 2714 735995
1775 2511 563451
971 2614 29444
1157 2561 460892
1447 1682 956445
29 751 15753
284 464 775239
1214 2319 831294
437 534 50493
555 1181 979253
623 1525 347237
660 709 90420
1795 2155 701938
213 1791 331311
883 1906 789529
343 1267 120730
1951 2688 295469
1295 2568 637456
1024 1228 958553
548 1082 11929
707 1251 694970
61 2813 645211
1574 2442 507799
327 2361 89696
1202 1508 390205
1962 2313 725056
1095 1149 17083
730 2415 645035
241 1252 846519
476 1305 77525
905 2122 46060
974 1415 439806
450 977 741121
489 2514 948637
139 2863 812614
641 1297 300265
1160 2065 937485
140 186 95619
2233 2655 270115
1558 2548 99715
186 800 364778
573 2219 676765
1277 2401 946900
968 1229 911727
793 2110 997758
794 1401 36523
1479 2150 598055
1916 1999 70172
540 1460 929611
2408 2732 523222
23 1331 528288
402 2806 51455
451 2390 967020
129 2309 249139
54 1050 267905
1138 1375 760985
801 2666 715415
224 2375 644672
1442 2046 644100
1797 2816 552372
548 2567 51802
1426 1859 91107
858 2715 660189
36 1581 427815
1381 2836 466655
1141 1839 155248
1658 2550 614522
14 71 911567
149 687 144362
432 435 768929
733 1623 569476
1622 1904 666518
660 2632 931479
190 1093 843741
254 1091 218334
15 2575 565102
1825 2287 944990
1592 1748 136115
1165 1322 685794
2601 2740 154836
658 674 837009
686 1328 936350
202 2718 828329
2402 2548 686607
525 1547 203034
861 2049 910464
403 2715 637889
672 2648 527535
1858 2752 304895
1195 1355 640040
874 2324 438646
801 2876 898704
234 2541 742368
571 695 131790
2374 2459 686155
1162 1613 916694
247 693 782453
404 2537 296468
747 2828 64
476 2365 797617
145 1418 468049
2039 2278 95556
924 1165 358411
1750 2703 832536
725 1850 864612
1751 2035 683990
1214 2642 86176
589 2411 870607
337 2420 487666
2602 2847 96616
84 236 235244
339 2674 622883
982 1673 643998
2021 2818 973766
677 1657 318419
1427 2856 113130
556 749 197476
604 827 53537
575 2682 31799
962 1592 203269
456 1473 98008
955 1015 27865
2070 2316 397426
370 1022 889183
1444 2355 626921
850 2555 159478
1921 2851 357015
858 1180 868972
668 727 553762
1 2554 626664
581 803 548023
1562 2357 264045
1663 2534 215589
345 394 307276
1520 2724 417048
511 1481 713065
1994 2849 547056
236 2292 121063
414 845 939389
470 2274 211507
2126 2325 369497
524 1211 364906
1259 2166 622179
1386 2337 793000
709 1446 69971
1240 2296 589038
762 2596 727423
1581 2574 348847
2832 2858 476969
2329 2643 500983
706 2449 903874
431 2796 760825
180 538 931968
737 1271 369203
718 2053 559895
171 2603 965440
1346 1830 942870
1160 1587 469690
598 618 962017
397 1236 706633
1603 2626 54855
1650 2148 507085
1171 2578 295359
417 2123 491236
1807 2550 678660
1675 2283 410136
507 2125 59530
2585 2614 942632
767 975 416923
243 1039 757361
38 446 853139
630 1084 236921
1648 1870 621300
106 1787 527832
1722 1869 154087
1856 2316 470660
1330 1438 35280
329 2621 794103
660 1247 597132
212 352 2431
425 2401 668938
31 1311 276834
27 130 387
649 2558 715819
1169 1996 367447
359 2391 140373
20 1319 194118
2644 2849 628435
85 2475 753671
9 454 242682
737 1377 105928
99 2136 887564
434 2764 623043
1762 2804 158434
1524 1682 605114
2014 2681 667765
1192 1824 430927
685 896 563081
2733 2863 896322
16 1812 718070
1251 1855 101895
654 2775 78356
928 1782 179715
467 2308 479618
1103 1108 867811
1855 2597 155283
792 1651 791321
2149 2291 44502
1253 2376 183284
1157 1676 360257
1270 2486 283355
1837 2854 302842
2429 2699 830503
169 2084 281281
1000 1466 357594
83 2550 561788
858 1452 655679
19 723 631456
2191 2621 51806
170 743 989690
359 1965 887068
759 1114 655256
180 1754 398893
1359 2114 857558
2123 2836 388792
1705 1875 985608
153 1912 693126
1394 1844 116801
2462 2640 540133
1358 2303 570878
950 2857 662367
225 1920 537458
1946 2769 118802
610 1229 314671
2206 2671 869996
590 2075 674606
824 1583 846725
811 2496 82235
104 1106 385817
1601 2444 127872
164 1714 959584
1297 1415 139755
1132 2197 148364
2278 2581 282303
53 2071 674975
205 2756 510581
2173 2180 617510
1469 2758 810380
318 1241 996373
242 1399 646260
183 686 101760
875 2608 625363
1068 1223 30004
114 1346 400817
6 745 373872
902 1859 786631
1745 2288 61635
889 1829 356767
331 2128 46083
1347 2593 760615
2528 2686 642343
941 1742 206104
215 485 786434
85 2373 390270
441 2296 97309
720 756 322531
2603 2644 375343
889 1323 859100
294 603 777275
823 874 733999
820 918 509126
11 277 750047
1020 2445 412340
221 2339 863830
1234 1326 303615
680 2184 333423
1479 2084 191826
1588 2577 720861
1572 1601 997192
1006 1132 452795
456 620 513596
1200 2715 139888
38 96 912076
664 1247 383294
605 2108 509167
545 622 759720
438 1599 223664
2207 2208 519934
655 1562 334343
788 2057 254022
589 979 606738
1319 1712 245513
773 2487 188213
690 2752 733303
2048 2266 412235
688 1342 840183
2485 2784 193543
197 1937 736911
239 1646 398636
272 1524 725293
1118 1651 144933
2067 2079 422160
1700 2185 80322
178 1710 323734
1068 1104 118927
472 2271 994146
1772 2544 373011
1274 1626 93801
2132 2576 750754
2230 2408 439898
1417 2508 474783
1921 2372 129704
592 2782 31122
636 1742 663285
523 2613 712482
1931 2649 107356
1340 2302 316847
1003 2807 573915
628 1312 853198
1822 2007 224348
493 2005 803298
392 1967 988574
1336 2825 178451
242 1306 52804
1154 1820 732654
400 839 31098
78 832 576025
899 2650 231872
2761 2868 88497
