cc61ad56a4797fb3f5c9529f73ce6fcedd85669b
1
3000 745 1941 3823220709
745 2771 4970
1296 2771 151088
1296 1969 588945
124 1597 277326
124 671 29820
527 671 1491
1941 2771 272853
124 2290 138166
1941 2056 3976
1185 1941 4473
1941 2609 1491
1729 2056 3976
2056 2888 3479
194 2056 994
1185 2760 2982
1185 1974 1491
1185 1201 4473
1185 1212 4473
1185 1284 1988
642 1729 3976
740 1729 3479
642 2911 1491
642 1643 4970
1167 2760 497
2483 2760 3479
2702 2888 2982
726 2888 2485
1731 2888 3479
1974 2692 2982
1270 2911 4473
142 2911 3479
1848 2911 497
2911 2939 1491
259 1270 994
1062 1201 1491
2172 2702 2982
2426 2702 3976
726 2963 4473
726 1300 2485
1643 1705 2485
492 2609 1988
142 2296 2982
142 1240 497
492 1310 994
492 1586 2982
1212 2591 3479
1310 2581 1988
259 1342 497
1586 2909 4473
1284 2275 994
58 2483 1988
864 1731 2485
1731 2169 4970
1300 1634 2485
1705 2859 994
1705 2475 497
2296 2562 1491
194 1258 2982
177 194 4473
849 2692 2982
864 2151 4970
1617 2169 994
1496 2290 994
1169 2290 3976
1346 2290 3479
1261 1496 1988
1146 1496 4473
1496 1680 3479
677 1169 994
1169 2347 1988
86 1261 3479
789 1261 497
1261 1542 3976
1261 2098 497
716 1261 497
1261 2269 994
275 1146 994
1146 1833 4473
89 1146 3976
1146 2559 4473
86 149 4970
86 1372 3479
86 1937 3479
789 2019 1988
1426 1542 2982
1542 2894 994
1421 1542 2982
382 1542 4970
105 149 2485
149 493 3479
227 1680 2485
804 1680 1988
531 677 3976
677 1002 1491
227 746 1491
227 712 994
227 551 3976
536 1372 4970
1372 2234 1988
223 2098 497
1745 2098 2485
746 2600 3479
223 2464 1491
297 1937 4473
712 1147 994
551 687 2982
1344 1833 1988
1833 2457 1491
421 1346 4970
89 1249 1491
382 808 2982
484 2559 497
927 1249 1491
357 2269 2982
1956 2269 994
2721 2775 994
1930 2721 1491
2721 2903 1491
1633 2721 4970
1988 2721 4970
214 2721 3976
2721 2997 994
1784 2775 3479
8 2775 497
2759 2775 994
2694 2775 3976
2775 2817 994
1566 2775 994
591 2775 4473
658 1784 4970
1784 2802 2982
1784 2742 3479
717 1784 2485
1784 1799 3479
1193 1784 2982
1784 2143 497
658 1961 2485
658 1906 4970
483 658 3976
695 1930 1491
1930 2825 3479
355 1930 2485
1930 1967 2982
1930 2294 994
419 1930 2982
1480 1930 1491
695 1366 3976
73 695 994
695 997 994
256 2903 4970
602 2903 1988
925 2825 2485
108 2825 3976
2825 2863 497
2750 2825 3976
2782 2825 994
631 2825 4473
183 2825 2982
1448 2825 2485
506 2825 4473
925 2881 4970
925 2472 4970
925 1431 994
925 1165 3479
654 925 4970
925 1323 497
925 1687 2982
8 2724 994
8 1664 4473
355 2094 4473
355 2063 1491
355 2304 3479
355 2099 994
355 372 3479
636 2802 3479
1196 2802 497
937 2802 994
255 2802 1988
314 2802 994
1200 2802 3479
1920 2802 1491
1394 1967 994
1967 2375 2485
1935 1967 497
1312 1967 3976
973 1967 4970
879 1967 3976
636 977 3479
636 2025 3976
636 785 2982
325 636 2485
636 2688 994
636 867 2485
636 736 2982
2448 2724 1988
2724 2910 2982
1477 2759 4473
1028 2759 1988
301 2759 1491
108 2647 3976
108 834 3976
108 2326 4970
108 1822 4970
108 2055 994
1060 1477 4970
1477 2444 1491
1211 1477 1491
1477 1563 3479
1477 2082 3976
1477 2736 1988
914 1196 3479
189 1196 4970
1196 1504 497
2023 2647 4970
216 2647 1491
1934 2647 1988
1540 2647 3976
1722 2647 2485
860 2647 3479
708 2647 2485
2524 2647 4970
672 2647 497
1060 1384 3976
1060 1851 2982
84 1060 994
1060 1291 3479
977 2895 34293
977 1209 34293
977 2138 4970
45 977 2982
977 1807 3976
977 1644 3976
977 2525 3479
1573 2895 34293
1194 2895 497
2821 2895 4473
2144 2895 2485
791 2895 4473
1815 2895 4473
2027 2895 994
2875 2895 497
288 2895 1988
1961 2794 1491
1239 1961 497
1103 1961 2485
1961 2439 2982
2023 2192 994
210 2023 994
1907 2023 994
2023 2197 2982
834 2921 3479
834 1099 497
834 1884 3976
834 1012 2485
474 834 1988
1209 2649 3479
823 1209 3479
1209 2593 994
1209 1923 4970
809 1209 34293
796 1209 1988
1136 1209 1491
534 1209 2982
913 1209 2982
1209 2310 4473
1366 2045 4970
1366 2811 2982
1189 1366 497
693 1366 4970
341 2649 497
2081 2649 3479
2649 2986 4970
1318 2649 3479
1029 2649 3976
160 2649 3976
216 260 2982
216 2857 3479
216 2533 4970
216 1736 1988
216 1202 1988
216 482 4473
771 2794 2982
868 2794 4473
1164 2794 2485
1661 2045 4970
2045 2602 994
1453 2045 4473
823 2058 1491
823 2858 1988
823 2237 1988
2470 2593 4473
2222 2593 3976
2488 2593 1491
2593 2637 1491
825 2448 3479
1015 2448 994
1582 2448 497
2276 2448 1491
25 2448 3479
1345 2448 497
1486 1923 2485
971 1923 4473
2025 2579 994
2025 2752 3976
2025 2026 2485
335 2025 1988
1424 2025 1491
434 2025 4473
875 2025 4970
801 2025 1988
1933 2025 3479
1580 2058 1988
2058 2506 2982
1485 2058 4970
2058 2431 4970
1565 2058 4473
1085 2058 2485
697 2058 4970
880 2863 2982
2465 2863 3976
1218 2863 4970
309 2881 3976
1825 2881 4473
2551 2811 497
246 2811 4473
222 2811 2982
981 2811 3976
2811 2965 2485
802 2750 1988
1441 2750 3976
6 2750 1988
119 2750 4970
193 1573 1988
188 1573 34293
781 1573 1988
578 1573 1491
1573 2306 3976
505 1573 497
138 1573 1988
441 802 2485
324 802 2485
802 2840 3976
802 2871 3976
2294 2468 497
238 2294 994
1564 2294 1988
1720 2294 2982
2860 2921 4970
2053 2921 3479
2424 2921 4970
923 2921 994
306 2921 1491
1239 2225 497
926 1239 2982
2326 2933 3976
2062 2326 1988
113 2326 3479
1533 2326 2485
193 2505 497
1028 1980 1988
852 1028 1491
1028 1266 4970
59 1028 497
1028 1049 4970
619 1028 3976
131 1028 3976
912 1028 2485
1489 2782 497
2556 2782 497
1481 2782 1491
2782 2998 3479
631 1587 994
205 631 497
631 2748 994
631 1171 1988
603 631 3976
284 631 4970
255 1857 1491
255 1984 497
128 255 3479
255 2683 3479
255 418 4970
1194 2901 4970
713 1194 4970
538 1194 3479
468 1194 1491
442 1934 3479
1567 1934 1988
73 1259 994
73 2554 994
73 2789 1988
314 869 1988
314 2967 1988
314 1113 4970
300 314 3479
314 333 497
1919 2192 2982
1743 2192 2485
560 2192 4970
1757 1919 497
1919 2887 1491
1832 1919 2982
1919 2213 3976
1188 1441 1491
111 1441 2982
2350 2468 4473
861 2468 497
575 2468 2485
1993 2468 3976
1227 2468 4970
916 2468 994
1651 2468 994
1688 2468 1491
2268 2468 2982
1980 2146 1491
1349 2146 2485
1420 2146 1491
2123 2146 1988
1338 2146 497
908 2146 3976
188 929 34293
188 554 3479
238 1576 497
238 1856 1491
238 435 3976
238 322 2982
71 238 2982
238 555 994
238 1288 1988
1840 2094 3479
51 2094 3479
1222 2094 4473
1197 2094 1491
2094 2640 2982
905 2094 2982
863 2094 3976
101 2094 3479
210 1766 2982
210 317 4473
852 1964 4473
852 1324 1988
852 1087 4473
852 1030 2485
1189 1334 1988
292 1189 3976
1189 1649 994
2933 2952 2485
2209 2933 497
563 2933 3479
2200 2933 4473
943 1349 2982
1349 2244 4473
453 1349 4970
1349 2741 994
1349 2503 1491
1349 2355 994
1510 2901 1491
1275 2901 2982
98 1580 3479
458 1580 2485
260 1557 2485
260 1071 1491
253 260 1988
587 2225 2485
1891 2225 1491
1321 2225 1988
2225 2238 497
858 2225 3479
1188 1826 4473
1188 1638 497
1188 2548 4473
1188 2850 3479
1144 1188 1491
1188 2862 3976
2749 2952 994
465 2952 2982
1751 2952 3479
1946 2952 4970
2104 2952 1988
1510 2331 1491
1510 2827 2485
595 1510 4970
1064 1510 3976
228 2472 3976
170 2472 4473
1069 2472 3479
2359 2472 1988
2331 2962 1988
1880 2331 1491
441 2148 1988
441 779 4473
869 2947 4473
869 1236 994
869 2924 3976
869 1245 2982
988 2551 2982
2105 2551 2982
381 2551 497
2130 2551 1491
2437 2551 497
685 2138 994
106 2138 4473
341 2999 994
341 1304 994
341 940 4473
1748 2694 1988
2694 2743 2485
2694 2779 497
2293 2694 1988
1998 2694 1491
587 1402 2485
163 587 3479
587 2987 994
587 1040 2485
781 2395 4970
781 1244 497
510 781 3976
1633 1805 497
1633 2061 2485
1633 2809 1988
934 1988 1988
1099 1928 497
164 943 4970
943 2958 1491
943 2428 2982
2579 2795 3976
1455 2579 3976
1097 2579 3479
1003 1907 3479
1145 1907 3479
321 1907 3976
202 1420 4473
392 1420 4970
877 1420 4473
1420 2236 4473
45 1616 4473
45 1606 994
45 1046 2982
1928 2399 4473
1716 1928 2982
1305 1928 3976
593 2742 2982
1608 2742 1988
1410 2742 1988
2742 2845 994
719 1757 2485
312 1757 994
1697 1757 994
1757 2132 3976
1757 2674 3479
338 1757 3479
524 2350 4970
1909 2350 497
2000 2350 4473
1491 2350 3976
179 1661 3479
1230 1661 497
1807 2687 497
514 1807 1988
553 1807 497
1807 2054 4473
1620 1840 2982
1003 2695 4473
1003 1592 1988
473 1003 4473
1003 1290 1988
607 1394 2982
1394 1647 3976
1119 1394 3479
704 2947 497
15 2947 4473
673 2947 4970
214 2193 1491
214 1053 1491
51 1279 2982
51 1607 4970
51 76 4473
1627 2395 497
1983 2395 4473
2181 2395 994
947 2395 3976
909 2395 4473
890 2395 2485
1575 2470 497
1873 2470 3479
2470 2834 4970
64 704 4970
668 1489 994
1011 1489 2982
929 1162 2485
467 929 34293
683 929 1988
374 868 497
868 2095 3976
868 930 2485
868 2819 4473
868 1659 4970
868 2940 3479
1339 2063 2982
2063 2261 3479
1351 2063 3976
2063 2288 3976
1818 2063 1491
1857 2490 2485
1260 1857 2485
111 570 3976
111 2867 4473
111 430 4473
179 1495 4970
809 2402 34293
809 2284 2485
757 809 1988
809 2555 1491
785 1886 2485
206 785 4970
785 1110 2485
785 2666 4473
785 1414 4970
785 1005 2485
785 2517 2982
247 785 994
389 2752 3479
2198 2752 497
1222 2959 2982
1222 2723 4473
959 1222 3976
1575 2074 3976
1403 1576 3479
1125 1576 497
1576 1782 1988
579 1576 1988
1576 2278 4473
1126 1576 1988
1576 2480 4473
1576 2481 497
1330 2123 2982
2123 2539 2982
1529 2123 4473
845 2123 4970
717 2163 4970
717 924 1988
717 1669 1491
717 1883 4473
717 2662 2982
717 2613 4970
861 1975 3976
861 2333 3976
861 999 4970
861 1819 3479
861 1132 497
167 861 2982
861 1009 994
6 1755 497
6 480 3976
6 1221 497
6 99 1491
6 2029 1491
1135 1162 3976
1162 2154 2485
208 2887 994
1627 2024 3976
968 1627 1988
1627 1774 497
1627 1694 2982
249 2304 3479
2304 2951 3976
1886 2413 1988
1886 2833 3479
1417 1886 497
2478 2602 4970
31 2602 3976
2036 2602 4473
1553 2602 2485
2602 2948 994
524 993 2485
524 1331 3976
332 524 2982
1765 1766 1491
1547 1766 994
1766 2415 497
1197 1416 1988
1197 2185 4473
1197 2824 994
749 1197 2485
485 1431 994
1431 2510 2485
609 1431 3976
2402 2691 4473
351 2402 34293
1098 2402 2982
53 2402 2982
1224 2402 3479
246 2215 4473
246 1242 994
246 1017 2485
246 1515 4473
246 1329 1491
246 2086 994
246 1610 994
374 2302 3479
1587 1971 3976
460 1587 3976
1587 2467 2982
1585 1587 4473
1587 1893 497
1396 2858 3976
245 2858 1988
310 2858 2982
577 2858 2982
373 2858 2982
508 2062 1988
2062 2282 3976
2062 2984 3479
145 2062 1988
19 1984 2485
1865 1984 1491
201 1984 3479
1145 1693 994
1145 2152 497
1464 2081 497
256 347 4970
256 2686 3479
256 1142 1491
137 1330 4473
1330 2606 2982
1330 1795 4970
685 1301 1988
137 448 3479
1551 1983 994
796 2459 1988
422 796 4473
825 1890 3976
1444 2413 497
2413 2725 3479
2388 2413 4473
244 2413 3479
2413 2758 3976
442 2035 3976
2015 2967 2485
1382 2967 2485
666 2967 1491
1136 1947 3479
1136 2180 2485
1136 1184 3479
1339 2390 2485
1078 2691 2982
1776 2691 4473
1393 2691 4473
822 2105 3479
1545 2105 3976
82 1338 3479
315 1338 3479
1338 2538 2485
1338 2908 994
1338 2612 497
719 1675 1988
719 1070 497
719 1899 1491
719 2919 1988
593 2934 3976
580 593 497
593 897 3479
1307 1608 1491
1033 1608 2982
162 1608 1988
113 1859 1988
113 644 2485
70 113 3479
113 2707 4970
113 1084 497
113 2265 2485
1826 2726 4473
1826 2116 2982
1577 1826 3479
1826 2812 2485
1826 2017 1491
1056 1444 4970
15 2030 2485
15 569 994
539 1805 1491
2726 2770 4970
2335 2726 2982
1898 2726 4970
447 2209 3479
2209 2989 2485
567 2209 2485
38 2035 994
728 2035 3976
1550 2035 4970
410 2035 3479
584 2035 497
946 2035 4473
1068 2035 2982
38 2715 1988
38 1836 3976
38 2678 3976
2070 2399 2982
2273 2399 2982
1257 2399 4473
1684 1748 4473
1101 1748 1988
1748 2446 2485
1748 2217 497
1748 1957 3479
1748 2642 994
30 1748 1491
1118 1856 3976
85 1856 2485
665 2302 1988
2302 2778 3976
1650 2302 3479
694 2687 3479
2249 2687 1988
1262 2687 994
922 2687 4970
2552 2934 2485
1981 2934 3479
2389 2934 497
624 2934 2982
303 2261 2485
2261 2603 4970
2261 2564 4473
1869 2261 3479
2149 2261 4473
343 2261 994
1113 2325 2485
1113 1828 4970
1113 1537 1491
1897 2215 994
1979 2215 497
1593 2215 2485
391 2215 4970
878 914 497
914 2971 497
914 2885 3976
914 1250 2982
914 1248 1491
701 1334 3976
1117 1891 1491
1891 2577 3976
176 1891 2982
477 2986 3479
1476 2986 994
59 2466 3479
59 552 1988
59 2312 497
59 783 1491
59 148 3976
303 2839 1988
303 378 4473
303 2865 4970
303 2810 3479
303 2211 2982
1115 2857 1988
334 2857 2982
773 2857 3976
637 2857 3479
1713 2857 2982
389 2344 1491
389 2376 994
580 2792 3976
580 810 2485
521 580 497
502 2743 4970
122 325 3479
325 1337 4970
325 2550 3976
325 2182 1988
2015 2400 3479
457 2015 4473
2015 2513 2485
144 2015 994
1416 2484 497
1416 2718 994
1416 2756 2485
1416 1570 497
156 1416 1988
1879 2244 1491
547 2244 1988
615 2244 3976
206 543 2982
206 267 4473
206 2943 2982
206 1682 4970
1975 2107 3479
1050 1975 1491
701 951 4473
701 2425 3479
701 2011 3479
701 964 3479
354 2095 1988
1396 1497 3479
1123 1396 1491
983 1396 3976
1014 1396 1988
997 2118 497
54 347 2485
347 423 4473
347 420 2982
347 1653 3479
351 2730 2485
151 351 3479
351 1461 4473
125 351 34293
351 1691 497
351 439 3479
878 1870 3479
878 1493 1988
857 878 4970
878 1788 2982
878 2408 3976
878 1038 1988
878 1924 1988
1285 2099 1988
242 2099 1988
2099 2671 994
1728 2099 2982
2099 2936 994
326 2099 3976
635 1879 4473
511 2325 2982
2325 2745 4473
1190 2325 1988
312 1858 1491
1557 2625 1491
534 1955 497
1000 1620 1988
1620 2906 4970
1620 2766 994
1960 2839 3976
1569 2839 4970
2570 2839 2485
2839 2941 4473
33 514 3479
1015 2972 4970
1401 1964 497
311 1964 994
323 2999 3976
437 2999 2982
122 440 1491
122 1327 3976
122 1474 497
122 1363 1491
1285 2206 4970
933 1285 497
271 1684 2485
696 1684 2485
1684 1850 994
1378 1497 1491
1497 2769 994
146 2400 994
1579 2400 1988
2400 2690 2982
1182 2400 1988
481 2821 497
9 2821 2982
233 2821 994
350 2821 994
2212 2821 4970
49 2821 1491
1403 2991 2982
378 599 4970
378 2173 4970
378 2351 3479
1859 2324 1491
1859 2240 994
323 684 4473
323 1635 1491
5 1401 3479
1401 1843 1988
893 930 1988
930 1683 2485
930 1671 1988
1820 2333 994
2333 2527 2485
2333 2572 2982
164 1839 3976
713 2370 4970
713 2392 497
713 2009 994
713 1166 4473
109 713 3479
146 2646 3976
146 385 497
728 1903 1988
368 728 4970
352 1304 4473
1304 1322 994
319 1304 497
1304 1511 2982
1304 2500 4970
1051 1304 2485
2339 2730 3976
2660 2730 4970
285 2730 2982
1726 2730 4473
1637 2730 1988
1890 2616 1988
1460 1890 3479
570 850 3479
570 2563 1988
1355 1550 4473
1550 2003 2982
1550 2156 4473
502 2239 1988
502 2337 3976
299 502 497
502 723 2982
502 1026 1988
1384 2541 3976
887 1384 4473
1384 2041 497
1384 2420 4970
1384 2712 3479
33 403 4970
339 547 994
547 1130 1491
128 1137 2982
128 1138 2485
928 2533 3976
543 2113 3479
1049 2089 2982
2190 2819 1491
2435 2819 994
2226 2819 1491
196 1851 994
1437 1851 3479
1842 1960 4970
1544 1960 994
957 1402 4970
1402 1727 2982
230 1402 1491
571 1164 1988
1164 1927 2485
836 1164 1988
64 2584 497
64 549 3479
64 1790 4970
991 2749 2982
1800 2749 497
293 2603 4473
1128 2865 4970
1389 2865 4473
431 2865 1988
245 2826 2982
245 1624 497
143 245 2485
245 2051 1491
10 245 3976
1127 2506 4473
1293 2506 497
2021 2506 1988
361 2506 1988
365 2686 4473
618 2686 994
674 2686 1988
2636 2686 3976
1361 1495 497
1350 1495 3976
1495 2046 2485
604 1101 1988
511 2920 3976
511 763 3479
511 1999 4473
511 1759 4970
511 835 3976
780 2817 4473
2817 2897 497
2739 2817 4970
1971 2405 2982
1971 2504 4970
151 1698 497
151 2719 4970
460 1160 2982
460 1619 4473
67 460 3479
460 496 1988
220 1461 1988
1379 1461 3976
1753 2606 1988
2502 2606 1988
419 509 3479
419 2184 4473
190 1307 1988
328 1307 3976
1307 2050 4473
1307 1574 994
1025 2971 2982
447 623 497
668 1219 994
668 2611 1491
668 2731 2982
668 1948 1988
168 668 4970
1765 2835 994
742 1765 3976
1765 1991 4473
2144 2254 4970
1094 2144 1988
2117 2144 4970
2144 2147 3976
1117 2416 4473
1117 2878 497
1125 1405 4473
1125 2108 2485
1616 1874 497
526 1616 2485
874 1616 3976
1616 2976 1491
1160 1450 1988
1160 1830 497
1160 1995 497
1160 1447 1491
516 1160 2485
36 1160 497
753 1160 2485
1118 1863 2982
1118 1916 4473
1092 1118 2982
189 1102 3479
189 1900 4473
189 2160 1491
189 240 497
189 1205 2485
189 1513 497
635 1674 1988
237 635 2982
57 2541 4970
491 1799 2982
882 1799 3976
334 1615 4473
334 2496 4473
251 1236 994
495 1236 2485
1236 1814 2485
1122 1236 4970
1387 2552 3479
2552 2898 3976
1894 2552 1988
2501 2920 3976
2202 2370 2982
2159 2370 3976
1048 2370 497
2370 2607 4970
2185 2499 4970
604 2585 2485
1527 2972 1491
1543 2972 3976
899 2116 2485
1282 2116 3479
424 2116 1491
612 2116 497
429 1351 2982
690 1351 994
1351 1710 4970
1351 2896 2982
163 376 3976
163 583 1988
2120 2276 994
199 1567 2982
1321 1381 497
1321 1433 497
1321 2084 1491
1321 1422 3976
1321 2401 497
1321 1951 3976
1521 2392 1491
393 2392 1491
1485 2935 4473
432 1619 4473
1152 2725 2982
999 2981 497
999 1055 1988
575 2804 994
251 2710 4473
2556 2929 1988
2556 2872 3976
2299 2556 1491
634 2556 1988
208 1645 4473
208 234 2982
208 573 1988
271 2235 994
738 1128 2485
865 1128 2982
1429 1782 1988
872 1782 2982
1358 1782 4473
579 2596 2485
529 579 2982
2284 2497 2982
98 2320 1988
98 1866 497
220 2319 994
220 851 1491
541 1820 2485
1820 1904 1988
1874 2777 2982
1715 1874 1988
178 309 2485
309 2078 4473
112 2478 4970
1042 2478 3479
2478 2592 2982
1516 2478 4970
161 2202 3976
1011 1487 1491
1011 2471 994
1011 1702 4970
1011 2179 2982
917 951 4473
951 2583 4970
951 2697 3976
856 2425 2485
2430 2431 1988
1679 2431 497
125 2520 1988
125 1178 34293
125 2449 4970
1598 2339 994
236 2339 2982
651 2339 497
2022 2339 4970
218 1544 497
1035 1544 4473
249 1253 497
97 249 4970
1528 2324 2982
572 2324 994
961 2163 4473
435 1678 4970
435 978 1491
822 1501 994
822 859 1988
926 2263 2485
1981 2796 3479
1973 1981 2982
399 2520 4473
199 820 2485
199 2346 1988
199 598 1988
199 784 1491
2091 2826 2982
2322 2826 1988
1660 2646 2982
229 2646 4970
2329 2646 994
2334 2646 497
1730 2646 994
614 2646 4970
2356 2444 3479
2444 2575 1988
14 2249 497
640 2249 1491
417 2249 1491
679 2416 3976
80 2416 1988
103 957 497
957 2629 1988
957 1841 4970
1909 1952 2485
1509 1909 497
1668 1909 2485
1232 1909 4473
1551 2338 1988
1551 2495 2982
19 715 2982
200 679 2982
1714 2430 994
1676 2430 1988
780 2373 2982
780 2918 497
1624 2126 2485
264 1624 1491
1429 2205 1988
1429 2357 2485
450 1429 497
1429 1783 497
491 2231 2485
134 2405 2485
2157 2860 1491
1819 1831 1988
1228 1819 3976
322 2788 1491
322 2287 497
322 1020 3479
322 1721 2485
202 1986 1491
202 2087 994
747 2924 3479
14 797 3976
14 2545 1988
14 1612 3976
69 293 2982
327 2181 1491
1275 1503 3976
200 2085 3479
200 1915 3976
191 1869 994
1869 2631 994
428 1869 1491
135 1869 2982
1371 2989 2982
640 1297 3479
154 640 1988
1132 1541 1988
1645 2597 1988
2315 2375 2982
272 2375 4970
130 2239 497
1289 2239 4473
1150 2239 2982
1737 2239 1491
883 2683 3479
2598 2683 497
2507 2683 2982
611 1381 994
526 1463 994
526 1397 2982
182 1355 3976
304 1355 994
1247 1355 4473
190 2523 1988
190 1359 994
190 2620 4473
190 1958 2982
190 2387 3976
376 2366 994
376 2848 4970
1689 1952 1491
1732 1952 4970
770 1952 497
1133 2584 994
1213 2584 497
744 2584 4970
63 1564 2982
1564 2806 3976
1564 2352 3976
1564 2626 994
1450 2241 2982
1238 2898 4970
471 2898 4473
281 2898 3479
786 2388 3976
100 2388 3479
2388 2557 4970
1177 2388 4473
1483 2388 2485
1725 2388 2982
703 1211 3479
1211 1701 1491
1211 1505 2982
1211 1996 2982
269 1486 3479
1000 2175 4473
241 1000 994
803 1000 2982
1579 1940 2982
1579 2136 3976
462 1579 2485
758 1678 1491
942 1678 1988
1678 2945 2982
1133 2134 3976
1133 1462 2485
1133 1896 1491
1133 1699 497
714 2490 3479
2005 2490 994
1703 2490 1491
2199 2490 2485
2201 2484 497
1473 2484 4473
981 1008 994
1457 2935 4970
2841 2935 1491
664 2935 2485
606 2660 1491
2404 2660 4970
652 2718 3976
185 2718 994
1083 2718 4473
1413 2254 4473
1238 2417 3976
1158 1238 1988
1238 1723 994
644 1313 4473
644 656 4970
1689 1709 994
1689 2277 1491
2175 2852 2485
79 2175 1988
530 2175 1988
1273 1453 497
336 1453 2485
62 791 1491
791 1267 4970
657 791 3479
655 791 4473
274 791 4473
2092 2446 4473
1796 2446 994
1231 1993 3976
1095 2467 497
503 2640 4473
465 1373 2982
620 2885 3976
2421 2885 497
2885 2930 4970
130 1672 1988
1094 1844 3976
542 1094 4473
75 1094 4970
1690 2548 4473
213 2585 3479
1801 2585 994
2512 2585 1988
21 2585 994
1531 2217 497
756 2217 1988
2217 2246 1988
1660 2528 3976
286 1660 994
1106 2126 1491
826 1337 3479
553 1681 1988
273 553 2485
1675 2360 4473
1675 1977 2982
1675 2419 1988
266 1675 4473
1675 2532 2485
184 1675 1491
335 2228 1491
1672 1921 1988
182 2574 1491
182 1502 3976
788 2550 2485
600 1457 1491
1457 2764 4970
1457 2071 2982
280 1751 3976
392 2028 994
1739 2024 3479
66 2024 2485
880 1548 2485
60 880 1491
880 1332 3976
880 2281 4970
893 2039 1491
893 2530 3976
229 2007 2982
229 734 4970
229 1719 994
1227 2879 1988
862 1227 1491
328 691 2485
917 1552 2982
917 1740 3479
1425 1548 497
1315 1548 1491
1256 1548 2485
310 1621 1988
797 979 1491
61 2611 1988
32 913 3976
913 1514 2485
433 1935 4473
226 1935 1988
166 1935 1491
299 1767 994
696 2553 2982
866 2007 1491
1163 2007 2982
760 2007 4970
901 2007 4970
773 1667 4970
485 1802 2485
1078 1943 3976
682 1078 2982
1078 2931 4473
1078 1365 497
486 2180 1988
665 2280 1491
364 665 1491
665 1994 497
665 1572 4473
665 1925 1491
581 665 3976
1434 2190 3976
386 2190 497
2190 2279 1988
787 2190 3976
1888 2190 2485
1648 2190 2982
1600 2459 2485
2459 2594 1491
2053 2438 2982
1864 2053 1988
282 2053 2982
413 2053 2485
896 2053 2485
2053 2128 1988
1072 2053 2982
170 2224 497
170 1047 497
407 1293 994
283 1293 4473
384 1293 3976
1293 2427 3479
1293 1306 4970
1293 1404 2485
153 2356 1988
616 2356 4473
1717 2356 1988
748 2356 497
1598 2680 3479
920 1598 3479
121 1767 497
1562 2840 4473
1566 1568 3976
1566 2343 3479
96 1566 2485
2828 2997 497
1804 2997 1491
478 2997 4970
481 1036 4970
1865 2414 4970
1865 2734 3479
445 1865 3976
1561 1865 1988
103 670 3976
103 2529 4473
103 1013 497
1152 2418 994
1152 1187 1988
540 1152 3479
1152 2823 3479
702 2827 2485
630 2827 1988
443 2827 4970
763 2831 4473
50 2224 1491
2224 2328 4970
2224 2995 497
1161 2596 4473
1017 2010 2485
953 1017 994
754 1017 3976
320 2418 1988
1174 2418 2485
1589 2418 2982
585 1667 3479
82 2639 2485
82 2679 3976
68 2680 3479
2049 2680 994
1390 2731 994
2731 2938 1491
91 2731 3976
663 2778 2485
1962 2778 1988
905 2397 1988
905 1400 497
1698 2645 2485
793 1698 1491
1698 2097 4473
714 2561 1491
714 1779 994
714 2037 1491
1141 1726 4970
1295 1726 994
1726 1792 1491
1726 1913 4970
1870 2267 2485
1870 2968 4970
1870 2761 2982
1434 2492 4970
815 2237 3976
1419 2237 3976
1176 1755 4473
1665 2471 994
559 2320 497
919 2320 4473
743 2320 1491
767 1193 1491
733 1193 4473
1089 1193 1988
167 2255 497
16 196 497
709 2149 3479
9 2641 4473
9 2374 1988
643 2255 3976
1794 2255 2485
2616 2922 4473
2616 2768 3976
1743 2135 497
31 831 497
31 2111 4473
31 650 4970
1943 2436 3479
921 2497 994
2125 2435 1491
1987 2435 994
583 2737 3479
116 2182 497
433 1712 4473
1683 2174 994
2527 2706 3976
961 2115 4473
961 1613 1491
1601 2135 3479
1835 2135 1491
2076 2135 2485
576 600 1491
856 2605 4473
1179 1462 3479
1041 2205 2982
1161 1468 4473
110 1697 3479
564 1697 2982
1697 2013 2485
1102 2733 3976
1102 2704 994
1102 1670 2485
688 1102 1491
2018 2879 1988
1547 2429 1988
129 2315 4970
2315 2385 1988
2315 2422 3479
1245 2398 2982
1322 1558 2982
767 2665 994
1303 2695 1491
2080 2695 1988
769 2695 2982
2644 2695 2982
139 2695 497
2121 2597 497
18 1570 1491
134 776 497
1897 2204 3976
1897 2170 3479
924 2568 497
362 1873 1491
1806 1873 2485
632 1873 3479
939 1873 994
1171 2856 497
1171 2308 2982
1192 1607 2485
55 1607 994
1607 2461 1491
1425 2303 3479
495 1204 1988
1065 1568 1491
832 1568 4473
362 1001 3976
409 2306 497
1942 2429 1491
819 2429 2982
954 2429 1988
1467 2429 3479
2429 2836 3976
2571 2929 2485
2317 2929 4473
254 2929 4473
2319 2494 4473
811 2319 1491
1063 1979 497
23 1979 3479
1845 1979 2485
523 2417 4473
1922 2417 3976
1986 2440 1988
1986 2915 3479
1986 2954 4473
2193 2586 1491
1584 2193 994
3 2193 1491
2193 2781 3976
173 2871 2982
1058 2872 4473
2633 2690 3976
1832 2714 497
1832 2604 4970
774 1110 2982
1213 2751 1988
1178 1597 36281
387 1691 3976
1437 2681 1988
439 1945 994
908 1735 3479
907 908 1988
2558 2796 2485
2379 2796 2982
1430 2796 1491
563 1959 2982
504 563 1491
1829 2310 4473
2297 2629 3976
1265 2629 4473
1289 2634 2485
1552 2252 4970
1552 2843 1988
224 1253 4970
123 2003 2982
1734 2003 2982
729 2157 1988
831 1348 3479
659 831 994
456 2424 3976
1018 2360 497
1354 2501 3479
2501 2937 3479
764 2501 1491
2137 2501 3976
1862 2501 2982
118 2501 994
1065 2096 1491
1065 1539 994
197 1065 2485
1061 1065 4473
1806 2485 1988
1 1806 497
1806 2534 3976
213 2780 497
213 2547 2485
872 1560 4473
936 1318 4970
529 2798 994
1506 2545 497
1150 2913 2485
211 1841 4970
1841 2371 2485
513 1841 994
1168 1841 4473
2283 2777 3479
115 2777 3976
833 2036 1491
2036 2955 1988
2204 2454 1988
2008 2204 3479
1912 2204 1491
2002 2204 3479
136 2204 1491
1900 2266 3479
1900 2720 1988
1900 2396 994
41 2804 1491
140 2804 497
637 2456 4473
637 2992 1491
1509 1625 3976
538 1708 4473
41 232 4473
515 632 994
632 1966 497
597 2991 994
1433 2822 3479
1433 2790 2485
1669 2153 1988
1669 2381 497
1463 2708 2982
1463 2318 2485
1463 2565 4970
2910 2974 2485
112 827 497
1037 1481 1988
1481 2853 2485
1024 1481 3976
881 1481 3976
509 2829 3976
509 605 4970
1037 2258 4473
1037 2578 1988
1230 2463 4970
388 620 1491
620 2655 994
418 2386 4970
1360 2583 2982
1042 2664 2982
1137 2983 497
556 703 4970
703 2349 2485
974 1531 2982
892 1531 497
2084 2698 3479
2084 2667 4473
1274 2084 4970
996 2715 1491
1790 2654 4473
330 1790 497
833 2928 4970
1368 2414 1491
5 1642 1491
873 1737 1491
25 1733 994
2357 2519 497
369 2357 2982
1283 2070 2485
866 1364 1988
43 866 1988
17 866 3976
1597 2522 4970
731 1977 3479
1086 1977 1491
1494 1521 1988
1418 1521 2982
887 958 4473
126 272 994
616 1129 4473
616 2453 3976
616 2447 3479
616 894 994
979 1100 2982
1545 2140 3479
1545 2799 2982
1545 1901 994
610 2958 3479
1861 2009 994
627 2009 3479
1442 2009 1491
106 2377 4970
106 1803 2485
523 2975 4473
371 2258 994
456 1546 2485
407 1277 3976
407 1139 2485
27 467 34293
467 1953 4970
467 766 3976
467 1319 1988
295 1999 497
1999 2411 2485
1852 1999 2485
1712 1771 3976
884 1712 2982
76 1121 2485
818 2010 1491
1639 2010 2982
2010 2969 2982
209 1736 1988
1736 2705 994
1264 2156 1988
2156 2946 994
2156 2314 4473
1700 2156 994
358 607 4970
886 1250 3976
660 1250 994
772 786 1988
404 1647 497
949 1647 1491
1903 2970 1491
1903 2588 994
100 1475 994
2272 2528 2485
490 1348 3976
1708 2462 2485
1708 2102 3479
2280 2966 3479
2428 2595 1491
1596 2428 497
219 2428 994
1006 1190 2982
1297 2101 2982
241 853 497
241 1978 1988
647 758 3479
758 994 4970
1361 1846 1491
1143 1361 2485
2153 2487 1491
386 2614 2982
1019 1069 497
57 2345 497
62 150 994
2722 2828 3976
647 2738 2982
647 2476 1491
994 1809 3479
945 994 3976
1362 2438 994
953 2873 4473
953 1007 2485
599 1333 3479
599 1641 3976
1715 1853 1491
1715 2864 994
416 2733 3479
1711 2733 2485
832 2353 2982
832 1173 4473
415 832 497
1824 2159 2485
27 2286 1988
27 1969 34293
27 1524 2982
27 446 3479
367 552 497
2832 2853 4970
47 453 1491
453 1451 1988
1945 2075 497
528 1945 2982
863 1556 4970
863 2932 1988
68 1534 2485
68 2409 4473
68 2289 1988
2000 2957 2982
931 1824 4970
1493 2066 2485
718 1493 3976
1493 2785 994
1141 2772 1491
2518 2557 2982
1341 1727 3479
1292 1727 3976
2210 2558 3479
550 2558 1491
1599 2558 1988
765 1844 4473
422 1931 994
422 2622 1491
422 2072 2982
422 2902 497
1498 2132 2982
329 2050 2982
501 2050 1988
1864 2916 2485
1864 2786 4473
1353 1864 4473
1018 1471 497
1511 2004 497
1827 2829 4473
947 2150 3976
947 1294 2485
947 2907 2982
1702 1749 2485
1702 2067 1988
846 2282 2982
356 2282 4473
2122 2282 4473
1602 2719 1988
2042 2719 1491
1369 2719 994
2814 2897 3479
1367 1717 1988
1717 2139 497
1885 2089 2982
2089 2668 3976
2368 2704 1988
1066 2704 4970
1406 2704 994
2397 2452 3479
1914 2379 1988
1837 2379 4970
69 777 3479
69 1917 497
69 1868 1491
385 911 4970
1202 2849 497
815 2194 1988
480 2803 4970
436 2595 3976
29 2595 994
1208 1701 497
1701 2412 3479
923 2914 2485
923 2713 4970
2316 2834 1491
1244 2546 4473
1970 2091 1988
1390 2874 4970
1818 1872 2485
813 1818 3479
898 1818 4970
360 683 994
169 683 1491
282 817 2982
133 282 994
282 1482 3976
282 1950 1988
1596 2119 4473
2125 2815 4970
1149 1562 497
589 591 4970
591 2818 994
591 2129 4970
1408 2645 3479
2645 2979 4970
94 2645 3976
1600 2372 2485
1391 1600 3479
1896 2311 3479
782 2795 2485
2274 2795 2485
1555 2795 497
1309 2795 497
1526 2795 3976
157 1674 497
1674 2232 994
364 2245 2485
2336 2614 2485
1220 2614 2485
754 2511 3479
754 2567 4473
754 1623 3479
1629 2117 2982
2117 2171 4473
2574 2729 1988
1186 2574 2982
1155 2005 4473
2005 2582 2982
840 2571 4473
2571 2573 4970
2260 2571 1988
888 2571 497
32 2361 1491
32 2685 497
32 1590 4473
1140 2266 1988
1364 2621 4473
689 1364 1988
1243 1364 1988
1881 2101 1491
1303 2830 1491
1303 2285 1988
1073 1303 1988
1303 2711 3976
1303 2599 994
344 1303 497
661 2666 4970
1170 2666 1491
648 2666 2485
2666 2672 2485
1716 2178 994
1530 2336 994
1315 1810 1491
1315 1532 4473
1843 2393 3479
621 1843 994
1469 2664 4970
2610 2856 4970
2856 2892 3479
1538 1563 3479
152 818 4473
2075 2876 497
2075 2797 994
2034 2075 4970
1280 2075 994
942 1808 3976
871 2170 4970
217 782 994
1091 1220 4473
1220 2735 3479
1220 2732 497
171 1220 2485
400 1220 2982
1220 1472 4473
226 1500 4473
102 226 1988
532 2488 2982
734 837 3479
734 1666 1988
77 734 4473
734 1944 1491
711 2830 3479
2830 2950 1988
2624 2830 1988
2549 2849 994
839 1962 4970
1656 1962 3479
1962 2176 497
2090 2092 3976
1392 2092 2982
1812 2092 3479
2092 2905 4473
395 1629 2485
429 2961 3976
429 2670 4970
2394 2780 4970
93 2780 994
795 2780 994
1834 2780 497
380 2586 4473
410 1237 4473
1374 2419 1988
79 2944 994
1354 1758 3976
1039 1354 994
1508 2150 2485
1172 2522 4970
1630 2522 497
1905 2522 1988
384 558 2485
18 26 994
1005 2988 4970
1005 2601 994
383 2946 4473
1411 2946 2485
2041 2589 4970
906 2096 3976
13 1539 3976
653 1539 994
267 566 1988
267 305 4473
1129 2883 994
1129 2994 994
646 1129 1491
2323 2411 2982
1409 1664 1988
1172 2838 1988
61 1440 3479
1052 1831 2485
974 1636 4970
974 1786 2982
394 892 497
892 1512 3479
667 892 1491
117 2554 497
800 2554 3479
963 2554 2485
1522 2554 994
916 2250 2485
817 1685 3479
992 2937 4473
1892 1899 2485
450 1114 1491
715 2165 2485
715 2445 3976
1370 2546 497
1413 2926 4970
232 2207 497
982 2283 2982
874 1357 1491
874 2332 3976
548 2876 3976
1763 2876 2982
1076 2876 497
2142 2592 4970
721 2274 2485
520 2274 2485
1523 2274 4473
517 1948 1491
1948 2630 497
1948 2460 4473
935 1035 497
1267 2093 497
2515 2797 2485
2797 2964 3479
1877 2160 994
277 2160 2485
2160 2270 4473
289 2030 2982
1388 1540 1491
2228 2627 2485
244 2807 4473
1779 2973 497
88 1804 497
1762 1804 1491
1804 1847 4970
132 1114 2485
639 733 2982
733 1626 4970
469 733 1491
673 2509 4970
673 1380 3976
159 673 3976
749 1583 2982
1902 2017 3976
498 934 4473
1301 2300 4473
1301 2341 3976
1301 1976 994
2082 2576 4970
195 1809 1988
700 1809 4473
1165 1571 497
830 2833 1491
2309 2833 2485
2537 2833 4970
846 1594 3976
846 2216 1491
846 1985 3479
659 2474 2982
489 606 4970
606 1308 3479
512 1893 3976
1692 2115 2485
2115 2996 994
747 2223 1988
895 2523 4970
559 2535 2982
559 2689 1988
290 2961 994
618 2657 994
1054 2706 4970
883 2264 3976
883 2233 994
592 1371 3479
962 1593 994
764 1595 2485
939 1652 1491
2077 2267 497
1686 2267 994
1014 2473 2485
1602 2755 4970
1882 1916 4970
1811 1916 994
1263 1916 4473
686 1916 1491
451 1916 2982
459 2037 3976
24 2037 497
1008 1067 4473
669 1008 3976
1008 1490 4970
268 1008 497
1067 2699 4473
1673 2179 994
2179 2709 1491
294 760 2982
760 2133 4473
2218 2505 994
2505 2912 2485
1926 2090 3479
379 850 3479
1140 2493 2982
475 830 2485
1871 2087 994
1520 2087 2485
1207 2510 2485
13 2052 4473
13 2700 4970
13 626 994
13 2923 994
1692 2433 2485
1494 1754 3479
104 1494 3976
541 1778 3976
1665 2307 4970
949 2033 3976
949 1198 1491
35 1553 2485
1553 2716 3479
1670 2068 4473
1670 2358 4473
799 1861 4970
1861 2747 2485
2300 2479 4970
197 1604 3976
1096 1379 3479
588 1379 2485
1093 1379 3976
1081 1379 4970
1379 2158 4473
444 2211 1491
978 2060 2485
766 1298 497
766 1479 2982
639 1454 4473
165 2803 3479
2803 2960 994
990 2631 2485
423 2020 1491
72 388 2485
1659 1772 1988
1659 1889 2485
1397 1517 4473
235 1884 4970
556 2103 4473
556 1741 994
1604 1949 4970
1942 2321 3976
1821 1942 994
1376 1942 3976
1352 1500 3479
998 1500 3479
1286 1500 2982
452 777 994
777 2291 2982
2380 2453 497
1469 2164 2485
34 2479 497
1972 2456 2485
1131 2456 497
329 2214 1988
1391 2727 1988
195 425 497
195 1255 4970
150 2145 3976
150 2298 2982
731 1459 2485
731 1112 3976
2445 2891 497
2445 2869 994
1709 2516 1988
582 1709 3976
1126 2855 994
1126 2384 1988
367 948 4473
452 662 994
2587 2984 3976
1350 1989 1491
1432 1754 1491
1663 1754 1988
1754 2669 3976
1640 2955 4970
428 1449 4473
428 2693 4473
428 1021 3479
1549 2415 3976
155 2415 3479
411 2415 497
476 1541 4473
1541 1768 994
829 1541 2982
1032 2538 497
1929 2173 4970
43 1849 1988
43 1793 3479
1771 2773 3976
1536 1771 4473
1719 2006 3976
1722 2313 4473
107 1370 497
165 408 1988
165 1908 994
2369 2516 3479
499 2516 2485
1534 1614 2982
1439 2118 1988
1200 1677 3976
225 1200 1988
1200 2886 2982
824 2814 994
87 1089 1988
1079 1565 994
821 2313 1491
1936 2313 1988
472 592 1988
1465 2943 497
2079 2943 994
1272 2707 4970
1528 2650 994
1618 2462 2982
2661 2944 497
1098 2110 4473
698 1098 2982
1098 2890 4970
2083 2549 3479
955 1630 3479
174 2720 2982
158 2720 4970
416 2701 994
1154 2950 3479
252 286 1491
1415 2359 994
1609 2359 4970
1311 1749 4970
1749 2985 3479
1151 1894 4473
1022 1894 1491
1210 1894 994
363 1637 4970
131 806 994
1415 1982 2982
56 662 4970
853 2109 2485
1082 1639 3976
1080 1849 2485
548 1655 994
278 548 3976
381 2544 3976
381 2514 1988
2452 2676 2485
63 2763 1491
63 464 3479
2440 2536 1988
2344 2477 3976
270 623 3976
434 794 4970
1574 2365 3479
812 1574 3976
1077 1574 2485
2243 2625 1988
476 778 2982
2 476 4970
476 985 3479
257 2312 2982
752 2312 994
966 1668 2982
1668 2106 2982
1668 1867 3479
1668 2590 2982
903 1668 3976
239 420 4970
420 1591 4473
2662 2684 1491
928 1385 4970
995 2338 1491
1090 2807 4970
346 2322 1491
500 595 3479
562 2334 1988
938 1871 1988
535 1871 497
1871 2363 3976
1108 1592 994
454 1946 497
1120 2573 4473
1316 1520 4473
1520 2455 994
735 1277 4970
1043 1277 2982
956 1730 3976
258 2285 4970
1895 2285 3479
2008 2044 4473
2008 2846 1988
1525 1987 2982
248 2068 4473
1241 2068 2485
1226 2913 3976
1271 2913 994
1248 1706 1988
537 1248 4473
1057 2914 2982
755 2806 4970
838 2806 3976
1195 2365 3479
50 960 1491
302 657 2485
762 2792 3976
1654 1810 4970
594 2773 3479
461 1852 994
455 1852 4473
1535 1852 994
154 207 497
690 969 3479
414 2210 4970
1603 2210 3976
174 2993 497
1139 1159 4970
1139 1775 3976
373 2167 497
1283 2187 2485
2394 2469 2982
1657 2394 2485
676 1319 1491
653 1484 1491
318 653 1988
494 1306 4473
1306 2542 1491
53 1761 994
53 1234 2485
186 2815 4473
1326 2143 497
221 2143 4473
1904 2491 4970
2638 2670 497
1436 2670 3976
2001 2670 2485
1206 2519 3479
93 1646 3976
1611 1969 3479
1335 1969 2982
83 1063 1988
995 1044 4970
487 995 994
2038 2250 3976
641 2250 3976
805 2250 3976
496 1744 497
1876 2137 4970
1203 1392 2982
1392 1738 1988
2406 2657 4970
596 1688 2485
655 2653 497
678 1836 4473
989 1012 3976
28 2264 4970
1309 2047 3976
1225 1455 3976
841 1455 4970
1398 1455 994
601 2346 3479
2162 2373 3479
739 2349 3479
425 2900 3976
425 629 2485
473 1427 497
1958 2560 2982
2480 2889 1491
427 2480 3976
1134 1524 1988
2509 2842 497
345 610 1491
610 2677 4970
598 1116 497
88 1343 3479
2040 2351 994
1693 2403 994
1787 2873 4970
1791 2873 4473
316 1343 4970
568 2638 3976
1059 2011 2982
92 2011 2982
231 2171 1988
2171 2262 497
141 542 4473
307 542 2982
0 2945 497
258 2767 1988
2442 2500 3976
1340 1584 4473
795 2251 497
1199 2732 1491
127 339 1491
848 2922 2982
2465 2615 3976
300 2569 2982
1377 2033 2485
1797 2162 1491
2259 2727 2485
23 1588 994
23 854 2485
790 2512 3976
755 2383 2982
816 839 4473
1233 2111 3976
828 1039 994
479 1039 4473
1395 1529 4970
725 1914 2982
132 902 1491
2348 2889 1491
243 2889 2982
426 2973 1988
1320 2252 1988
2131 2252 4473
266 1798 2485
627 2100 3976
627 2016 3976
340 2987 3479
215 1377 2485
463 1601 1491
291 827 4970
819 2256 4970
675 819 497
1074 1155 4473
661 692 4970
1407 2842 3976
1559 2842 1988
1505 2717 4473
1505 2112 2485
74 1787 2982
1452 1787 3976
470 2387 2982
2410 2766 4970
507 1044 1491
688 1724 3479
681 2309 1491
625 1033 2982
1875 2622 2982
340 761 4473
340 2847 1988
613 1134 3976
1096 2703 1988
1096 1157 994
932 1654 1988
397 1121 4473
706 1121 2485
406 1121 497
1121 2230 497
954 1445 1491
954 1499 994
437 2884 2485
262 1558 994
1032 1554 1491
1221 1750 4970
900 1221 2485
1208 1278 994
40 1208 3479
459 2521 4970
231 2248 4473
515 1854 3976
689 2188 4473
987 1225 2982
588 2443 1988
522 588 3479
1109 1305 3976
377 1305 497
1305 1752 3479
622 2386 4970
143 2882 1491
1183 1595 4970
582 2753 2982
2401 2816 4473
181 454 994
799 1631 1988
799 1023 994
393 2114 2485
393 2364 1491
393 412 994
605 1111 2982
1105 1666 497
1666 2813 994
2106 2868 3976
1177 1458 4970
1177 2851 2982
1093 2367 1491
1079 2953 3976
2154 2219 2485
1081 1695 497
1954 2383 4473
415 1816 497
660 2124 4970
984 2174 3976
2174 2899 1988
336 699 2982
828 1997 994
284 2805 497
284 608 4473
488 2140 3976
141 1423 4970
1059 1088 1491
1059 1764 994
1059 1887 1491
1507 2279 4970
438 650 994
1939 2968 1988
1703 2566 994
889 2477 4970
950 1572 2485
670 1383 1491
1399 2218 497
468 2617 1988
468 1855 4970
468 1773 2485
16 2127 3479
1992 2644 497
1034 2128 1988
263 2128 1491
2100 2663 2485
39 1657 2982
1657 2927 994
751 1460 1988
147 790 2982
276 1846 1491
1235 2263 1491
1478 1615 3479
792 1973 2485
1254 2066 4970
114 2016 1491
1823 2016 1988
2103 2754 497
12 1040 2485
778 2220 1491
1345 1456 1988
37 1345 1491
506 1328 2982
507 565 3479
1427 1466 2485
980 2532 3479
1938 2054 1988
1215 1449 4970
281 975 2485
1707 2641 4473
397 2682 3976
3 44 1988
1438 1700 1988
2047 2608 2485
940 2423 497
74 727 497
74 342 3976
497 912 3976
590 912 4473
1124 2393 4473
414 2659 1988
1641 2221 4473
1153 1538 4970
1203 2904 4473
724 1203 2982
844 1468 497
967 1533 2485
1336 2021 3479
1029 2866 2485
1029 1075 3976
1581 2736 4473
1777 2736 3976
2223 2340 4970
279 2223 2982
776 1518 3479
77 1789 1988
77 972 3479
876 1311 497
976 1311 3976
720 1759 3479
2358 2762 4473
2765 2936 1988
1058 1488 2982
1058 2242 3976
617 1921 1491
707 2072 4970
993 1031 994
359 558 3479
807 2613 4970
2441 2613 2982
1130 2508 2982
2305 2408 994
1077 2330 2485
44 1223 497
2328 2656 4970
212 2120 3479
2032 2120 994
1326 1746 2982
1781 2765 3976
2203 2765 4473
366 2765 1491
417 1968 2982
498 2301 4473
910 2335 3976
2335 2580 4473
919 1229 497
78 1845 497
1458 1605 497
171 375 1491
2354 2688 3479
1268 2074 3479
240 1817 1491
2327 2665 2982
187 1920 3479
2256 2432 4970
20 1906 4970
1906 2925 497
1906 2012 3479
2741 2917 994
2524 2531 2485
2287 2652 497
798 2340 4970
645 2018 3479
1860 2018 4970
2018 2808 497
1395 2618 4970
1932 2449 4473
2191 2938 3976
203 2931 497
405 2565 1491
1506 2177 3479
390 2862 3976
239 2696 4473
2187 2643 994
298 2316 3479
135 1299 497
398 2536 4970
1022 2069 4970
2055 2378 3479
958 1347 994
2029 2949 3479
1785 2029 1988
396 614 3976
614 1813 4473
102 2271 4970
2327 2526 1491
1650 2800 1988
722 1490 3479
398 1878 4473
461 2854 1988
622 1156 3976
250 276 1988
681 1191 2485
681 891 994
405 1446 3479
2059 2711 3479
2487 2635 4970
104 545 2982
1231 2482 3479
904 1097 994
52 158 3479
1789 2787 3976
294 1632 3479
546 2864 1988
768 2481 1988
638 844 4473
594 1704 4473
960 1628 4970
175 2409 1491
2226 2229 1988
2176 2292 4473
1187 1838 4970
172 2998 994
22 2998 4473
870 1191 2485
557 1750 3479
48 1750 497
680 959 497
1699 1756 2982
862 2382 2485
353 1796 3479
2133 2861 2485
175 2746 994
1353 2498 1988
1353 2183 3479
2057 2918 994
296 2918 497
2110 2189 3479
1027 1858 4473
1317 2492 2485
265 1518 2485
935 2877 4473
1990 2521 2485
1302 2521 2485
941 1480 994
449 1192 2485
95 2330 994
2330 2837 1988
1742 2599 1988
1470 2599 994
996 1443 3976
1662 2919 1988
155 331 4473
1875 2543 1491
1875 2064 1491
39 2980 1988
250 1314 1491
1435 1491 994
1492 1938 1491
858 2257 2982
858 1622 2485
915 2311 4970
561 1072 1491
952 2754 3479
127 198 1988
975 1718 1988
7 448 497
356 2186 3479
1352 2791 3479
2048 2378 1491
2253 2693 1491
2458 2693 1491
741 2693 994
737 2966 994
2801 2966 2982
2463 2486 4473
84 2956 3479
180 991 3976
12 586 1988
2293 2844 2485
1251 1404 4970
408 2942 1491
408 2434 2982
2757 2789 1988
37 633 3976
217 855 497
217 1269 994
217 2014 4473
217 1276 994
204 1111 4970
1111 2793 1491
192 2403 3976
333 574 2982
333 2065 1988
168 705 4970
1837 2774 4473
46 841 4473
2088 2598 497
628 2983 994
2247 2547 2485
1412 2547 1988
2362 2534 1988
1181 2376 4970
451 1016 4970
451 1216 2485
2679 2893 4970
2783 2838 2485
1325 2869 3479
412 965 4473
1525 2208 4970
1512 2227 1491
2227 2391 2982
446 519 3479
1281 2783 1988
1747 2499 1988
1676 2451 3976
1016 2977 3479
65 247 4473
2031 2088 3976
532 1375 4473
430 1918 497
337 430 1988
349 1325 497
814 1517 3976
466 1439 497
750 1021 4473
518 1812 4473
1696 2078 3976
875 1658 1988
2073 2352 1491
525 2352 994
1578 2352 1988
2253 2619 994
1314 1963 497
263 2658 3976
649 2813 3976
230 2195 1988
1776 2196 497
775 1776 497
732 2960 4473
261 1734 4970
1734 2648 4473
1107 2747 4473
2623 2747 497
4 2951 1988
759 1103 497
1175 2529 3976
1195 2728 2485
1246 2260 4970
224 2407 2982
710 1823 1491
843 1929 4473
645 1252 994
1356 2917 1491
1210 2744 4473
2155 2537 1988
1760 2563 4473
172 1965 1491
187 2632 3976
533 2439 497
2044 2870 4473
176 842 2485
2166 2866 2982
81 2866 2982
970 2194 1988
1735 2978 1491
1428 2893 4473
545 2450 497
735 1910 2485
921 1519 2982
1004 1536 4970
1057 2990 2485
2363 2740 4970
90 1808 2485
198 944 497
870 2776 3976
401 2717 497
1214 2717 2982
986 1682 2982
1770 2652 2982
1968 2141 1491
1180 1825 3479
1088 2880 2982
400 2161 4473
544 1356 1491
885 1711 497
253 2043 497
918 2870 2485
2043 2784 4970
402 1526 2982
65 287 4970
370 1559 4970
1153 1217 4970
235 2651 4970
4 42 4970
313 1216 2982
1148 1216 3976
1287 2854 4970
11 1226 497
1053 2628 1491
1316 2540 497
1398 2982 4970
1045 1855 1988
967 1104 4473
308 967 497
730 1274 4970
1985 2820 3479
2295 2560 3976
348 2801 2485
265 2168 1988
847 2651 4473
1911 2420 4970
91 2675 497
544 1386 1491
1010 2588 2982
261 1780 4473
891 2342 2982
1470 2673 994
120 736 3479
2489 2685 2982
1769 1780 2485
