cc61ad56a4797fb3f5c9529f73ce6fcedd85669b
5
2084 196 352 79723
352 1916 147
734 1916 596624
242 734 393323
242 1587 196
589 1587 745584
589 1366 963389
230 1366 147
196 1916 441
1763 1916 147
473 1916 343
1531 1916 343
748 1916 392
1916 2067 49
402 1916 441
268 1916 49
1566 1916 147
1916 2055 392
1916 1924 441
196 1152 147
196 1210 343
196 1047 490
196 574 245
196 349 147
196 203 294
196 1022 98
244 1763 147
1677 1763 196
1127 1763 343
267 1763 196
989 1763 490
473 1703 294
473 1209 98
473 1386 294
41 473 147
244 877 294
244 948 294
244 1142 490
149 244 441
244 794 49
244 1588 49
244 759 49
244 1002 441
244 1006 245
244 1953 441
850 1677 490
177 1677 441
1677 1937 196
756 1677 49
1703 2057 196
1379 1703 392
602 1703 490
475 1703 392
1531 1679 245
1072 1531 147
1229 1531 343
647 877 196
77 877 98
722 877 49
877 1619 392
397 877 294
877 962 196
877 1165 490
948 1469 196
948 1530 490
948 1252 49
647 836 441
82 647 294
647 2032 49
407 647 343
1142 1825 392
578 1142 490
350 1142 196
1142 1271 441
748 852 343
696 748 441
748 1767 441
149 1605 98
149 1733 490
149 1319 490
1152 1635 98
1152 1967 98
1152 1726 49
1454 1635 98
856 1635 392
245 836 392
836 1023 245
836 1732 490
603 836 392
1210 1303 490
333 1210 343
683 1210 441
843 1210 196
1475 2067 245
1809 2067 343
1189 2067 196
1335 2067 490
850 1633 98
670 850 392
157 850 343
807 850 343
277 850 49
1139 1633 98
1402 1633 196
1633 1932 490
1303 1654 49
783 1303 147
1303 1707 49
216 1303 490
733 1825 98
1544 1825 490
8 1825 245
741 1825 343
177 1948 490
177 1058 490
177 754 49
77 594 245
77 1390 392
77 372 343
77 2035 343
852 1482 441
305 852 294
297 852 245
852 1708 490
37 852 98
852 1067 196
1469 1505 294
427 1469 245
1394 1469 245
1161 1469 196
1469 1727 343
248 1469 294
471 1469 196
1475 1522 196
863 1475 98
506 1475 294
622 1475 98
974 1654 294
763 1654 245
781 1209 147
1505 1965 49
538 1505 294
1084 1505 196
1505 1902 49
1505 1540 343
1289 1505 196
1854 1937 196
1438 1937 294
1127 1279 392
80 1522 441
430 1386 490
258 1386 196
267 398 441
267 1263 490
24 594 490
594 1202 98
442 594 441
594 1330 49
670 1543 98
670 1930 343
566 670 490
650 670 196
402 1196 441
402 1102 441
402 1766 245
70 402 392
7 1139 147
1139 2002 196
329 794 441
794 1962 98
794 1342 98
722 2047 49
84 722 392
254 722 392
330 427 294
1390 1870 245
458 1390 392
1390 1755 98
539 1390 392
1390 1723 147
906 2047 196
834 2047 343
783 918 245
557 783 98
251 783 441
783 1795 343
783 894 196
346 783 245
41 839 490
41 1978 294
41 2037 343
41 1109 147
863 1750 441
863 1447 343
82 2000 245
82 1103 441
1211 1870 98
91 1870 490
592 1809 392
1600 1809 294
1498 1809 392
370 1809 441
918 1218 343
700 756 147
611 756 196
329 808 490
329 417 441
329 1078 392
329 1123 147
329 1688 343
112 1543 490
532 1543 392
1543 1759 49
1543 2018 196
1543 1864 441
578 1151 147
245 1897 196
245 745 294
245 2009 49
1550 1854 49
1440 1854 147
892 1854 147
1400 1854 245
779 1854 392
1334 1854 490
42 1530 245
269 1530 245
1530 1621 98
85 1530 49
9 1530 98
43 1047 245
430 1933 343
430 1929 343
181 696 196
461 696 441
696 1960 343
1482 1961 98
1482 1885 294
295 1482 49
1482 1878 49
809 1482 441
1482 1661 49
913 1482 147
1211 1996 147
21 1211 147
446 1211 147
573 1996 343
265 1930 441
1129 1930 490
361 1930 441
115 1930 294
107 1930 490
878 1252 392
171 1252 490
305 1573 98
238 305 490
305 813 343
305 432 245
305 1559 294
971 1605 98
668 1605 392
827 1897 147
1815 1897 147
458 606 98
458 1883 245
458 1651 196
458 1645 245
744 1933 98
608 1933 245
1013 1196 441
518 1196 490
516 1196 196
1113 1196 392
605 1196 98
225 1196 147
1196 1460 49
592 709 490
592 1485 49
25 592 490
592 1987 490
1399 1619 490
954 1619 49
711 1619 196
265 443 490
265 1483 196
265 1011 98
557 1828 490
528 557 294
316 606 441
839 1370 196
839 1291 392
315 1013 245
541 1013 245
1013 1254 147
1223 1679 294
1679 1819 196
1248 1679 490
1679 2056 49
1107 1679 196
1285 1679 98
18 1707 392
1467 1707 245
1094 1750 196
368 1750 245
1750 1918 98
333 1275 49
333 1834 196
333 1509 294
333 1715 441
1420 1550 147
1832 2057 490
1656 2057 343
502 2057 294
548 2057 343
1102 2073 196
1102 1104 147
932 1102 147
1102 2005 147
827 997 98
827 1519 245
397 1698 343
397 1920 147
1978 2070 392
1234 1978 343
1397 1978 245
384 1961 147
1556 1600 490
246 1600 147
1885 2036 490
1885 2076 294
295 1043 294
295 474 245
295 1687 196
295 1233 294
295 1779 392
295 1896 294
295 761 490
306 1767 343
724 1767 392
637 1399 245
1399 1434 98
80 1154 245
80 1513 49
616 1588 392
271 1588 441
380 1588 98
1227 1573 294
1573 1584 490
1573 1906 441
1573 1977 49
1121 1573 245
331 1227 392
94 1227 147
1227 1526 147
18 369 98
18 492 294
1023 1724 392
1023 1216 392
1023 1268 441
142 1883 441
1365 1883 49
468 1883 49
157 2068 245
157 1923 441
157 879 98
157 897 441
1094 2063 392
1094 1640 245
1094 1461 392
0 709 490
79 1072 343
156 1072 49
808 2050 343
635 808 294
808 2080 98
808 2023 441
808 1032 392
495 1733 98
1414 2070 490
1316 2037 245
1738 2037 441
178 350 49
1485 1542 98
1485 2008 441
1485 1845 147
514 1485 49
965 1043 490
1043 1963 392
91 1994 147
42 776 343
42 584 392
42 1831 343
42 1031 98
534 1161 98
1051 1161 392
1161 1230 98
776 1547 490
776 2081 196
21 1799 49
499 1234 196
1214 1698 98
1040 1698 49
106 1698 196
1698 1711 196
1279 1459 245
102 1651 196
386 1651 343
518 1159 294
139 1878 490
1039 1878 392
1075 1878 441
1510 1878 343
368 1313 294
372 1638 98
372 1314 98
372 2025 490
1891 2068 343
684 2068 441
484 2068 147
676 2068 392
268 1881 343
268 1155 441
268 1478 294
268 1901 245
519 2073 147
1273 2073 98
1337 2073 294
238 1785 49
238 545 245
759 2052 343
759 798 392
759 1658 245
759 1065 441
369 1652 147
369 750 196
369 651 294
215 369 98
972 1652 49
614 1652 294
262 2036 98
1189 1380 441
563 1189 98
133 1189 343
1189 1719 294
195 1129 392
0 1502 490
1141 1948 98
874 1948 441
487 1948 441
1487 1948 490
1357 1566 490
1568 2063 392
1909 2063 392
968 2063 392
1611 2063 196
787 2063 343
452 2063 392
762 813 392
813 1979 245
720 1440 147
1440 2040 49
493 745 245
1223 1468 490
1222 1223 245
1223 1637 245
315 520 49
315 1029 98
315 1421 196
315 755 392
59 443 147
443 595 294
443 1014 490
388 443 147
1106 1584 196
7 1126 343
7 817 490
566 1624 490
566 721 196
477 2050 441
1624 1720 441
1432 1624 196
357 1624 245
1624 1954 490
701 1708 490
2000 2044 196
822 2000 392
1542 1944 245
170 1881 294
620 1881 490
403 1881 49
400 1881 49
211 1881 147
1745 1881 49
1099 1755 98
132 519 98
809 1293 392
644 809 245
727 1155 245
1155 1670 196
529 538 147
903 1151 441
945 1151 490
1151 1945 49
523 1151 196
1684 1906 98
1042 1906 294
878 1396 49
541 1607 98
541 1442 147
411 541 392
122 974 294
476 974 245
974 1195 196
736 974 196
506 855 98
506 1871 245
506 1339 49
319 506 294
409 1832 490
1396 1975 49
1265 1397 245
1167 1397 196
560 1638 490
1638 1973 245
1590 1638 441
635 1306 441
903 1001 343
300 903 294
903 1863 98
903 1557 343
903 982 98
744 1840 343
744 1149 98
639 1724 245
112 728 343
112 1422 49
1271 1797 441
412 1271 147
971 1017 98
262 1527 392
167 262 196
207 1106 294
1106 1458 245
885 1106 392
420 1556 245
533 1556 98
137 855 490
237 855 147
855 1012 49
419 1454 294
493 694 441
493 1276 392
59 1356 343
59 1358 245
735 1356 196
616 1736 98
257 616 49
727 1201 343
1785 1814 49
1077 1357 490
199 1468 343
554 1254 392
1254 1999 245
1254 1655 98
767 1478 441
1773 2081 49
1524 2081 245
161 2081 147
625 2081 49
419 437 392
419 887 147
331 359 147
1046 1568 196
428 1568 392
408 1568 441
180 1568 49
1216 1226 147
1216 1729 441
378 1216 392
993 1871 490
789 1871 196
965 1713 490
415 962 245
207 1146 49
207 1642 343
207 1731 147
67 1099 392
385 767 98
767 1036 98
767 1079 49
560 1321 441
137 1666 245
137 1249 147
137 638 392
86 1766 441
72 1909 490
1017 1728 49
16 1017 490
1147 1773 49
1383 1773 441
191 1773 441
1030 1773 392
590 972 294
264 721 392
170 1110 147
170 1465 196
170 643 98
444 574 49
574 1360 441
122 868 49
122 1367 196
706 1222 196
816 1222 294
393 1814 441
1003 1814 294
1293 1915 441
159 595 196
150 1728 441
958 1728 490
984 1728 441
945 1718 343
361 1144 490
99 361 343
648 1084 196
1346 1498 441
128 1498 441
532 919 49
532 612 196
1273 1408 245
510 1273 441
318 1273 294
438 1147 490
825 1147 49
155 516 490
516 1115 441
201 516 98
52 1006 98
393 1098 245
131 393 441
393 1135 343
393 739 147
1146 1998 147
467 1146 392
1146 1220 343
1055 1146 294
171 869 392
84 1913 49
150 1934 147
150 1950 49
763 1689 196
434 763 245
32 763 490
1008 1920 294
1027 1640 490
294 1640 490
273 1640 147
814 1640 98
567 1819 490
65 1819 147
690 1819 294
220 269 245
251 1903 98
251 1157 98
251 1401 245
164 251 392
723 781 343
92 781 147
781 837 147
782 1718 441
659 1718 98
1472 1718 392
694 1648 294
504 1058 245
1058 1805 294
708 1527 490
219 1527 343
263 1461 98
775 1684 441
1226 1866 196
1226 1479 441
1226 1646 49
1727 2064 98
620 1085 490
465 968 392
829 968 147
851 968 392
1795 1882 343
1934 2069 98
1962 1993 98
1770 1962 245
437 535 490
698 1144 49
708 862 490
708 1488 147
1265 1470 392
1173 2080 49
1046 1145 490
1046 1108 147
14 1046 49
1015 1040 343
438 1270 441
10 438 441
98 868 98
199 448 245
930 1902 343
1402 1823 245
782 1312 343
374 782 392
869 1009 392
869 1521 490
825 890 441
585 825 490
899 1759 49
1237 1759 343
539 916 245
539 1869 147
539 1683 294
1697 1979 294
86 129 490
1383 1545 490
335 1383 245
495 525 490
106 108 147
106 183 196
1185 1998 441
302 1998 343
37 406 196
37 120 392
633 1104 294
404 1104 441
621 651 490
491 1973 441
558 1973 245
888 1973 343
1833 2076 343
749 1891 245
678 1891 392
1345 1891 343
62 1365 98
1365 1595 490
462 1165 392
1165 1798 441
1743 1945 490
856 992 294
856 938 490
189 1736 392
1033 1950 147
240 330 147
1590 2060 98
1606 2023 245
139 1452 196
309 989 245
989 1376 147
989 1138 392
1077 2017 245
905 1360 49
1360 1426 98
309 1786 245
309 1388 49
1141 1327 49
467 1019 343
213 467 147
890 1081 49
373 890 441
720 1207 294
1242 1370 49
1314 1653 441
408 996 343
598 1915 343
349 379 98
349 973 147
349 1374 98
342 349 441
349 1959 147
349 944 392
1168 1661 490
633 994 392
1126 1512 490
155 1298 441
698 1622 490
1097 1689 147
880 1408 343
1039 2074 490
261 2008 147
396 2008 147
55 520 441
1295 2017 98
62 915 245
299 1115 392
152 1607 490
389 1607 392
1003 1371 49
1003 1128 245
160 1003 245
261 1986 490
57 899 343
23 584 147
534 1764 294
433 701 294
559 701 343
874 889 245
833 874 441
551 919 245
553 919 490
807 1338 49
431 807 490
401 1467 490
1609 1786 49
1274 1786 98
916 1133 98
723 801 196
702 723 196
723 1905 245
1616 1993 490
1471 1993 147
337 1687 392
323 1687 343
1167 1331 196
5 1167 245
1202 1631 245
770 1202 441
1276 1455 49
1052 1656 490
1656 1706 343
151 1014 343
271 1466 392
271 1117 98
1078 1627 196
1495 2064 294
429 2064 343
380 1927 294
380 395 490
650 870 196
650 864 98
1241 1637 441
491 964 196
278 491 196
1623 1646 490
39 1646 98
648 2033 196
1073 1738 147
866 1738 98
113 1738 147
870 1602 147
1001 1215 196
1903 1964 392
525 1287 49
525 1199 245
1480 1834 392
434 1838 147
385 719 392
385 1562 49
1068 1726 490
1671 1726 343
502 1516 147
44 502 245
28 502 98
81 973 196
181 2054 343
181 631 196
99 1836 49
659 1585 98
275 1339 392
533 601 49
1585 1675 147
472 1764 49
1504 1764 392
187 1616 196
657 1616 294
1623 1952 98
72 1778 147
72 1100 343
614 1843 196
688 1103 392
480 1103 196
542 1103 343
338 1103 441
1081 1341 490
1029 2083 343
1697 1748 294
677 1697 49
266 1697 98
905 1762 490
26 462 490
462 1827 49
487 1410 196
1028 1977 294
892 2022 147
562 892 196
1036 1160 49
130 1011 343
449 1233 49
558 1116 49
558 1751 490
227 1516 245
522 1338 245
1338 1810 490
545 1378 49
545 1093 343
1847 2033 49
1130 2033 343
1905 2013 245
682 1905 147
1098 1518 245
52 626 490
1116 1555 245
1116 2053 49
356 431 294
1091 1173 490
312 1913 490
1558 1913 98
1162 1458 294
1458 1919 245
179 1458 196
226 1458 294
922 1779 196
201 1172 98
56 415 196
1051 1184 343
577 1051 98
932 956 441
472 1981 441
292 1975 147
325 1975 294
581 915 245
568 2002 196
628 1778 294
729 1313 294
500 1313 245
583 1642 196
554 1744 343
554 1286 196
554 963 392
1462 1840 245
342 1860 196
342 1004 392
141 342 392
276 370 294
117 370 392
729 1583 441
729 1020 392
729 1203 196
212 729 490
706 1574 98
1232 1748 392
114 1400 441
88 114 294
114 1812 343
114 656 196
1551 1583 49
184 626 147
631 680 245
1005 1797 98
186 605 343
605 1122 441
605 2010 343
605 1179 245
88 840 392
187 1997 392
889 1090 245
889 926 294
881 1207 490
94 742 294
93 1509 392
719 1525 196
548 1949 490
535 1464 343
208 1860 294
435 1860 441
917 1263 245
993 1939 196
172 993 49
1182 2040 147
1836 1872 49
470 1042 98
92 1681 49
1076 1524 392
884 1574 392
79 1444 392
79 658 245
1183 1999 147
992 1842 294
206 1544 98
1544 1835 49
55 143 98
55 2006 343
1846 1949 294
343 551 441
197 551 294
551 1105 441
240 1384 147
564 1052 343
1816 1827 147
731 1827 490
986 1827 392
224 1421 147
901 1923 245
89 1923 245
1306 1352 490
392 1927 98
1927 1989 294
296 1020 147
922 1889 245
216 636 392
173 840 147
124 840 98
929 1172 490
128 1935 196
128 1784 245
109 1645 147
484 1150 147
484 1236 441
1109 1453 392
410 913 392
202 913 147
1010 1675 196
1055 1604 98
908 1055 490
136 1055 441
256 378 294
378 1243 196
378 1451 98
208 1601 147
208 747 441
208 714 196
287 1842 294
497 564 490
17 312 392
542 1886 294
542 1591 294
542 951 98
970 1658 441
186 1062 392
433 1629 490
1093 1892 343
154 1444 245
1562 1983 98
135 2025 294
623 1551 49
1551 1754 392
553 687 147
553 663 49
580 601 196
601 752 392
6 98 196
360 1232 49
861 1232 245
154 1709 196
488 970 441
399 970 98
441 970 490
1420 1690 147
248 365 490
302 1974 490
1321 1501 196
1321 1821 343
1426 2039 196
894 1063 245
1843 1868 490
1830 1843 245
69 1997 392
63 294 392
294 479 196
294 1193 343
559 2046 196
873 1371 245
371 1199 196
416 1601 98
947 1540 490
596 1453 147
214 1453 245
770 886 343
862 959 294
286 404 49
1680 2046 343
156 422 392
198 1828 49
747 1433 245
1095 1243 392
1218 1943 343
789 1056 294
1195 2075 490
1195 1749 49
1180 1559 441
258 1880 147
1864 2038 49
496 1230 490
1230 1477 196
1095 1375 196
401 1517 441
500 893 441
667 1384 196
1384 1730 196
465 1772 245
820 1831 98
777 1557 49
758 1924 343
183 1734 196
206 556 343
396 1405 294
1352 1563 392
340 944 294
461 673 294
296 1044 441
13 886 147
886 1613 245
766 2038 98
403 1912 98
403 1537 294
403 1538 343
232 1604 245
568 1412 147
1149 1844 343
528 1284 196
469 1545 147
777 1535 392
222 777 294
58 777 196
453 1595 49
940 1201 294
355 1629 441
1086 1882 196
583 1235 98
1 556 49
338 1904 392
835 1203 294
570 636 441
307 1690 196
13 1332 245
389 1156 147
819 1715 196
831 901 98
218 682 98
383 837 294
286 618 294
572 2044 98
1731 1803 441
552 1123 98
947 1856 392
407 1198 98
1010 1320 49
188 831 98
151 489 490
5 1228 392
5 158 196
360 645 98
793 829 343
1528 1812 392
1414 1761 98
383 1425 392
1567 1688 49
452 713 196
452 1968 392
1499 1518 490
1518 1712 196
1068 1140 392
1472 1693 49
188 192 392
1446 1499 441
569 888 392
136 1857 490
967 1138 196
233 1154 343
192 715 147
304 1193 490
89 2024 49
1198 1393 490
200 1105 196
441 1409 196
956 1520 294
113 1269 98
739 1686 490
1246 1460 196
1693 1938 196
1520 1753 147
355 1200 98
362 1671 245
341 1538 490
10 1491 196
362 710 392
589 790 49
589 1258 49
589 2065 294
589 1808 343
303 589 196
76 589 196
589 832 245
424 589 490
790 1250 441
790 1628 343
478 790 147
790 1413 441
790 1492 49
790 1132 490
790 1323 392
681 790 98
790 1450 49
1250 1665 392
1250 1301 147
454 1250 294
1250 1700 98
1250 1664 343
1250 1900 49
1250 1255 441
1080 1665 441
450 1665 49
1617 1665 490
795 1665 245
1665 1800 294
914 1665 490
1080 1817 441
1080 1752 245
1258 1389 245
909 1258 49
1258 1261 98
936 1258 49
450 513 147
339 450 245
450 1822 98
450 1618 196
1326 1628 343
1628 1780 343
977 1628 147
805 1628 196
1297 1326 147
927 1326 343
1082 1326 294
1326 1958 245
503 1780 441
593 1780 294
1780 1890 490
1118 1780 294
281 1780 98
527 1780 49
599 1780 343
1204 1301 98
413 1301 245
1617 1898 294
524 1617 147
646 1617 49
769 1898 343
629 1898 245
464 1898 196
978 1898 98
1204 1865 98
1204 1765 343
1204 1508 294
753 1204 441
1204 1490 343
579 1204 245
478 882 245
478 1533 245
478 1016 49
503 632 490
503 1170 147
503 1702 245
503 1191 196
503 1990 441
503 1855 441
38 503 490
439 1817 441
1650 1817 196
1817 1947 343
671 1817 245
795 2026 49
795 1625 147
768 795 49
795 1746 196
235 795 98
795 1577 49
795 867 294
795 1064 245
795 1277 147
169 795 490
796 2026 343
250 2026 147
662 2026 392
841 2065 441
1925 2065 196
1546 2065 441
1363 2065 49
1445 1865 441
858 1865 98
134 1865 294
769 859 98
550 769 245
882 1867 147
882 2059 392
284 882 294
882 1592 49
740 882 98
291 882 441
773 1867 294
439 1586 294
439 1615 147
439 1852 98
439 459 147
439 1382 147
49 439 441
1143 1808 245
1131 1808 294
354 1808 147
1385 1808 294
255 1808 49
75 1808 343
1808 1874 98
933 1650 196
846 1650 245
1650 1801 98
110 1297 147
1297 1310 343
119 1297 245
1389 1548 196
1353 1389 294
272 1389 490
797 1389 294
927 1739 343
927 988 343
549 927 49
78 927 490
796 1694 196
796 1267 441
796 1634 343
796 1888 490
565 796 343
526 796 49
785 796 392
1351 1413 49
322 1413 441
1253 1413 245
110 1575 392
110 686 392
110 1070 294
110 1354 441
110 1663 98
909 1806 147
845 909 294
946 977 245
127 977 98
421 841 245
841 1914 98
413 1641 490
413 1783 490
413 481 392
413 615 490
413 937 294
1247 1694 441
239 1694 343
830 1694 147
34 1694 490
1217 1641 441
1529 1641 392
454 726 147
454 640 294
699 2059 490
860 2059 343
935 2059 98
679 1351 196
1351 2062 490
540 1351 98
718 1625 392
1278 1625 49
1625 1714 490
632 1305 392
588 632 343
632 1807 490
162 632 294
387 632 147
1533 1976 343
1119 1533 343
1060 1533 294
1082 2042 147
1082 1362 392
609 1082 490
1082 1344 441
1082 1811 294
679 1431 245
260 679 392
46 679 343
1696 2042 49
726 791 441
190 726 49
68 726 294
561 726 441
716 726 490
1548 1553 147
821 1548 343
48 1445 245
332 1445 49
513 811 441
1362 1771 343
692 1362 294
1362 1984 98
1307 1362 343
2 1362 196
857 1305 490
1114 1305 196
1205 1305 245
460 1305 196
1283 1947 98
229 421 392
421 1387 490
421 508 245
928 2062 98
505 1696 441
1225 1696 196
857 2016 49
857 1260 49
382 805 343
185 805 392
1765 1775 196
655 1765 441
517 791 490
791 1705 49
1739 1841 343
844 1739 441
718 1181 245
588 1506 49
588 1793 441
588 1735 49
166 588 98
588 786 441
588 1328 245
320 588 49
289 1806 147
1806 2082 490
1806 1877 441
928 1049 49
928 1348 147
928 1895 147
988 1598 49
988 1992 245
988 1231 441
811 2049 245
123 811 147
811 1674 343
571 1822 490
1682 1822 441
784 1822 147
902 1247 294
1247 1829 294
537 1267 245
1267 2003 147
1021 1841 490
1824 1841 343
571 1911 294
1282 1506 245
1506 2048 490
629 1787 98
629 923 441
629 2078 196
627 1205 98
1205 1837 490
1205 1439 343
204 1205 441
802 1353 441
236 1353 196
1586 1626 196
1586 1662 196
1586 1768 441
366 1586 441
425 1586 245
303 1296 490
303 1614 490
303 652 49
1261 2041 196
35 1261 441
738 1261 245
1261 1893 98
414 1775 392
1493 1775 441
284 466 343
627 2011 441
627 1571 392
979 1143 392
544 1143 392
505 1437 392
377 540 49
229 1940 441
308 466 245
466 1879 98
466 1853 98
3 308 245
308 1676 245
48 205 343
48 1096 294
48 118 245
48 283 98
48 576 392
48 672 98
537 1349 245
537 1473 49
1317 2003 245
1514 2003 147
45 1553 196
1061 1553 294
285 1553 196
1553 1659 343
858 1034 343
669 858 49
858 2014 490
858 985 294
354 1304 392
253 354 98
354 1325 441
76 1644 147
76 1423 343
76 582 294
751 1598 392
1403 1598 294
1534 2049 49
20 2049 441
1240 2049 147
788 2049 343
336 2049 147
165 1575 147
1238 1575 441
1449 1575 441
1575 1737 490
127 463 98
127 1957 98
1492 1593 98
507 1492 196
1492 1630 392
22 751 49
375 751 343
751 1188 196
717 2016 49
111 2016 343
942 1310 490
1281 1793 196
83 1793 196
501 1793 441
1296 1667 98
826 1296 392
1304 1536 245
147 1634 441
146 1634 49
1213 1317 441
1021 1350 98
1626 1788 98
1322 1534 441
74 1534 98
955 1534 294
1534 1582 245
1593 1794 490
1024 1593 490
975 1593 196
586 1593 343
101 1593 196
3 1336 490
3 804 490
3 1740 294
3 2031 196
3 619 343
549 1549 49
100 549 441
549 1037 196
376 1615 343
31 1385 49
1212 1385 98
1385 1695 343
1262 1385 490
282 1807 441
15 1807 147
760 1807 294
934 1853 196
1699 1853 490
116 1853 196
686 1908 343
36 859 147
859 1125 98
859 1050 294
859 1839 490
699 1758 98
699 1443 441
699 931 98
699 1741 147
1132 1826 245
661 1132 98
1539 1592 98
20 353 49
20 140 147
20 1769 392
20 228 343
20 1639 196
1735 1899 490
1280 1735 98
1717 1735 490
282 547 343
282 732 441
464 848 490
828 2011 343
1496 2011 49
485 2011 49
1166 2011 245
31 1364 294
530 1837 245
447 1837 343
1323 1411 245
1323 1569 98
1323 1418 490
1560 1700 392
270 844 392
844 1302 490
695 844 441
780 1119 490
165 394 343
165 1057 294
593 904 196
593 665 343
1071 1826 441
272 1007 392
272 693 392
11 1549 343
1372 1549 98
1436 1549 98
45 1158 49
45 995 441
45 1448 245
45 1579 98
1054 1322 294
1322 1404 490
234 1322 147
1322 1417 294
1322 2045 294
53 1238 98
653 1238 98
33 1238 245
36 381 245
123 641 343
19 123 49
123 823 343
575 1349 49
47 1787 343
96 322 294
780 943 196
780 1381 147
391 768 147
768 1565 98
1792 1925 196
205 1572 490
205 1942 147
609 642 441
609 806 196
1272 1800 392
1059 1800 49
914 1813 294
914 1969 196
121 914 441
270 1649 294
1089 1788 49
546 1890 245
140 1355 490
140 1643 343
1691 1746 98
1257 1746 392
1599 1746 392
1746 1971 441
119 1578 98
119 1777 49
71 119 196
119 1936 392
624 1662 392
1361 1758 392
871 1758 392
799 1758 441
1329 1758 294
1722 1888 294
321 1888 441
1359 1888 294
147 1153 441
463 815 245
1794 2019 392
1369 1794 245
210 1572 441
51 1572 294
1572 2012 98
1054 1124 98
1361 1747 490
509 1361 245
934 1802 441
934 1463 147
934 1092 490
604 1096 294
481 1251 294
481 1858 245
382 1087 98
74 1486 490
74 1576 196
394 737 245
394 445 294
394 591 196
949 1260 294
641 1907 490
943 1299 98
1118 1415 49
418 1118 441
190 925 49
1224 1423 441
1536 1721 245
1007 1791 392
210 1373 49
515 681 49
1336 1429 294
104 1336 49
660 1336 49
253 1221 147
253 875 441
689 1443 49
1187 1443 147
54 1024 196
774 1682 392
483 1682 49
405 1682 343
1066 1771 294
30 2041 196
675 902 147
975 1946 98
436 975 294
531 1578 392
883 1578 294
565 1561 245
1523 1664 147
613 1664 441
765 1676 343
217 1907 98
100 900 98
100 1416 196
100 1398 49
326 460 98
460 1088 490
898 1768 392
174 1768 392
1050 1391 147
646 1603 441
646 1419 294
689 824 392
689 1917 343
666 1691 245
289 1395 392
366 1970 392
366 1849 147
241 366 245
366 1045 196
773 1311 294
773 1790 441
773 1564 196
896 1404 98
1404 1956 147
536 1404 490
239 293 294
957 979 147
983 1431 490
1532 1721 147
327 1721 490
35 597 441
377 1757 343
175 377 49
1089 1174 343
1034 1781 245
600 1539 490
247 802 490
1171 1757 343
815 1239 490
153 1153 490
1153 2058 147
12 1153 343
1657 1957 98
1170 1796 196
705 923 147
923 1288 147
1025 1747 98
1259 1747 147
1290 1747 294
280 1747 343
774 966 49
765 2028 147
765 1503 343
298 1381 441
194 1381 392
1381 1931 98
743 1908 98
209 1908 490
90 1908 49
669 2007 245
669 911 441
669 746 147
604 1300 98
1456 1523 490
391 2061 392
391 1941 490
255 2001 98
455 1061 147
907 1852 392
288 1852 98
483 1175 441
483 1887 196
1580 1946 490
47 1244 245
969 1217 392
61 1217 392
11 60 147
778 1025 49
126 966 98
966 1101 441
310 966 49
1429 1511 294
1429 1922 98
1429 1678 441
1221 1873 294
22 2066 49
22 1928 392
22 105 490
22 1026 147
1776 2014 98
459 1164 147
459 1760 441
459 1861 441
1112 1395 294
912 1781 147
1474 1781 196
1441 1781 49
71 921 147
838 1970 49
326 792 49
259 326 98
326 757 294
326 1343 294
326 2034 98
664 1722 294
1722 1988 490
64 78 245
78 865 245
451 2007 147
860 991 392
555 860 196
1515 1667 392
1667 1789 98
995 1192 294
995 1995 196
664 1294 392
490 1411 147
390 792 147
507 674 147
1481 2066 147
1324 2066 392
4 2028 490
148 2061 392
764 1191 392
582 812 49
935 961 147
249 1481 196
1481 2079 245
707 1439 147
1439 2030 196
1350 1500 294
1206 1302 343
250 279 147
250 328 245
250 1266 245
148 1818 392
1560 1612 196
281 630 196
314 848 49
891 1576 196
990 1382 245
298 1428 441
298 2051 49
298 1991 49
980 1612 343
1087 1186 147
875 1742 392
259 1069 441
259 803 245
1368 1418 147
138 332 98
1311 1610 245
800 1311 343
871 1176 343
367 799 98
249 1774 392
345 1278 49
223 1278 392
1178 1278 490
1111 1355 343
274 517 98
347 1071 196
1120 1529 147
1197 1529 147
1272 2043 147
1264 1272 245
732 1820 343
939 1969 441
1424 1969 49
235 1581 196
1643 1685 392
221 1796 147
153 486 392
920 1359 147
1137 1359 343
685 832 490
969 1053 392
969 1850 245
969 999 49
952 1428 490
693 1136 392
27 1416 196
426 1066 294
810 1066 245
1066 1632 196
364 1417 294
313 1417 343
1417 1608 245
983 1725 392
138 1208 98
345 876 49
1059 1673 196
634 1839 343
1430 1839 98
1839 1884 98
1672 1839 392
182 1515 147
1716 1990 147
654 1391 196
73 1391 245
1657 2072 343
1070 1980 441
328 847 98
328 1692 245
328 712 441
1060 1083 147
334 1244 294
1244 1554 441
29 1244 98
40 1577 147
854 898 196
1660 1958 294
283 351 441
283 987 392
283 324 147
375 1245 196
176 1699 49
1038 1699 98
920 1910 196
49 498 343
317 1849 490
97 1849 490
998 1855 196
1340 1855 245
610 1855 147
842 1546 196
907 1484 294
824 1134 490
168 1899 245
1899 2071 98
1500 1668 343
1500 1570 245
587 847 441
847 1507 392
27 145 490
649 1088 98
725 1088 294
426 1756 294
998 1589 245
1406 2012 294
344 634 343
937 1966 49
867 1669 490
753 1377 147
511 828 147
771 828 294
405 1318 196
348 405 441
405 482 392
405 730 441
1101 1347 245
1174 2077 98
1463 1894 490
530 1782 294
66 530 294
1448 1476 343
924 1448 490
778 1710 343
231 949 147
144 1430 441
15 1541 196
162 1636 245
162 1972 343
757 1982 245
512 757 147
121 2027 196
121 772 490
1610 1862 441
853 1910 294
185 1041 196
447 1292 196
293 1407 147
607 1581 343
981 1053 490
75 849 294
704 1282 49
163 1942 441
1851 1942 147
288 1489 490
288 1392 98
221 1597 490
939 1704 343
445 1048 245
1791 1804 294
243 324 441
324 1955 196
672 941 392
672 1163 392
707 1951 441
40 456 98
1148 1956 343
960 1377 147
1668 1985 392
1647 1741 490
980 1315 441
1435 1804 245
440 941 490
950 1862 343
697 1790 490
423 2058 245
1875 1928 294
1663 2021 49
1673 1701 441
985 1308 294
1494 1632 343
895 1192 98
1177 1893 147
1333 1951 392
103 1951 392
703 2048 245
290 1541 441
1493 1552 147
50 1874 294
800 1309 98
800 976 245
95 182 147
515 1169 294
910 1308 490
363 2027 294
521 1197 245
872 1309 98
30 617 490
194 2020 147
785 1620 441
90 1921 343
90 691 245
1074 1315 441
301 703 343
543 1955 294
1026 1859 49
252 849 147
87 1716 392
818 1782 98
1333 2004 245
1176 1427 245
457 1742 147
527 1190 392
336 1000 49
125 666 441
1457 1554 147
1737 1848 49
494 2034 441
38 1035 98
455 1876 343
675 2029 392
675 1018 294
784 953 49
649 1219 196
697 1596 392
2015 2020 294
617 1926 98
193 826 49
821 1194 294
1256 1931 490
1178 1594 343
358 1225 392
311 1219 196
746 1497 49
700 607 688 130389
549 688 441
121 549 545468
2 121 923307
2 73 441
73 88 304535
88 106 896210
106 473 392
549 607 490
155 549 98
257 549 98
291 549 441
542 549 49
244 549 392
549 627 196
379 607 196
607 697 98
513 607 196
534 607 98
154 607 245
155 530 392
155 589 441
155 362 441
155 508 441
155 184 147
377 530 343
226 530 196
356 530 490
195 530 196
502 530 49
361 530 245
12 379 49
379 592 392
379 507 147
110 377 343
377 619 392
257 699 441
226 600 441
86 226 147
226 437 294
226 449 441
110 422 441
56 110 147
110 279 98
110 680 98
110 334 343
110 163 245
12 41 343
173 619 490
364 619 294
555 619 98
598 619 245
50 619 49
160 619 49
173 270 343
173 442 490
152 173 343
86 609 294
86 340 343
86 245 343
85 86 392
86 656 245
398 609 196
593 609 147
293 589 392
41 175 196
41 517 49
246 293 392
293 537 490
293 565 98
364 444 343
364 452 98
364 462 294
123 291 147
139 291 441
291 485 196
246 316 196
214 246 245
69 422 343
422 663 147
422 510 245
227 422 490
444 672 294
444 496 196
356 550 196
123 386 294
25 123 441
123 320 49
57 123 245
123 269 392
8 175 245
175 299 392
175 638 245
175 469 196
195 267 392
195 509 196
8 405 441
8 368 49
8 495 490
8 520 98
249 299 490
299 365 343
299 641 49
113 405 441
209 405 49
318 672 343
199 368 490
368 380 98
35 368 147
292 555 196
486 555 98
199 461 490
199 651 245
69 578 392
69 557 245
69 276 147
340 487 147
262 340 441
16 340 245
143 340 147
213 513 343
137 513 490
513 579 245
360 452 98
452 554 343
420 452 98
342 362 343
5 362 49
345 461 490
96 461 245
34 345 490
233 380 490
542 611 196
146 542 98
72 542 245
138 437 147
295 437 294
502 539 343
230 267 49
267 503 294
3 233 441
149 495 490
56 450 147
1 398 490
222 592 196
271 592 49
245 463 147
245 354 441
245 694 98
245 679 98
138 302 49
138 400 343
138 659 196
279 406 196
249 472 490
249 677 294
25 289 147
25 618 490
25 488 98
203 449 392
100 244 343
353 487 98
387 487 392
54 487 49
443 487 245
508 588 245
133 508 294
365 407 245
162 365 294
357 365 147
84 292 245
206 292 343
290 680 147
185 680 441
63 680 196
509 674 343
496 625 294
415 496 490
447 578 147
149 643 49
81 149 196
137 483 490
483 673 343
85 351 147
85 125 196
603 618 98
618 639 441
533 618 49
618 620 294
618 671 196
576 618 147
557 584 196
193 539 49
76 302 147
302 610 147
326 488 490
124 488 49
334 689 245
326 466 147
19 162 196
46 584 147
96 501 441
96 564 147
468 627 98
104 689 294
689 690 490
622 656 196
382 656 196
76 418 49
24 76 490
54 58 392
54 567 147
534 569 490
371 638 343
574 638 147
197 638 98
74 603 392
208 603 294
582 603 343
169 450 343
625 647 245
312 625 98
477 625 392
163 482 245
295 411 392
295 459 245
111 290 294
104 300 196
371 545 49
396 588 343
46 505 441
79 647 98
492 520 49
17 520 441
611 614 49
560 611 196
640 643 294
93 643 49
430 643 392
336 574 294
253 574 441
166 411 49
608 690 245
131 354 49
182 579 441
669 677 490
130 677 441
112 146 147
146 698 147
30 222 196
169 668 441
396 504 490
396 464 392
454 533 294
30 243 196
184 667 98
100 395 196
65 510 98
243 514 147
111 526 392
338 503 196
358 526 245
59 81 196
550 573 147
36 573 196
125 664 294
395 605 441
482 572 245
88 287 294
88 335 49
88 303 147
88 221 392
88 248 245
88 628 245
286 287 441
277 287 147
66 287 49
287 389 196
287 393 98
95 287 49
287 612 490
167 287 294
287 341 392
287 329 196
164 287 441
136 335 49
128 335 392
177 335 147
136 321 196
136 583 294
136 431 490
136 500 392
136 399 98
303 515 441
303 445 490
303 425 343
119 303 392
515 522 147
515 581 245
480 515 392
327 515 441
515 516 441
221 304 343
49 286 392
286 558 343
286 601 245
286 376 441
9 321 490
115 321 245
147 321 392
321 402 245
9 180 98
9 595 245
583 665 49
4 583 343
179 583 441
583 629 294
142 277 245
277 388 343
277 391 392
330 445 196
13 445 147
186 445 441
522 670 392
225 522 392
416 522 147
372 665 343
215 665 392
369 665 147
45 665 343
317 665 343
66 650 245
66 323 196
66 322 196
142 648 147
49 655 294
49 538 245
49 343 147
49 637 294
49 476 441
49 414 98
389 471 441
172 389 441
363 389 343
389 682 343
241 389 294
7 581 49
478 581 98
349 581 196
190 581 294
581 652 49
581 644 49
403 581 49
7 273 245
7 18 343
7 585 490
7 70 490
273 344 49
273 633 294
191 273 294
153 670 245
247 670 441
116 670 490
127 670 490
33 225 49
109 225 245
225 308 98
194 344 49
344 481 392
344 562 343
228 471 98
390 393 147
393 409 343
393 552 147
95 553 147
95 426 441
95 551 147
95 107 147
95 263 490
33 676 343
21 248 441
248 577 196
248 623 147
248 297 343
156 248 441
248 662 294
248 424 49
372 408 343
372 675 392
32 372 392
372 606 49
6 372 98
372 696 196
71 215 98
529 612 441
458 612 343
306 612 441
556 612 49
523 612 98
21 219 294
21 183 392
21 686 490
153 613 98
153 260 49
141 153 294
62 650 294
94 650 196
309 655 98
194 428 490
194 453 392
20 481 49
410 481 98
256 481 196
274 369 490
27 369 392
369 632 490
313 529 49
284 529 392
440 529 147
529 580 196
161 330 294
45 210 294
134 180 147
77 180 147
180 412 490
218 341 196
341 470 343
179 305 294
148 179 49
179 383 245
179 649 392
98 172 98
172 457 343
172 691 245
29 416 392
266 416 147
323 630 245
323 624 245
165 323 245
319 323 343
538 657 98
538 596 196
44 648 490
62 685 343
62 666 98
62 498 98
390 544 392
390 475 49
390 435 441
329 586 98
280 329 147
109 436 245
109 642 343
22 408 441
252 425 49
425 499 147
118 577 343
83 577 196
134 429 147
134 385 490
87 218 98
254 613 196
474 613 245
18 654 294
306 359 490
250 306 441
247 282 49
247 548 49
118 315 343
196 388 343
232 388 343
388 541 294
261 675 392
591 624 98
322 540 196
322 493 49
67 363 441
178 363 490
331 591 294
10 591 343
23 628 343
451 628 490
373 682 392
220 682 343
441 682 98
433 682 98
274 370 294
274 536 245
32 307 343
196 615 392
170 196 98
196 621 147
196 617 49
171 309 245
636 654 392
497 654 147
200 654 98
181 654 245
60 373 49
404 544 196
103 116 196
116 683 343
116 479 294
44 157 245
370 653 147
144 370 294
135 370 441
165 298 490
108 585 245
494 585 343
11 585 392
366 585 392
23 635 294
23 491 343
23 467 294
187 252 343
384 586 441
432 586 196
332 615 98
455 615 98
431 658 98
280 427 441
280 535 245
212 220 98
128 255 294
128 242 490
128 140 441
519 633 490
55 254 196
42 254 392
254 599 490
159 254 147
168 623 294
238 623 294
623 692 49
239 429 441
429 566 147
429 438 441
126 343 98
52 440 196
392 440 441
512 635 245
559 635 441
239 259 147
87 693 490
87 90 392
375 476 196
298 465 147
255 328 196
684 693 343
474 597 49
68 164 196
234 305 98
426 460 441
426 434 392
202 426 294
145 426 245
457 571 245
39 457 294
114 457 49
331 634 441
307 417 490
170 224 294
43 170 294
151 491 441
310 491 245
48 491 392
491 646 49
441 575 392
441 602 294
339 460 343
158 497 294
497 570 147
108 528 343
409 439 98
102 409 196
89 261 245
333 536 49
489 536 392
75 332 245
210 314 49
210 275 245
120 500 441
500 521 343
278 500 245
77 231 490
77 355 392
301 478 98
319 421 245
264 349 196
265 349 294
42 201 294
42 117 98
42 616 294
571 660 294
187 251 343
187 456 392
91 187 490
283 434 49
158 518 196
374 556 294
556 626 343
105 556 392
190 546 490
53 119 245
327 604 441
327 367 98
150 212 490
82 315 441
315 324 490
29 394 343
156 311 98
148 348 441
64 455 441
296 494 343
419 494 49
38 161 441
129 264 245
127 587 245
347 427 490
268 653 490
375 661 294
375 563 49
240 268 98
268 506 147
26 168 343
99 251 98
251 397 98
151 695 441
174 660 343
217 660 196
374 645 441
374 568 294
176 467 147
101 467 98
631 661 343
204 394 441
28 347 196
383 511 490
204 325 147
107 132 49
275 531 49
97 644 147
224 490 196
224 294 147
448 575 343
198 575 147
240 350 294
237 632 98
594 632 147
0 632 294
31 511 49
645 681 196
122 604 343
115 235 98
238 547 392
53 678 490
126 288 49
325 590 147
37 237 147
202 413 343
159 525 294
40 159 490
140 207 490
83 561 49
192 676 49
423 547 245
51 547 196
484 626 196
381 626 49
75 352 490
75 281 343
150 229 392
14 150 490
80 678 245
678 687 98
102 532 98
317 346 392
61 89 392
89 205 147
38 258 294
176 378 294
236 594 49
48 216 245
337 366 49
78 346 490
189 337 245
421 543 392
15 563 196
92 617 49
223 397 245
272 397 294
40 211 49
47 114 294
524 616 294
417 527 147
91 285 343
446 681 147
188 258 392
367 401 98
132 5 96 10584
5 73 196
59 73 965643
59 94 384944
76 94 49
37 76 478289
37 116 193207
86 116 98
73 96 343
67 73 441
73 122 49
73 100 441
73 101 343
73 127 98
35 96 49
31 96 294
67 119 196
67 107 490
1 67 98
42 122 343
33 107 49
15 107 196
17 107 49
33 103 441
33 72 147
47 103 98
60 100 98
100 113 490
100 114 441
13 47 343
47 102 98
47 129 147
47 61 294
14 60 49
60 68 196
16 60 196
60 93 147
14 19 147
14 92 147
14 74 441
101 128 343
15 46 343
19 70 490
19 58 49
17 124 441
17 18 490
17 21 49
85 124 98
83 85 49
70 84 392
70 112 294
45 84 147
84 115 245
54 92 490
41 92 245
63 93 147
31 117 49
46 53 294
56 74 147
11 37 147
4 37 98
11 89 98
11 39 343
11 28 49
11 75 490
11 91 294
11 80 49
2 11 196
30 89 245
36 89 196
89 118 49
39 50 441
39 69 490
4 12 294
4 108 392
28 51 490
0 28 343
28 121 441
22 28 490
28 64 98
28 44 392
28 95 196
28 123 441
71 108 343
51 130 196
43 51 294
51 98 49
0 38 147
43 49 294
6 43 49
49 66 294
49 111 147
6 25 392
40 50 441
50 131 196
8 50 343
57 75 490
75 120 196
30 32 147
30 126 245
40 105 49
25 90 147
22 97 490
38 109 343
66 82 98
24 82 49
64 87 98
20 24 196
24 62 392
44 99 392
7 111 490
111 125 294
48 91 196
91 104 343
23 57 196
52 71 49
80 110 441
23 106 147
48 65 98
79 106 196
10 104 343
78 104 49
34 104 98
26 104 441
77 110 245
29 99 49
9 34 343
81 120 392
27 98 245
29 55 294
81 88 98
3 77 490
46 2 27 10486
2 8 392
8 41 908313
0 41 239414
0 12 245
12 19 68355
19 21 505778
21 22 392
8 27 245
8 20 490
8 42 245
8 17 441
8 43 98
8 36 49
27 44 490
20 37 294
20 28 294
4 44 343
24 44 490
33 44 245
37 38 392
23 42 392
5 23 196
3 23 392
5 11 147
17 26 245
13 36 196
19 40 98
19 35 294
19 25 392
19 34 343
18 19 294
14 40 441
14 29 343
10 14 245
35 39 98
6 35 147
31 35 98
1 35 245
6 45 441
6 7 490
6 9 98
15 31 441
15 30 294
10 32 441
10 16 294
34 1 19 1323
18 19 98
18 24 376467
24 25 276850
25 31 98
9 31 781158
9 21 15827
3 21 98
1 18 196
18 32 343
18 30 245
1 27 147
0 27 245
27 33 343
26 27 294
20 27 490
4 27 196
0 8 392
28 33 196
2 8 441
4 29 294
5 28 490
9 23 490
9 10 196
22 23 245
12 23 245
10 11 343
7 11 49
14 22 245
17 22 441
14 16 392
14 15 98
13 16 147
6 17 196
