cc61ad56a4797fb3f5c9529f73ce6fcedd85669b
10
286 67 106 11858
29 106 147
29 94 919828
94 263 259945
239 263 441
239 267 148715
190 267 291403
71 190 49
29 67 343
29 251 343
29 34 392
3 29 294
29 238 392
29 161 490
29 237 392
47 67 343
67 69 490
67 175 49
67 140 294
67 72 98
67 264 294
225 251 98
42 251 49
251 260 245
145 251 98
36 251 294
34 283 392
19 34 490
47 181 343
154 283 441
105 283 392
118 283 441
119 283 147
124 283 490
215 283 294
180 283 147
64 154 98
14 154 392
3 172 196
98 225 49
99 225 392
17 42 147
16 260 294
191 260 245
157 260 245
105 234 49
105 153 49
105 212 49
68 105 490
105 188 392
37 105 392
87 98 147
54 238 294
22 238 490
204 238 490
118 275 49
30 118 98
118 224 49
17 227 294
16 269 49
181 243 245
108 181 392
26 191 147
191 214 490
62 191 343
26 60 196
99 139 490
149 212 196
212 284 343
87 247 294
64 206 245
12 64 147
60 93 196
5 60 490
60 110 196
32 60 245
31 60 294
82 149 49
113 149 392
57 149 392
130 188 196
80 93 441
83 93 245
19 115 294
19 27 245
80 158 490
80 132 147
73 80 196
69 274 490
69 107 196
82 183 392
82 166 441
65 183 196
116 183 196
139 276 98
139 254 98
139 192 245
138 237 343
5 235 392
37 200 392
206 209 49
59 206 490
113 262 245
113 242 294
113 123 392
113 249 49
13 110 196
261 276 392
250 276 196
81 175 245
14 281 294
66 254 245
74 254 245
12 195 49
12 271 147
57 104 196
22 179 392
22 163 294
169 250 245
158 229 196
158 230 343
65 120 490
65 165 147
59 144 392
59 236 490
235 280 196
119 233 147
119 186 98
177 274 98
194 274 343
268 274 294
132 221 147
78 132 490
275 285 392
135 275 441
246 275 98
91 275 343
92 169 98
169 259 147
115 142 343
120 245 196
117 138 98
55 138 343
117 231 392
38 233 147
186 222 196
36 241 245
279 285 343
10 124 490
124 240 49
124 203 98
73 127 49
10 51 245
135 210 294
50 135 147
38 252 147
49 246 196
1 210 294
13 44 98
165 273 49
79 142 294
33 142 245
126 241 49
134 241 392
31 141 147
173 273 196
125 236 392
41 236 392
27 131 392
108 187 294
168 229 49
197 215 490
148 203 392
52 224 49
43 224 441
255 271 294
76 271 441
4 247 294
79 170 147
56 255 490
33 156 196
33 48 147
44 201 49
114 127 294
167 201 147
58 180 490
103 167 49
103 199 294
220 267 343
121 267 490
15 267 490
11 267 441
152 267 245
257 267 490
6 220 294
220 270 392
101 220 294
61 121 294
121 277 441
15 100 98
15 278 441
15 77 343
7 15 49
15 128 392
100 202 343
100 253 343
100 122 196
6 28 441
6 216 441
6 282 294
137 278 294
182 278 294
11 90 490
11 217 294
11 256 343
11 208 98
244 270 49
171 244 245
89 244 196
28 143 343
28 213 147
28 207 196
28 39 441
8 61 343
61 196 147
61 95 98
21 90 490
185 202 245
96 202 98
152 248 49
152 266 98
216 258 98
232 248 98
0 7 147
7 84 490
129 258 490
143 159 294
25 217 441
109 217 294
160 185 294
97 185 343
185 198 98
176 185 147
160 223 343
150 160 294
147 171 196
75 171 147
136 147 392
184 223 441
0 85 98
0 265 245
0 20 245
8 211 343
218 256 196
70 198 196
46 136 98
112 196 147
63 196 147
102 196 490
122 133 294
122 219 294
53 89 98
95 155 294
45 46 294
24 109 441
228 265 98
226 265 196
162 184 196
129 205 343
129 193 147
129 164 392
35 112 245
18 112 245
9 226 441
101 272 392
23 101 441
40 205 490
111 208 441
189 257 147
178 277 441
86 189 392
2 164 490
2 146 49
18 174 245
88 146 392
102 151 294
500 268 310 608616260
310 326 2982
257 326 264901
257 432 202776
85 102 375732
102 482 244027
108 482 3479
268 326 399588
102 244 475629
82 268 497
196 268 1491
69 268 994
82 323 1988
82 239 497
106 323 1988
77 323 4473
106 350 1988
196 221 3976
77 245 994
260 350 994
23 350 4970
260 314 3479
29 260 2982
152 260 4473
59 260 3976
244 297 3479
244 372 994
11 297 497
297 355 497
93 297 1491
297 389 4970
198 297 4970
11 118 2982
11 304 1988
118 289 994
118 332 4473
289 409 1988
190 289 3479
181 355 4970
93 115 3976
25 93 3976
93 281 994
190 462 3976
181 185 497
115 484 3479
206 488 31808
206 265 1491
206 365 1491
24 206 31808
135 206 2982
206 442 4970
206 358 3479
131 488 31808
373 488 1988
403 488 1988
458 488 3976
163 488 3976
131 480 31808
131 203 3976
131 271 4473
131 496 1491
155 265 4970
71 265 3976
265 330 994
265 464 3479
265 275 1988
265 470 3976
36 480 4970
162 480 31808
480 489 2485
79 480 1491
347 480 4970
21 480 3479
426 480 1491
394 480 4473
164 365 3976
46 365 4473
199 365 2485
15 365 4970
365 406 1491
57 365 3479
188 373 4473
253 373 3976
36 417 4473
36 45 1491
36 277 497
10 155 1491
155 213 2485
155 341 3479
155 393 1988
194 403 2982
301 403 2982
164 490 2485
164 402 994
24 137 3976
24 491 31808
24 302 2982
24 319 497
417 463 4473
193 417 1491
237 417 2485
311 463 2982
243 463 2485
293 463 2485
162 200 31808
4 162 3976
162 322 4473
89 162 3976
162 494 994
162 248 2982
200 263 31808
200 309 4970
123 200 497
41 137 3479
42 137 4473
137 400 2982
22 263 3976
263 344 31808
30 263 4473
263 305 2982
141 263 994
177 263 2485
71 270 497
71 398 2485
41 345 4970
41 233 2485
41 415 1988
41 367 4473
41 375 4473
193 282 2485
193 427 994
193 316 2982
193 333 1491
64 188 3976
53 489 4970
451 489 2485
9 489 4473
83 489 3976
376 489 497
10 116 497
10 120 497
10 27 2485
10 92 994
10 247 3479
213 317 2485
213 404 4473
63 213 3976
208 213 2485
330 371 994
145 330 2982
73 330 994
40 42 1988
42 269 1491
85 491 32305
324 491 4473
6 491 994
85 171 994
85 315 994
85 460 1988
199 405 2982
54 199 2982
199 473 2485
45 469 497
45 439 3976
45 201 1491
45 128 1491
45 204 2485
79 413 3976
311 477 1491
311 414 2485
282 340 3976
143 270 2485
72 270 2982
210 270 3976
28 270 2485
270 364 4970
53 399 3479
105 427 3976
48 427 1491
150 309 2982
205 309 994
309 407 4970
291 309 2485
345 446 3479
254 345 4970
227 233 4970
219 233 1988
431 469 1988
156 469 4970
235 469 1491
227 420 497
189 227 1491
32 135 4970
135 492 3479
452 477 4473
13 477 4970
172 347 3976
203 351 3479
203 448 2485
369 414 4970
130 414 1988
123 290 497
123 250 2982
68 123 3479
123 220 994
75 341 1988
214 341 497
197 341 994
397 490 4473
87 458 1491
266 271 4473
271 453 2982
218 271 3479
194 329 4473
107 194 3976
277 449 994
382 442 2485
158 442 2982
2 442 1491
442 443 3976
143 207 994
143 182 4970
143 195 4970
143 298 994
72 129 994
122 253 1988
4 307 497
371 390 1988
91 452 3976
35 452 994
161 275 497
275 466 497
416 439 1988
352 439 994
170 290 3976
149 290 4970
284 413 994
286 413 2982
279 413 497
210 370 2485
49 210 2485
249 446 1988
157 446 1988
317 354 4970
66 317 3976
344 356 31808
8 344 4473
56 344 2982
78 129 3479
327 354 1491
16 116 2485
116 303 2982
116 383 2485
55 116 4473
116 299 994
328 356 2485
356 471 31808
160 356 4473
325 356 3479
287 356 3976
399 424 497
175 399 3479
184 266 1491
32 44 3976
75 495 1491
0 75 3976
205 395 4970
201 300 3479
191 328 3479
180 451 497
421 451 3976
337 451 4970
8 17 4970
114 471 31808
329 335 4970
320 329 994
21 321 3976
21 454 1988
21 165 2485
215 495 2485
283 367 2982
114 296 31808
61 400 2485
124 431 3479
38 431 3479
100 250 994
276 327 2982
183 327 2982
133 327 1988
16 67 2485
16 236 4473
16 474 994
9 121 3479
9 346 4473
9 487 3976
470 476 2485
392 470 3976
171 467 497
283 336 4970
217 283 2485
212 283 994
396 404 3976
348 404 4473
276 339 2485
335 429 3976
335 410 1988
134 316 1988
316 387 3976
128 169 994
191 357 3479
402 483 3976
258 402 1491
161 485 2982
161 261 2485
161 481 4970
14 161 3479
63 368 2982
74 170 1491
170 308 497
124 230 1988
160 256 994
370 486 3479
280 466 2982
351 430 2485
300 455 1988
424 479 2982
324 408 3479
207 428 3976
368 444 2485
140 368 1988
151 368 497
225 368 1491
285 444 1988
112 249 1491
249 349 4473
249 255 994
303 419 994
274 382 2485
180 361 1988
91 441 2485
91 144 994
91 101 2485
91 259 1988
34 321 2982
321 436 3976
321 377 2982
76 476 3479
380 476 3976
273 454 3976
385 441 4970
384 416 4473
306 416 994
147 197 4473
83 433 2485
83 461 3976
52 385 994
165 478 2485
296 432 31808
209 426 994
251 426 2982
401 426 1491
388 426 1491
81 307 4970
192 307 4970
445 483 1491
126 483 1988
60 217 4473
202 429 497
28 468 994
15 353 4970
234 395 2982
120 166 3976
110 479 4970
459 479 3479
127 209 3479
226 436 4473
229 436 2982
89 99 3479
89 288 497
89 228 2982
204 232 3976
251 312 3976
251 334 2982
96 182 1988
65 453 4970
33 453 994
70 453 2982
187 273 497
103 254 1491
218 418 2485
19 218 4970
343 433 1491
54 412 2485
54 450 3976
134 475 2982
423 492 3976
222 485 3479
30 434 4473
30 252 3479
286 425 1491
47 269 1491
318 325 2982
223 343 4473
154 302 2485
2 493 3479
2 111 3976
56 178 497
44 338 1988
222 267 497
27 167 3976
99 159 2982
80 99 3479
5 159 497
159 313 1491
238 261 4970
6 362 497
18 419 994
132 419 497
125 419 994
231 419 3479
133 246 4970
133 440 1988
138 338 1491
51 418 3976
295 494 1491
422 459 2982
195 381 3479
12 195 4970
112 278 2485
1 112 2485
112 498 4970
37 96 3976
211 280 2485
386 387 497
153 353 1988
58 493 497
20 35 3479
35 98 3479
20 497 2485
142 448 497
104 299 2485
241 299 1491
168 211 994
60 86 994
60 174 497
19 447 994
172 224 2982
163 240 2982
31 163 994
113 163 1988
228 499 3479
148 287 3976
109 298 1491
3 369 3976
101 146 2485
26 140 4970
140 391 3976
65 262 2485
65 173 3479
187 363 1491
94 187 1988
76 88 4473
242 386 994
435 486 3479
264 449 1491
119 148 3479
292 349 1988
374 394 2485
381 472 497
37 216 2485
248 366 2485
98 378 4473
98 342 3976
31 360 4473
333 359 2982
331 388 3976
136 212 3479
84 255 994
272 306 497
87 457 3976
294 295 3479
295 379 4970
220 456 994
43 220 4473
7 256 3976
62 334 4473
139 192 2982
38 117 497
84 186 1988
104 176 1988
95 359 1988
179 259 3479
342 411 4970
50 375 1491
62 97 2982
90 487 994
130 465 994
438 465 497
272 437 2982
39 166 1988
353 143 171 253317407
171 237 294
237 339 220696
67 339 968730
67 235 343
73 235 938105
18 73 549927
18 161 294
143 237 490
237 259 196
88 237 392
237 306 196
100 237 98
237 267 245
11 237 245
68 143 98
28 143 392
58 68 441
68 227 147
68 298 98
68 226 49
68 172 98
68 124 490
68 338 147
0 68 441
177 259 441
139 259 441
173 259 245
58 325 49
28 109 441
6 28 196
28 107 441
28 280 49
28 53 49
28 137 245
24 88 343
88 217 49
88 268 490
56 109 49
109 236 147
109 212 441
40 227 49
227 342 147
82 227 245
183 227 490
227 349 294
6 141 392
6 167 343
24 61 392
3 24 196
24 189 294
24 90 49
107 295 294
106 107 490
107 351 49
107 274 343
107 260 343
107 160 147
195 298 490
152 298 392
298 326 294
228 298 98
56 85 98
56 166 147
15 56 392
56 83 49
61 206 294
122 236 98
22 85 196
85 271 392
85 129 441
85 203 392
166 180 441
120 166 490
98 166 196
15 352 343
15 147 49
269 280 343
246 280 49
242 280 49
83 288 98
83 128 294
46 83 490
83 132 98
83 344 294
22 305 343
22 142 441
22 72 294
195 231 196
43 195 490
116 325 441
49 325 49
245 295 147
295 341 49
170 305 343
47 306 343
92 226 98
226 232 343
40 320 392
40 216 294
40 251 343
180 218 49
63 180 245
106 249 196
106 207 147
128 148 392
128 266 343
46 234 392
46 330 196
46 255 490
46 165 294
46 304 441
122 346 343
209 217 98
162 234 343
221 234 343
104 342 98
179 342 98
36 170 49
87 170 392
142 233 392
29 142 245
138 142 294
113 142 147
151 162 294
157 167 343
62 212 147
3 240 245
114 120 343
249 282 98
214 249 392
2 72 98
72 241 147
181 233 49
233 254 147
175 269 196
59 351 490
29 38 490
60 172 343
94 172 392
181 335 490
100 253 294
148 324 98
93 116 392
104 130 490
104 219 245
221 317 147
79 221 392
221 331 49
52 317 147
225 317 294
93 265 392
65 93 294
48 93 196
93 202 294
21 265 490
31 265 343
206 297 490
184 206 49
124 278 49
124 163 196
240 310 392
240 250 49
152 215 147
130 336 245
130 332 196
82 229 441
82 115 490
78 245 441
177 208 441
123 177 294
177 243 294
71 209 196
38 144 490
8 175 49
79 81 490
34 79 343
79 273 392
27 79 343
92 140 441
92 108 392
92 127 392
36 37 147
36 244 294
254 275 245
230 254 392
215 223 196
215 285 245
154 338 343
151 264 490
183 283 245
21 322 392
21 286 294
10 114 196
147 291 294
11 75 196
76 223 490
164 223 343
62 125 490
91 322 49
258 320 196
222 229 490
145 264 245
186 326 147
41 115 245
216 337 147
7 208 392
208 321 49
144 187 98
144 174 49
14 87 245
17 87 245
87 301 196
12 123 294
123 314 49
214 256 294
210 214 392
78 197 392
157 296 441
31 131 392
136 246 147
103 246 490
4 65 49
60 84 343
173 276 294
54 173 49
256 289 49
278 340 441
186 307 49
187 248 294
146 189 294
263 276 343
174 182 490
121 335 98
273 281 147
97 164 294
90 239 245
178 253 245
150 253 245
73 99 343
73 112 392
73 293 147
73 159 490
73 198 98
42 73 392
73 347 98
73 345 147
5 99 98
1 99 49
44 99 441
66 112 245
51 112 196
112 294 490
112 311 392
30 112 490
5 20 196
5 118 490
134 293 147
293 316 392
20 292 98
20 205 49
20 111 245
20 199 294
20 33 392
20 45 343
134 308 490
86 159 147
66 348 343
66 74 245
66 279 294
66 95 343
188 316 196
198 319 343
42 343 490
16 42 294
42 328 343
42 119 98
42 133 147
32 343 343
149 343 98
51 168 98
51 192 392
333 348 98
272 348 49
194 308 294
13 308 147
1 57 294
16 299 147
16 300 490
16 303 490
16 224 294
16 318 392
74 261 490
74 200 441
74 185 245
74 105 49
204 299 147
204 220 49
204 213 196
287 328 294
158 328 196
211 328 196
277 328 441
25 57 196
57 126 49
135 292 294
69 292 392
201 287 441
156 333 245
19 333 490
252 333 392
111 313 196
55 261 343
135 176 441
32 312 49
32 64 343
89 300 196
190 220 343
220 329 245
102 200 49
153 168 196
39 190 245
70 201 441
201 262 196
118 350 392
89 169 441
149 284 196
80 149 49
176 334 343
55 101 196
50 70 98
70 77 441
96 350 343
26 199 98
39 247 392
312 323 49
23 312 147
196 312 196
191 192 441
35 192 441
102 193 392
102 327 147
9 102 490
315 323 343
270 315 294
26 117 343
117 155 98
252 257 49
110 318 294
33 290 490
185 238 98
96 309 294
238 302 343
418 132 352 20139
207 352 392
146 207 769104
112 146 59878
112 328 245
328 417 148225
134 417 423262
134 162 294
132 207 196
207 251 490
205 207 245
207 258 49
129 207 98
132 376 392
132 288 294
132 293 392
66 132 392
110 251 490
251 392 196
206 251 49
251 313 392
251 400 392
30 110 294
110 235 49
52 110 441
110 245 294
205 342 245
189 205 441
30 86 441
30 40 245
30 99 196
166 392 294
122 392 98
128 392 196
163 392 98
18 392 49
5 206 49
206 357 147
16 206 245
155 313 441
188 313 98
313 408 147
151 313 245
313 336 98
166 373 343
166 312 490
166 380 294
166 320 147
2 376 294
359 376 392
376 406 294
0 288 392
288 315 294
288 394 147
238 400 245
109 238 147
64 238 490
86 272 196
86 349 245
86 382 490
4 86 245
86 300 245
40 264 49
40 397 392
40 201 49
209 272 98
272 341 196
155 156 196
108 155 196
26 342 490
106 342 245
342 387 147
6 26 490
26 287 245
26 280 196
122 367 49
122 147 294
122 181 392
128 407 49
9 128 343
64 370 196
106 402 441
106 375 343
106 252 49
85 373 343
56 373 245
308 373 147
188 294 343
188 226 147
169 312 49
36 407 49
169 266 441
150 357 343
29 357 147
230 357 245
102 357 343
150 273 294
100 150 245
101 380 49
378 380 196
74 380 49
189 411 490
17 189 49
189 194 49
96 367 490
1 367 98
367 415 490
343 367 392
0 267 441
0 120 441
27 96 196
96 326 49
96 274 98
16 292 343
293 374 245
2 302 147
113 402 441
175 402 392
101 117 490
101 131 49
15 411 343
129 214 98
129 321 392
214 338 245
1 256 490
35 338 196
209 405 147
39 394 343
25 394 147
298 349 98
148 397 392
325 397 343
158 415 98
384 415 441
239 415 294
201 369 49
46 201 98
192 201 392
36 331 294
137 147 294
85 231 196
85 329 490
382 416 294
137 270 343
42 378 294
66 87 343
66 145 98
35 115 294
35 50 147
175 281 490
213 302 392
227 302 49
351 374 98
72 151 98
194 211 490
306 325 196
118 325 441
240 274 49
259 343 294
87 283 98
384 398 441
346 375 98
267 334 441
179 351 196
63 181 147
181 185 245
244 341 147
32 46 245
292 297 49
292 390 392
52 123 392
50 269 49
13 245 49
108 316 147
91 331 98
57 417 49
127 417 343
79 417 98
290 417 392
82 417 441
60 417 245
57 327 147
57 186 392
57 335 196
57 317 245
57 305 245
57 322 49
57 337 490
327 401 245
58 327 196
217 327 343
127 215 392
127 247 98
127 291 245
7 127 98
127 260 49
127 178 392
154 186 294
186 350 490
172 186 343
186 262 343
186 386 441
79 114 441
88 215 343
215 250 294
154 301 196
154 265 245
154 232 98
154 275 441
154 285 294
154 253 392
247 356 98
173 247 490
247 379 196
193 247 196
242 356 294
59 356 196
54 356 490
152 356 294
88 200 245
88 363 98
242 257 245
242 396 294
165 242 441
49 242 343
242 333 98
221 257 147
221 362 441
221 332 343
55 335 294
90 335 245
84 317 490
317 361 49
48 317 441
171 317 441
317 414 392
103 401 294
223 401 441
296 401 294
116 401 147
58 94 441
58 77 49
58 318 49
58 204 294
58 62 49
58 366 49
10 291 245
278 291 392
130 291 49
94 255 49
241 362 245
167 362 147
301 383 147
301 393 343
271 301 196
200 410 196
119 200 147
182 200 147
93 200 98
7 12 490
7 22 392
8 84 147
84 136 147
12 365 490
12 183 196
111 265 441
89 305 294
65 410 392
135 232 294
139 232 196
255 355 147
255 353 294
22 97 98
22 142 294
22 196 294
55 195 98
14 55 196
55 236 49
103 304 343
51 223 343
174 396 392
360 396 441
295 318 441
290 311 98
225 290 441
219 290 49
83 350 294
172 340 294
172 190 245
172 246 49
89 138 245
8 38 49
8 210 245
176 322 245
140 322 49
176 249 49
323 355 147
282 355 294
249 354 49
249 339 343
133 361 98
28 361 490
168 340 343
149 340 98
263 365 441
133 187 441
195 233 49
195 319 147
43 195 98
48 254 98
38 268 490
38 160 98
38 69 147
144 190 343
170 190 196
180 190 441
54 372 196
47 54 245
204 395 294
204 330 343
164 204 49
228 395 196
222 233 98
233 371 196
37 233 147
224 233 294
65 67 490
168 377 49
34 323 441
143 182 392
182 314 392
111 161 147
152 409 343
20 296 441
11 296 245
153 296 245
216 296 49
296 324 49
203 296 98
278 399 441
124 278 294
68 268 49
19 268 490
243 268 49
116 121 245
116 389 441
372 388 98
80 263 98
263 348 441
20 404 49
212 311 147
44 165 343
126 160 294
24 160 441
210 310 392
157 210 147
33 68 441
222 344 490
92 377 196
261 354 49
23 354 196
184 344 147
19 276 245
47 95 343
153 277 490
14 81 147
70 97 245
61 81 294
81 202 294
81 307 392
92 177 441
70 237 196
121 197 441
121 220 392
75 383 392
49 358 245
107 136 147
80 159 49
309 339 392
28 229 343
24 289 392
24 412 294
21 337 490
284 337 147
124 191 49
90 234 392
45 237 294
73 237 490
345 358 392
358 403 490
314 385 49
53 216 294
199 393 343
236 286 147
37 104 196
248 282 196
282 364 392
71 177 294
177 368 490
98 271 147
31 229 98
198 199 490
41 199 147
78 199 441
105 404 294
21 413 441
218 309 294
208 385 196
159 347 196
3 75 147
76 389 392
303 368 343
299 368 245
141 164 490
107 125 294
253 391 392
193 279 98
307 381 147
335 169 195 151903283
48 169 490
21 48 857451
21 133 115395
133 297 245
118 297 63014
1 118 682668
1 126 294
48 195 392
48 132 245
48 275 392
48 164 441
48 256 294
48 85 98
25 48 294
116 195 490
184 195 490
65 195 392
195 319 245
123 195 441
195 197 441
143 195 392
195 217 49
132 236 392
132 150 147
87 132 49
116 329 49
116 320 392
116 245 490
147 275 245
122 329 392
12 329 196
46 184 294
151 184 490
184 234 392
184 317 98
13 65 196
65 308 392
65 218 147
23 65 392
46 188 294
46 141 490
104 151 245
137 236 392
178 236 392
188 300 49
95 188 147
188 229 392
188 228 392
150 194 343
90 150 98
150 182 343
150 273 441
164 333 441
164 223 343
164 326 490
137 163 294
137 332 490
15 137 98
137 154 196
112 308 147
213 234 245
53 234 343
234 280 245
111 194 245
194 247 343
194 199 196
194 211 392
194 325 49
194 201 245
41 333 490
122 274 147
122 238 392
202 223 245
223 328 98
152 223 490
294 320 147
35 274 245
159 274 196
62 274 294
3 274 490
274 327 49
104 250 490
104 170 343
104 117 441
104 190 441
104 153 49
35 276 196
35 68 343
35 237 98
35 127 49
41 168 196
5 41 147
41 110 98
24 90 490
77 159 392
247 304 343
20 247 392
70 247 490
83 247 196
45 62 343
62 224 98
62 288 98
87 323 441
87 138 392
101 182 196
182 314 147
250 301 441
74 250 147
156 250 49
93 250 49
36 300 441
232 245 343
245 293 294
245 248 392
55 245 147
206 245 98
202 290 490
180 323 196
283 323 147
264 323 441
253 323 98
230 323 490
85 306 147
85 161 343
85 146 49
38 168 245
168 309 245
43 168 245
168 243 490
134 170 343
79 197 490
86 197 245
23 32 343
221 332 49
79 315 49
26 79 490
79 241 441
124 328 392
214 232 147
95 162 98
175 315 441
44 143 98
8 143 343
143 212 294
213 287 245
125 213 343
208 283 147
96 283 196
4 117 343
264 281 392
209 264 490
125 299 343
125 227 441
125 321 490
44 193 490
17 193 245
215 306 49
148 306 490
5 198 245
5 69 392
99 208 49
115 208 49
58 293 392
99 266 245
96 316 343
233 281 245
10 15 294
40 43 196
187 248 147
4 75 147
4 203 490
106 112 49
190 303 147
26 272 392
26 31 98
14 26 98
244 326 392
156 186 147
175 289 343
102 215 392
207 215 490
37 127 441
212 292 490
186 216 147
31 82 49
157 241 147
235 288 49
83 196 196
34 152 147
50 134 245
222 227 245
265 294 441
144 292 441
103 196 196
82 268 490
118 254 196
118 285 441
92 118 196
94 118 294
51 254 343
158 254 98
254 322 343
51 284 245
51 129 147
51 200 98
128 158 98
158 331 49
262 285 245
220 285 441
7 285 490
71 285 392
204 285 245
61 262 343
240 262 49
91 262 98
255 262 196
128 210 196
42 128 49
84 92 49
92 334 392
27 92 245
29 92 245
57 220 196
72 220 49
166 220 147
220 291 441
61 120 441
142 210 441
18 210 294
7 66 294
7 278 245
7 81 343
7 219 49
7 242 98
7 246 196
7 39 196
57 89 196
57 263 98
57 119 245
57 225 490
66 76 441
66 239 392
9 284 490
9 105 441
9 47 245
78 331 343
11 81 98
81 172 49
81 130 392
81 282 441
174 240 392
56 240 245
145 240 49
240 324 196
219 279 49
219 295 196
16 219 147
160 219 147
120 298 147
120 271 147
120 231 147
120 165 49
6 120 245
89 310 245
60 89 294
89 302 147
89 318 294
78 139 147
78 226 245
191 298 490
100 139 441
30 310 49
249 310 441
63 310 98
27 135 392
279 307 49
94 108 245
142 189 343
59 91 98
29 261 343
0 29 343
179 261 49
30 252 490
30 311 147
100 183 196
177 189 392
98 189 294
22 189 196
72 73 490
33 242 245
56 296 98
108 192 490
60 313 196
80 263 294
52 263 196
0 305 441
0 277 441
149 313 49
107 313 392
42 205 245
131 302 490
113 295 196
167 295 490
155 166 392
113 267 490
54 113 245
2 231 49
140 231 196
191 260 294
160 259 294
160 173 490
185 267 49
130 257 98
80 97 490
67 80 490
64 324 98
270 324 490
49 324 196
177 251 343
33 88 343
2 181 392
2 258 196
239 286 245
19 173 98
129 171 147
6 176 392
205 330 490
109 307 49
28 107 49
136 252 196
22 121 245
286 312 245
54 114 343
251 269 490
500 8 43 521314731
8 98 2982
98 104 736554
104 151 113316
9 336 419468
9 38 365792
38 453 1988
43 98 77035
9 18 61131
43 423 4473
43 451 4473
43 235 1491
138 423 3976
3 423 1988
150 451 3479
451 487 4473
150 254 1491
150 314 497
62 138 4970
279 487 4473
3 288 2485
18 337 2982
18 142 4970
18 29 994
337 388 2982
239 337 2485
184 337 4473
312 337 3976
142 261 497
142 234 497
55 261 497
74 388 4970
348 388 2485
388 449 1988
55 489 497
55 432 994
55 102 497
245 489 994
141 245 3976
161 245 1491
110 141 1988
161 317 4970
122 312 497
312 420 2982
253 432 497
157 348 4473
86 419 3479
24 86 1988
86 207 1491
86 485 82502
86 454 1491
86 407 4970
78 86 2485
86 401 82502
34 86 2982
117 419 497
278 419 4473
117 427 1988
117 477 497
117 399 497
117 302 2982
117 373 497
117 287 3976
117 242 3479
286 427 1988
283 427 1988
195 427 4473
202 427 3976
169 427 1988
119 427 994
24 413 3479
207 421 994
207 249 3976
190 207 4970
207 442 1988
477 495 3976
115 477 4970
258 477 4970
241 477 4970
101 477 994
372 477 3976
232 477 2982
118 477 497
338 477 2485
255 495 3976
52 495 3479
31 495 4473
73 495 3479
378 495 3976
493 495 1988
272 421 4473
421 430 4970
115 304 3479
115 330 3479
108 115 4473
115 177 497
286 366 4970
197 286 3976
286 368 1988
286 303 3976
286 422 4473
53 286 2485
258 346 3479
258 381 2485
50 258 1988
278 367 2982
136 278 1988
218 278 994
278 473 2982
265 278 3976
63 249 1988
249 456 2485
163 249 4473
178 249 3479
5 249 3479
162 249 994
249 306 2485
77 255 3479
255 404 2485
255 491 2982
255 345 1988
137 399 994
399 445 994
105 241 1988
241 406 1988
137 390 1491
137 483 3976
305 367 4970
349 367 3479
367 425 1491
367 497 2982
268 367 994
77 237 3479
77 496 497
149 305 1491
59 63 4970
272 274 497
272 452 1988
251 274 1988
99 274 2485
156 456 3976
302 471 4970
302 365 1988
302 433 2485
276 390 497
385 390 1988
299 390 994
83 390 4473
315 390 4970
390 470 1491
92 101 4473
101 220 2982
42 101 4473
105 369 1988
105 359 4970
209 366 1988
127 372 2485
148 372 4970
65 372 3479
199 372 497
461 485 82502
89 251 4473
57 163 2485
130 163 1988
136 222 4473
136 472 3479
60 406 2485
355 406 4473
257 406 4970
238 406 3976
76 461 497
256 461 82502
76 165 3976
76 210 497
197 323 2982
197 394 994
0 197 3479
44 57 3976
57 94 2485
328 454 1988
36 454 4473
146 454 994
300 454 3976
103 178 3976
178 455 3976
178 492 1988
132 369 1988
263 369 1988
228 369 1988
14 283 3479
283 351 3976
283 448 2485
283 342 3479
368 460 3479
368 403 994
149 243 1491
23 92 2485
92 386 3976
166 195 3976
373 431 1491
311 373 3479
166 457 1988
166 296 1988
166 269 4473
166 247 994
232 295 497
232 494 994
226 346 4473
191 328 4970
328 361 4473
328 434 3479
219 328 2982
5 384 2485
5 39 3976
1 5 497
5 159 497
5 270 3479
5 324 1988
198 202 3479
175 191 994
292 457 4473
194 457 994
30 457 994
152 256 1491
256 336 83993
35 256 1988
15 384 4473
290 384 4473
15 201 4970
15 128 3479
39 499 4473
349 429 4473
169 474 4970
103 447 1988
152 240 4970
64 152 3479
152 481 3976
58 60 4473
16 132 3479
121 132 1491
59 389 3479
23 326 1988
243 297 4970
243 284 4970
4 243 497
222 250 2485
287 426 2982
287 356 2485
355 484 497
244 355 994
237 414 3479
118 353 1491
118 331 497
370 452 1491
246 452 994
411 426 3976
257 352 4473
81 257 3479
52 291 1988
52 267 2485
36 321 4473
170 385 994
167 474 1988
135 474 1988
54 299 4473
64 398 2982
54 126 1988
54 93 1988
376 407 2485
405 407 994
339 352 2982
31 85 3479
31 111 3479
31 259 2982
95 460 2982
285 431 4970
431 464 3479
123 431 3976
213 323 2485
230 323 1491
323 332 1491
176 323 2485
213 416 1988
19 376 4473
206 376 1491
405 486 1491
438 481 2485
124 481 1491
263 402 2982
263 374 2485
205 263 2485
230 498 1988
1 289 3479
1 476 2982
14 112 3479
14 424 2485
106 438 3976
403 446 1491
357 429 3976
285 417 2982
282 361 1988
231 361 2485
90 361 4970
361 392 1491
361 444 3976
171 361 994
201 441 497
95 224 1988
2 95 4970
25 95 3976
192 303 3479
275 282 3479
124 344 3976
32 124 3976
364 441 4970
129 441 2485
262 441 3976
410 441 994
252 351 1988
351 397 4970
28 127 1988
127 217 2982
100 498 4970
334 498 1491
148 309 4473
148 327 497
79 148 1491
353 380 4970
307 380 994
468 472 497
409 472 1988
71 472 3976
90 211 1988
296 408 4473
293 392 497
159 271 4970
159 363 994
159 318 4473
69 220 497
200 357 3479
181 357 2982
167 480 4970
107 306 3976
56 306 4970
97 306 1988
306 396 2982
306 465 497
107 325 3479
194 196 2982
194 450 3976
194 387 1988
381 479 497
16 214 1491
16 437 3479
16 400 1988
50 145 4970
50 229 1988
68 402 4970
238 440 1988
174 330 994
311 379 1491
6 311 994
108 463 2982
108 462 4970
70 468 4970
128 179 4970
128 329 3479
128 418 2982
128 133 1491
341 409 994
113 409 2485
309 436 2982
309 478 4970
147 417 2485
412 417 994
214 322 994
203 214 4970
173 211 1491
139 463 497
215 463 2982
308 440 3479
84 440 3479
440 490 1491
109 269 1491
21 58 1491
275 333 3479
358 486 1988
49 338 1988
114 338 3479
204 338 3479
338 354 4473
183 404 3976
343 471 4473
294 332 1491
66 332 3479
96 363 2485
146 212 3479
146 383 1988
30 221 1491
72 448 4970
266 389 4970
47 96 1491
156 377 4473
65 216 3479
336 443 3479
51 447 994
281 447 4473
310 446 4473
67 84 3479
84 316 3976
84 193 2485
182 365 4970
264 365 3976
94 248 2485
165 482 2982
151 401 82502
125 401 3479
111 189 2982
196 298 2982
112 301 4473
112 160 4970
179 208 994
475 494 2982
73 80 4970
153 413 4473
252 375 497
87 356 1988
139 395 1988
26 139 1491
139 233 1988
45 151 3479
33 130 3976
187 443 1491
61 375 994
147 280 497
168 259 497
91 383 1491
319 383 1491
335 383 2982
97 415 1491
11 437 994
12 298 2982
27 298 994
46 298 3976
298 459 4970
293 488 2485
17 93 994
93 260 1491
61 88 1491
185 488 3976
140 343 1491
144 217 2982
188 344 3479
371 374 994
172 450 4970
439 450 4473
40 246 4970
155 246 3479
120 270 2485
116 270 994
154 199 3479
82 464 2982
320 464 2485
223 294 2485
294 382 3479
7 135 3976
120 164 4473
190 347 497
35 143 1988
350 497 1491
22 377 497
67 469 2485
236 265 3479
265 393 4970
340 469 1491
316 362 3976
82 273 1988
66 158 1491
131 350 1491
134 324 4473
180 223 3976
223 360 1491
113 391 3976
123 313 2485
183 428 3479
382 435 3479
227 428 497
277 412 3976
75 412 3976
10 260 994
322 466 2982
225 322 994
37 334 2485
458 476 3479
20 339 3976
300 467 2982
186 319 2485
13 25 1988
41 140 4970
48 75 3479
381 154 197 25039
154 293 49
23 293 656747
23 84 365883
84 272 196
20 272 505876
20 115 290227
97 115 441
197 293 490
105 293 196
7 293 147
21 293 392
293 365 196
290 293 98
214 293 98
211 293 490
197 230 294
197 341 343
197 259 392
172 197 441
8 197 98
176 230 49
111 230 49
32 230 441
86 105 245
7 367 245
7 344 196
7 79 490
7 77 196
7 156 147
19 341 392
144 341 392
189 341 343
22 341 343
263 341 147
168 259 49
225 259 98
162 259 147
21 348 490
21 222 196
21 61 49
21 67 245
21 303 343
21 175 49
19 354 441
19 325 343
19 213 392
19 130 147
85 367 294
43 348 490
285 348 294
143 348 490
101 348 441
309 348 392
16 225 49
225 232 490
28 225 196
225 235 49
222 373 392
222 355 49
139 222 441
222 364 245
10 222 294
166 222 392
63 144 245
144 205 98
63 247 98
12 63 490
63 338 245
58 63 441
61 150 245
61 164 147
61 180 294
61 294 147
61 242 98
61 187 245
205 231 441
26 162 245
29 162 441
27 162 441
26 307 196
43 91 441
43 190 196
69 86 392
195 365 147
244 365 49
117 365 98
253 365 490
44 373 49
91 107 343
228 354 490
273 355 245
284 355 490
14 355 49
1 355 490
280 355 343
296 355 245
268 355 392
103 290 441
290 339 147
138 285 392
212 285 98
57 172 245
307 319 490
189 349 441
189 208 392
85 124 392
33 344 98
126 344 294
241 319 49
79 353 49
79 184 294
79 275 441
8 30 98
6 8 49
8 334 441
143 347 98
199 273 294
159 273 245
311 325 98
38 349 147
249 349 490
14 179 294
35 164 441
67 377 441
67 161 245
67 93 49
67 209 49
67 210 441
214 229 441
214 351 490
30 88 196
100 377 490
100 327 490
2 161 392
118 244 294
196 229 245
22 94 98
88 183 392
88 114 490
88 188 294
45 213 490
12 295 392
148 231 441
2 250 196
2 122 49
2 90 49
246 339 98
112 250 245
170 250 441
49 250 441
134 250 49
111 314 196
179 288 294
72 122 196
106 199 294
199 279 98
159 181 392
112 337 49
184 287 392
147 338 343
237 338 294
4 147 294
34 147 392
204 232 441
180 379 245
241 374 196
210 252 98
35 149 490
35 320 49
35 335 294
165 237 294
237 267 441
280 329 490
53 280 49
46 138 147
96 351 196
29 120 147
294 350 441
106 220 98
90 271 98
107 171 98
114 345 147
27 173 441
80 188 392
149 356 294
140 345 196
155 345 441
192 314 245
166 300 343
212 359 441
0 309 196
292 320 49
234 335 147
20 157 441
20 203 392
20 251 343
20 291 147
20 65 98
20 68 441
129 157 392
104 157 392
157 221 343
157 277 196
157 378 196
203 216 49
251 328 441
51 251 294
163 251 343
110 129 49
129 301 441
129 330 294
9 129 294
125 129 294
129 260 196
110 131 294
104 269 98
104 236 441
104 368 441
104 261 98
104 240 441
78 131 245
131 322 245
95 131 392
131 281 343
131 276 343
227 301 441
141 301 245
269 315 245
221 223 441
185 221 98
62 78 196
78 333 98
78 152 49
78 160 343
328 380 98
224 328 245
51 198 49
51 92 441
51 151 196
75 330 196
31 330 343
245 330 392
330 346 147
41 75 49
75 116 392
87 236 147
18 236 147
50 236 392
98 236 49
223 308 147
136 223 245
5 223 49
102 223 196
223 255 343
146 291 294
291 313 245
62 169 294
59 62 147
216 302 196
133 315 441
123 169 490
224 264 441
137 224 196
15 224 49
198 317 294
47 198 147
87 362 392
31 145 441
31 217 294
9 200 196
9 278 343
9 270 490
108 308 147
52 308 245
299 308 441
121 308 441
123 257 98
73 123 147
81 108 392
70 108 196
48 108 294
92 376 147
92 182 441
92 178 392
191 200 49
82 200 196
200 369 441
200 201 392
158 200 343
18 142 245
185 318 294
42 257 196
36 257 441
83 257 343
11 81 147
41 371 294
41 248 245
41 153 343
41 336 294
41 265 343
41 297 392
42 56 294
42 340 245
36 316 98
36 254 245
60 136 441
136 233 294
54 136 392
37 136 343
146 258 147
146 177 392
146 174 294
132 133 441
74 191 196
191 305 490
11 304 490
11 99 147
202 316 196
316 332 49
5 366 441
5 357 294
243 270 245
270 282 49
3 270 196
145 324 196
306 371 196
76 371 441
306 331 294
17 227 392
66 227 294
39 65 294
218 333 245
76 360 392
132 206 441
64 132 196
152 194 392
304 375 294
113 245 441
245 352 49
98 323 147
331 361 294
55 331 490
71 375 196
60 370 441
60 289 392
70 326 147
264 286 196
258 358 441
25 255 490
127 358 49
321 358 49
215 217 392
82 342 147
82 186 294
137 193 196
127 266 49
127 363 196
239 342 343
177 283 294
24 362 294
274 305 245
343 376 196
254 310 294
89 186 343
142 226 49
13 39 147
119 215 147
109 215 245
256 363 490
116 207 392
89 372 49
89 128 392
167 207 294
109 135 294
233 298 147
15 219 441
312 370 245
238 318 49
40 128 49
64 262 490
146 23 124 100954847
48 124 294
48 84 805266
71 84 745192
71 102 49
102 131 338786
131 132 253771
12 132 441
23 48 245
30 48 196
6 48 490
48 90 98
48 52 441
23 133 98
23 127 49
23 114 343
23 87 98
30 110 441
47 133 245
6 57 441
6 24 196
6 43 343
6 49 441
47 81 490
28 47 490
39 90 98
127 128 49
44 110 441
88 110 343
13 52 392
52 101 441
52 130 294
9 57 294
17 57 392
57 121 441
13 31 294
11 13 490
44 141 294
44 119 441
44 69 294
16 24 147
24 103 147
9 70 98
9 83 49
9 41 147
16 59 294
16 123 147
39 144 490
39 111 294
82 114 441
91 103 245
46 103 343
103 109 294
59 99 245
2 87 245
1 87 98
61 87 196
51 91 196
37 141 343
136 141 294
83 120 245
15 83 392
33 83 147
83 115 196
85 120 392
31 80 245
31 139 98
26 46 98
20 46 98
46 93 196
25 101 245
136 138 98
88 125 441
43 79 441
43 92 49
43 58 490
2 4 392
2 86 98
26 29 490
17 18 147
20 112 98
95 111 441
10 111 441
27 29 392
3 15 245
42 85 343
33 129 490
33 62 392
8 86 98
41 96 490
3 106 98
21 115 343
115 134 196
54 109 49
66 106 196
94 125 98
92 122 147
64 121 196
131 142 441
68 131 49
78 131 49
98 131 147
34 131 343
107 131 294
7 142 490
142 143 490
73 142 294
60 68 294
65 143 147
38 143 49
22 143 147
19 78 294
78 145 245
0 78 196
40 78 147
89 98 98
19 113 196
19 72 441
19 100 196
97 145 98
105 145 98
65 108 196
55 65 98
65 117 294
65 74 441
56 65 441
14 97 147
67 97 49
35 108 147
63 108 490
55 140 392
34 36 98
0 116 392
73 126 343
45 116 147
117 135 147
36 76 294
77 135 441
5 107 294
14 118 49
5 104 196
32 126 343
75 126 441
50 74 490
53 63 343
104 137 196
57 0 41 16268
0 38 343
24 38 543802
3 24 200410
3 18 147
18 56 281995
35 56 317079
19 35 245
38 41 343
38 40 294
5 38 441
38 43 49
27 38 49
38 44 147
37 38 441
41 46 196
25 40 245
13 40 490
10 43 196
25 26 196
22 25 49
25 31 343
25 32 392
25 39 392
10 17 490
10 34 294
30 44 147
12 37 490
31 53 245
29 39 245
36 56 294
47 56 49
49 56 147
7 56 343
14 36 147
36 45 196
9 36 196
14 21 343
14 48 147
4 14 343
33 47 392
16 21 343
6 49 343
8 49 196
48 52 98
42 48 196
9 11 392
9 28 490
7 15 392
2 7 196
23 33 294
33 55 441
20 33 294
11 50 392
50 51 294
52 54 196
1 54 343
17 0 12 21062552
12 14 343
8 14 926737
1 8 826238
1 3 441
3 11 545125
10 11 264404
10 15 98
0 14 98
14 16 441
0 6 294
5 16 245
6 9 245
4 11 392
4 7 196
7 13 294
2 7 245
