cc61ad56a4797fb3f5c9529f73ce6fcedd85669b
1
100 32 48 845106325
6 47 185285
2 78 836794
33 48 295664
6 21 253358
35 72 880588
11 44 184179
34 64 928825
2 63 261345
14 86 699387
3 31 31794
36 94 747327
37 78 994837
32 86 948027
3 40 331681
73 94 648883
52 93 958759
1 46 4887
84 90 404000
4 17 709961
66 88 97733
42 81 642109
45 71 405758
61 68 17594
16 74 454386
41 98 533117
7 85 774077
14 30 166908
52 65 579008
29 39 425352
12 27 924561
60 98 948235
59 70 483667
28 64 188337
1 87 453537
42 58 751716
39 54 684708
13 87 380399
30 92 433477
20 50 165188
18 75 241275
63 89 885081
5 27 140869
8 35 41260
50 83 766196
83 91 925736
5 90 861152
31 71 816800
19 21 672059
11 92 621303
46 59 943874
4 60 544226
13 56 965007
47 70 94278
43 47 883788
45 54 432251
24 79 375234
67 78 13298
15 68 133071
16 53 921267
24 66 23990
5 15 392382
26 41 135888
2 81 329363
27 95 286753
8 77 774798
27 66 777734
50 96 134890
20 84 611785
74 90 333862
6 82 489303
10 66 805124
8 54 231497
57 79 935918
75 95 422878
71 96 342068
80 87 709898
25 48 566192
45 69 997543
22 41 475595
0 31 374986
52 90 742296
6 9 707697
42 53 938142
26 69 172120
80 99 490931
38 48 305322
23 51 918211
32 38 745941
48 76 476592
26 43 437302
7 42 197267
23 35 208180
55 70 695905
8 62 814632
21 44 694634
73 82 679034
15 49 449530
78 97 645255
18 34 630882
