cc61ad56a4797fb3f5c9529f73ce6fcedd85669b
1
100 16 37 23376956
60 61 405135
2 6 849031
32 88 456203
21 81 225578
76 87 645409
18 50 63591
18 49 189594
65 74 447036
23 48 286500
54 70 916023
64 68 782659
27 96 477944
13 96 801589
11 66 960926
17 37 589735
3 92 632529
7 80 663437
29 46 186860
26 39 832802
23 83 967813
7 35 679292
25 38 543130
79 82 243146
24 61 284825
43 54 492718
10 24 340044
90 93 651953
17 44 852319
77 95 656295
26 75 220751
61 78 29600
52 63 311921
13 41 418824
56 82 850396
23 74 96284
75 94 112501
0 95 486857
58 74 151701
18 73 589347
17 59 799065
66 98 513470
18 86 318789
21 65 999533
27 72 965717
42 90 379093
9 32 542178
65 87 532333
46 79 596654
32 61 295892
85 99 93452
37 47 928782
5 19 423662
0 34 372700
1 6 293965
10 11 512440
4 43 192943
23 33 530922
35 57 845720
8 16 977994
39 85 598927
49 71 957587
28 36 741323
39 89 844191
49 94 588795
31 95 524996
12 43 602351
47 77 607563
71 97 20582
8 36 366858
55 56 790772
40 96 591389
20 35 80144
16 37 984389
22 68 204344
1 69 144732
23 68 965313
66 70 941492
10 89 170238
3 88 967372
7 97 866508
48 84 890542
30 63 527225
45 74 744616
66 67 913359
71 84 21157
16 57 555264
13 59 65895
15 26 539631
11 62 427363
9 25 368793
10 79 231544
47 69 639646
19 56 385037
14 78 693552
33 90 496647
51 65 450263
43 53 19237
87 91 315358
11 63 732856
