cc61ad56a4797fb3f5c9529f73ce6fcedd85669b
1
96 46 87 72555
60 79 835730
8 20 117864
59 68 373812
6 22 371896
24 77 36342
48 85 1
3 40 798192
71 95 164580
15 63 811951
9 76 786454
59 91 654409
13 48 1
33 65 314024
50 60 312727
70 74 1
40 70 76777
7 21 777665
12 30 731652
41 61 993949
30 93 193466
16 27 608366
4 66 298171
19 75 615608
70 86 974463
5 31 826321
2 85 443194
0 89 903359
87 90 36277
17 44 132914
28 34 118846
6 87 384916
13 17 1
66 88 629210
26 56 205347
18 49 752084
38 62 703517
29 51 821403
33 53 418143
39 67 834775
52 64 477023
67 81 741914
10 11 127345
21 42 434727
23 45 779943
48 51 747038
50 58 636237
16 56 75376
70 90 1
21 76 439433
74 85 1
11 18 205274
57 89 684988
7 52 765005
16 35 707876
31 69 439137
74 81 125496
8 91 764664
17 19 910266
89 92 722354
1 80 323994
60 78 134538
56 92 437902
51 60 284565
71 80 387034
77 79 386070
34 74 666705
10 37 284079
43 46 226094
11 54 67492
17 25 1
42 55 478841
25 46 36278
41 53 42239
13 47 988616
45 49 457629
62 91 556560
69 94 67015
32 33 561455
10 15 882803
29 73 965892
14 76 70602
30 95 874744
30 63 470329
13 84 929576
53 93 590087
5 51 729780
7 80 329689
72 92 247401
44 83 715871
4 35 257064
36 56 698323
19 65 91608
60 82 666222
38 64 320883
21 66 523435
