cc61ad56a4797fb3f5c9529f73ce6fcedd85669b
1
96 0 16 264179
0 1 2
1 2 2
2 3 2
3 4 2
4 5 2
5 6 2
6 7 2
7 8 2
8 9 2
9 10 2
10 11 2
11 12 2
12 13 2
13 14 2
14 15 2
15 16 2
8 17 526780
15 18 2
16 19 263699
16 20 1000000
7 21 999990
10 22 999995
14 23 999997
15 24 999991
3 25 999990
19 26 999994
7 27 999991
10 28 999992
27 29 999997
23 30 999994
23 31 999997
6 32 999991
6 33 999999
32 34 1000000
3 35 1000000
14 36 999996
34 37 999994
23 38 999990
36 39 999995
16 40 999997
20 41 999994
2 42 1000000
25 43 999992
27 44 999999
36 45 999992
25 46 999996
20 47 999993
31 48 999992
39 49 999996
42 50 999998
46 51 999995
29 52 999990
12 53 999992
2 54 999998
17 55 999991
34 56 999995
2 57 999998
8 58 999994
1 59 999998
38 60 999997
27 61 999992
34 62 999992
62 63 999994
9 64 999991
3 65 999994
0 66 999991
34 67 999999
7 68 999996
21 69 999990
7 70 999998
66 71 999991
31 72 999991
16 73 999992
6 74 999997
68 75 999991
71 76 999994
31 77 999992
73 78 999992
68 79 999996
54 80 999994
50 81 999992
67 82 999992
80 83 999997
69 84 999995
46 85 999996
12 86 999995
44 87 999998
11 88 1000000
65 89 999999
78 90 999998
34 91 999991
29 92 999995
84 93 999992
54 94 999994
30 95 999995
