cc61ad56a4797fb3f5c9529f73ce6fcedd85669b
1
100 49 75 47947294
0 29 755378
12 69 849156
70 80 359155
2 91 457786
11 75 458243
82 98 508707
71 95 309547
29 91 668852
53 83 145865
5 86 825865
52 88 478712
13 60 824594
4 72 598862
9 92 2859
48 50 892094
15 73 429450
8 61 541918
54 79 163345
34 62 518852
91 95 954564
33 82 693705
31 64 107796
44 67 580847
37 62 760794
16 90 183199
20 74 91615
29 68 466763
42 93 842392
42 46 118194
50 87 747759
23 66 785921
65 81 896892
15 80 866519
52 66 111954
47 87 628065
50 60 322358
5 18 838820
44 45 63019
19 25 997146
69 88 671593
35 78 283699
14 69 43500
10 88 866620
32 99 115880
28 97 712925
39 89 11993
61 95 865469
51 76 87289
14 45 909440
6 66 972107
6 49 305200
11 34 819989
41 55 348985
78 93 351018
25 56 577870
38 79 667685
5 61 71978
42 80 292402
22 53 322993
38 68 302726
63 89 456949
24 52 901103
39 90 302612
92 96 210053
81 99 879230
31 76 592640
15 30 677332
38 58 753955
45 77 561068
21 98 828758
19 36 498033
11 53 777042
76 87 299559
9 40 184886
3 94 707277
85 86 299766
41 81 107291
28 74 708851
14 84 872235
60 79 635941
59 99 554036
19 86 217012
26 34 466033
72 89 190695
31 62 908512
7 73 323251
41 92 327782
22 43 424309
25 90 675151
39 57 505403
59 72 403444
74 78 913725
22 73 886325
9 98 738153
3 28 376230
44 82 800412
1 68 445895
27 59 16876
17 93 88682
