cc61ad56a4797fb3f5c9529f73ce6fcedd85669b
1
98 59 64 225465811
49 82 212274
9 34 635323
6 8 116156
77 91 337118
16 86 870693
43 66 92662
25 95 969926
25 34 73072
54 85 22934
10 68 124707
17 75 700205
79 88 881772
31 52 334004
82 87 744234
54 63 31596
30 72 937619
22 88 424855
76 92 389233
86 96 64454
8 19 93949
11 64 985088
28 52 431702
83 96 569228
45 52 204318
5 97 625820
4 71 21490
65 94 755862
22 60 329667
8 37 808703
44 63 581910
0 92 978438
30 36 281108
20 74 839339
35 42 13070
19 89 492298
20 40 482002
39 92 118280
44 93 874722
17 49 856601
47 54 571671
33 36 450155
1 7 474834
78 94 818802
10 64 631514
56 86 343313
42 80 73879
13 35 688546
69 75 127658
53 61 315554
41 50 37991
73 78 222844
4 62 118704
23 41 240432
43 90 734703
6 21 861024
14 56 572975
62 65 261623
2 75 588952
9 24 444086
42 68 844933
46 84 562717
15 84 48580
44 58 844850
8 91 378281
46 79 765872
62 97 101967
2 42 603023
13 71 180076
3 84 354220
59 67 9488
55 81 821846
26 84 144698
38 77 705205
23 48 257431
51 55 600598
74 94 77976
67 76 816662
20 37 494126
29 50 840491
50 53 537445
14 95 807306
32 51 798746
12 69 587064
0 5 172251
20 28 96625
12 27 646297
7 71 746734
24 57 248140
30 43 790551
77 83 436260
70 83 161477
9 81 472167
43 88 163314
18 87 377644
26 87 551040
23 56 954034
12 93 562851
