cc61ad56a4797fb3f5c9529f73ce6fcedd85669b
18
27 12 16 5642730
5 26 188091
22 26 564273
5 18 564273
2 5 376182
5 24 752364
2 15 188091
2 17 564273
2 21 376182
2 19 752364
2 20 376182
12 22 752364
15 23 376182
8 15 188091
0 15 940455
6 17 188091
10 12 940455
9 12 188091
1 10 188091
10 16 940455
1 7 564273
1 3 188091
1 11 752364
14 21 564273
4 7 940455
9 25 188091
11 13 188091
30 6 29 37972704
5 19 235368
14 19 235368
11 19 235368
2 19 235368
5 25 313824
5 23 78456
5 10 78456
5 20 78456
5 9 156912
6 14 313824
14 22 313824
14 27 156912
6 17 392280
1 6 156912
0 22 156912
16 22 156912
21 22 156912
4 22 78456
3 17 313824
17 18 156912
3 24 392280
23 28 392280
0 12 313824
7 28 235368
8 28 392280
7 13 156912
7 15 392280
8 26 156912
21 29 313824
27 15 23 49590600
4 26 330604
4 7 826510
2 4 330604
22 26 661208
11 26 330604
23 26 495906
0 7 826510
7 15 661208
6 22 330604
17 22 330604
11 16 826510
15 20 165302
19 20 330604
2 13 330604
5 13 330604
6 24 165302
6 21 495906
1 16 661208
5 18 495906
8 19 495906
24 25 330604
8 9 495906
3 21 165302
12 18 495906
10 18 826510
14 17 826510
27 3 25 22786192
8 16 123838
1 8 309595
8 26 123838
7 16 247676
10 16 123838
3 16 185757
1 24 309595
1 25 247676
6 7 123838
7 17 123838
10 15 309595
11 25 61919
11 20 123838
22 26 123838
2 22 123838
5 6 61919
6 19 185757
4 15 247676
2 23 185757
0 20 185757
5 21 123838
0 13 185757
18 19 61919
14 23 185757
9 23 309595
12 17 309595
24 16 21 11553318
2 16 471564
8 16 471564
2 11 117891
2 3 353673
8 20 353673
0 8 353673
11 17 235782
11 13 235782
11 21 589455
4 13 589455
13 15 471564
4 9 353673
4 22 589455
4 7 589455
4 6 471564
4 10 235782
19 21 117891
9 14 589455
22 23 235782
5 7 117891
7 18 235782
5 12 589455
1 5 589455
24 1 22 3289432
16 19 386992
8 19 773984
5 19 967480
14 16 580488
15 16 967480
16 22 580488
1 16 773984
7 16 773984
6 14 773984
14 21 580488
9 14 773984
3 14 580488
4 22 386992
8 11 773984
8 10 773984
8 12 773984
2 8 773984
17 21 193496
18 21 193496
11 13 193496
0 7 386992
10 23 967480
0 20 193496
24 10 19 3499600
3 22 174980
16 22 349960
4 22 437450
3 18 262470
3 8 437450
3 19 262470
3 10 349960
3 17 349960
13 18 349960
15 18 262470
1 18 349960
6 18 262470
7 19 174980
16 21 349960
0 16 349960
9 16 349960
12 16 349960
2 15 87490
5 15 87490
20 21 87490
11 17 174980
0 14 437450
11 23 87490
26 7 18 34164504
11 17 647055
3 11 517644
11 12 647055
10 17 647055
13 17 517644
3 16 129411
3 9 647055
3 4 647055
16 23 258822
9 25 258822
0 9 647055
9 19 388233
2 25 258822
1 13 129411
13 15 258822
1 8 129411
1 24 517644
6 8 258822
5 12 647055
12 20 129411
14 15 129411
15 21 258822
4 18 647055
6 7 517644
18 22 517644
29 13 25 30833008
8 11 730640
8 16 292256
8 23 730640
8 18 438384
11 20 730640
10 11 584512
16 25 146128
1 16 730640
12 23 438384
6 23 438384
19 23 146128
12 13 730640
12 14 438384
12 27 730640
3 18 292256
13 24 292256
25 28 584512
17 25 146128
25 26 584512
5 6 146128
15 19 146128
19 22 292256
2 5 146128
0 5 730640
2 21 146128
2 9 438384
7 17 730640
4 26 584512
29 8 27 13604760
0 23 275400
18 23 110160
23 26 275400
19 23 165240
0 17 275400
0 6 220320
8 18 55080
2 18 275400
20 26 165240
13 26 165240
1 26 55080
20 27 275400
20 25 165240
12 20 275400
19 24 110160
22 27 110160
8 10 220320
4 8 55080
8 15 220320
9 13 55080
1 7 55080
1 3 110160
9 21 55080
9 11 275400
5 21 55080
21 28 165240
4 16 275400
14 15 220320
27 7 18 9030684
2 20 231556
2 6 231556
2 25 57889
2 17 289445
1 20 231556
6 8 57889
6 11 231556
6 12 173667
9 25 231556
21 25 115778
19 25 115778
9 26 57889
9 13 173667
9 24 289445
4 17 115778
4 10 115778
4 5 289445
3 8 289445
8 22 173667
7 11 173667
11 14 289445
0 10 115778
7 15 115778
23 24 57889
18 24 173667
12 16 115778
30 4 10 23784096
25 26 283144
20 26 283144
19 26 283144
1 25 283144
13 25 283144
2 25 70786
22 25 212358
0 1 283144
1 9 353930
4 13 283144
12 13 141572
20 28 212358
11 20 283144
19 29 353930
19 27 353930
4 17 353930
3 9 212358
7 9 141572
3 14 70786
2 24 70786
8 24 212358
6 12 353930
6 15 70786
14 18 212358
14 16 283144
21 22 283144
5 7 141572
23 27 141572
10 27 141572
24 5 10 2025024
16 20 843760
11 16 843760
6 16 168752
2 16 506256
16 17 337504
14 16 506256
16 23 168752
18 20 675008
20 22 337504
3 20 337504
4 11 675008
6 13 675008
6 8 675008
12 13 337504
10 13 843760
5 13 675008
9 13 506256
18 19 843760
1 18 337504
3 7 843760
10 15 337504
0 9 843760
7 21 843760
24 9 16 3438504
7 21 318380
12 21 318380
18 21 63676
1 21 191028
21 22 127352
3 21 191028
21 23 63676
2 7 254704
7 19 127352
7 10 127352
6 12 254704
18 20 254704
11 18 254704
14 20 127352
16 20 318380
9 20 254704
4 20 191028
2 15 318380
0 2 127352
10 13 318380
16 17 127352
4 5 318380
8 13 318380
28 2 8 3047040
10 19 95220
3 10 76176
9 10 76176
3 23 76176
2 3 76176
3 13 95220
3 24 38088
3 15 57132
3 11 19044
0 23 76176
2 12 38088
2 22 38088
2 4 95220
13 14 19044
13 16 95220
7 12 19044
6 9 76176
9 17 38088
21 24 38088
20 24 57132
24 25 57132
7 27 57132
15 26 38088
5 15 19044
8 21 76176
18 21 76176
1 5 57132
29 15 16 9519852
20 22 409456
7 20 204728
18 20 102364
8 20 204728
10 20 102364
22 23 511820
13 22 307092
22 26 409456
7 12 511820
7 14 409456
0 7 511820
5 12 204728
12 27 102364
6 12 102364
12 28 102364
12 19 511820
2 5 204728
5 17 204728
5 16 307092
21 27 204728
23 24 511820
1 26 511820
3 8 409456
8 11 409456
9 24 409456
3 4 102364
3 15 511820
0 25 409456
29 2 19 19737504
11 12 259704
12 14 129852
12 27 64926
12 24 129852
12 17 64926
11 15 324630
11 26 194778
11 16 259704
14 20 324630
14 28 259704
7 14 324630
20 22 129852
8 20 64926
6 20 64926
5 20 64926
20 23 324630
13 22 129852
22 25 129852
2 22 194778
8 21 129852
1 15 324630
10 16 324630
0 24 259704
9 24 259704
1 4 259704
0 18 64926
0 19 324630
3 7 259704
29 4 17 41302044
18 22 539896
18 28 269948
15 18 134974
18 20 269948
18 27 134974
3 22 674870
2 22 404922
19 22 539896
10 28 674870
14 28 539896
6 28 674870
1 10 269948
10 23 134974
10 13 134974
10 16 134974
0 10 674870
1 21 269948
1 5 269948
1 17 404922
8 23 269948
3 24 674870
9 19 674870
11 20 539896
20 26 539896
12 24 539896
7 11 134974
4 11 674870
6 25 539896
