cc61ad56a4797fb3f5c9529f73ce6fcedd85669b
1
474 112 251 1400212114
6 25 418373
114 191 861244
6 78 908890
385 449 962430
306 322 572803
88 97 368762
21 87 995910
147 430 241909
336 416 362214
281 439 522899
133 381 330701
217 337 258062
53 216 546070
49 425 684817
80 461 937780
444 464 661943
211 395 868482
81 214 565339
156 472 802919
277 438 997211
346 353 573029
159 163 24750
108 292 479487
286 412 411359
79 139 419269
100 203 821030
261 280 314493
354 369 290017
7 154 164592
306 320 802868
288 335 796046
39 343 239674
63 221 706046
41 194 363302
143 196 197958
24 364 585531
211 278 784468
124 372 437732
128 155 512999
247 312 379441
38 393 875741
140 354 27118
13 190 787097
169 303 789538
111 224 7248
58 443 518113
229 364 514481
390 428 491918
166 186 754543
144 362 911857
274 408 989420
165 378 644209
59 181 309763
69 267 600814
264 338 154226
47 424 934461
96 359 734627
142 464 673921
65 160 50069
180 266 39394
215 404 666603
14 217 898349
365 423 734225
155 350 332680
92 386 848071
152 172 569488
35 316 303116
415 427 98193
16 218 878311
183 407 76897
348 391 676244
133 256 456089
382 452 397642
31 419 30705
93 122 29733
254 352 811127
118 332 678709
232 257 656236
392 417 781538
288 404 912699
148 377 868410
12 188 666583
212 452 907673
99 113 156016
129 402 746612
230 462 660881
130 442 772610
70 386 264409
177 447 95367
202 411 213715
34 160 203326
8 107 798901
18 419 308898
82 101 451186
67 232 391065
85 252 80316
229 368 680190
11 451 44505
109 193 28361
169 471 437921
10 347 819293
302 377 969810
265 297 518190
311 435 44687
429 437 499278
28 323 192892
283 302 773138
38 84 518958
150 363 946981
407 415 789075
151 348 908393
149 199 711262
66 381 776773
145 164 660012
149 269 750159
293 332 182136
201 400 309655
88 317 994359
242 417 580814
76 363 855250
20 127 698578
76 120 542654
63 409 904535
319 333 315257
68 182 72563
258 395 222178
316 362 348678
32 271 441717
421 431 83331
138 164 63203
263 390 877792
135 466 219914
141 179 293846
84 314 577878
57 412 465749
375 408 825907
52 135 382152
86 340 675630
0 39 171968
47 345 366375
13 435 918399
178 234 486965
38 71 767716
138 263 688534
21 108 83310
125 199 268241
204 272 518382
160 423 918187
140 270 439309
363 436 481858
85 417 673143
72 95 600456
86 144 563811
57 300 624608
131 465 12545
105 173 978062
303 317 837247
205 401 838302
453 459 600567
117 136 435413
58 120 645624
29 425 789771
305 366 163631
91 425 765293
20 237 674545
51 280 794254
117 163 626280
132 382 603493
4 461 429721
30 262 291879
236 293 388366
16 282 418818
77 251 485156
29 357 947187
44 100 528947
151 367 744772
10 165 49557
65 137 681830
19 43 804885
1 353 29734
51 421 957494
172 206 879119
157 199 762781
69 455 686045
15 192 575452
220 320 181017
70 222 383323
50 96 287190
129 411 398373
111 420 543174
219 279 731469
344 445 858681
281 350 7675
26 149 643956
358 444 416534
32 315 14314
219 468 829391
305 369 819994
70 368 335560
36 415 736196
203 347 397536
340 462 768201
190 312 212189
20 304 281822
207 473 966260
17 40 769068
207 336 192375
252 424 172232
219 241 95259
17 469 936138
90 304 578085
248 399 625036
441 459 36721
195 357 775169
45 346 968735
155 186 757167
288 343 777307
208 254 667466
291 387 965766
137 176 530415
103 318 492870
96 225 122105
235 287 644327
23 372 543812
339 389 130284
179 265 212028
111 432 207671
115 224 522976
215 302 636624
74 122 214425
146 420 193173
75 399 910001
187 338 21694
257 286 269810
107 142 503372
51 158 361820
71 361 225870
195 203 195074
409 447 5648
167 385 192961
309 328 858848
5 157 15198
75 471 323326
113 301 497531
235 313 185375
206 291 503414
77 129 237790
283 358 802462
61 178 892416
267 414 782995
289 464 293346
298 379 602169
374 387 518017
72 78 548248
31 60 199846
170 337 81492
26 164 422124
260 447 551236
174 292 545519
4 226 49904
55 221 468051
39 445 573612
64 427 246702
371 397 681867
221 460 280595
325 450 981826
285 465 350268
172 383 862811
73 161 227091
24 330 365906
104 150 847453
18 418 320528
227 240 33988
98 426 362049
3 396 332735
68 192 810068
171 225 568544
49 438 78415
252 301 552954
181 308 57548
274 322 850604
54 260 730067
57 174 326670
451 459 548885
10 398 533240
82 273 813187
333 389 322410
79 471 720585
230 388 451803
42 230 878059
236 268 781985
189 204 554426
62 183 221305
50 319 609778
108 143 194292
194 413 840307
156 259 677439
296 333 66074
176 456 102541
168 321 461756
253 346 891939
134 264 812287
323 448 413631
147 405 732820
331 453 391142
384 385 900564
173 394 179913
310 360 459830
93 193 959123
24 273 133483
81 342 152978
94 216 54359
9 376 561151
88 379 634539
395 414 493099
234 321 716643
192 379 907336
162 245 161049
131 200 930706
324 420 729925
126 315 46488
41 243 420242
83 441 88683
73 126 497501
102 206 676002
6 332 966796
158 349 628422
249 254 83977
48 112 659297
285 470 619098
400 457 107614
327 452 85087
62 307 455261
170 184 915047
16 410 18006
58 403 340526
180 413 834663
218 438 567159
135 162 38843
33 121 569602
201 276 805401
308 378 820715
184 367 9030
336 401 817887
17 114 668568
326 340 829563
372 470 41625
8 231 521795
290 448 620820
185 325 205051
109 342 175935
272 309 370086
89 109 683140
188 213 942616
5 115 852910
33 257 672250
11 167 230189
178 214 288666
154 284 667654
433 442 917420
46 194 583513
212 468 310306
182 304 994256
83 295 416163
279 388 617954
239 428 680682
126 431 202561
373 457 296958
23 98 52326
163 208 747210
380 460 149814
238 458 992664
56 95 596753
22 473 203566
242 410 876664
369 469 7813
244 276 356888
403 449 281762
428 429 993143
175 320 949972
175 373 743418
30 265 830537
174 434 338256
2 450 931404
107 249 547839
226 370 724127
99 236 999177
60 82 826096
27 87 202042
335 463 431484
153 323 607313
74 374 890045
32 456 845705
119 318 177553
43 455 934147
373 440 126761
34 56 98577
134 299 391466
52 250 182177
250 275 702755
83 353 201348
362 446 429996
198 384 474522
98 132 215703
308 376 516636
327 406 452694
205 445 123846
278 321 821609
89 228 464095
133 141 455809
223 361 227494
268 351 292918
334 387 926811
5 294 519074
238 389 388775
80 429 157784
55 233 132392
94 341 124740
67 204 693597
104 166 308577
122 210 172395
148 329 467601
119 366 975690
156 217 34716
105 380 36559
116 371 457864
110 433 55190
202 227 997904
25 197 170635
18 171 520581
213 227 455893
235 341 794494
2 180 115744
310 348 807549
238 356 253894
186 255 759392
13 110 703962
200 450 101120
153 349 53712
162 243 278314
27 433 829260
146 350 998584
127 222 696454
287 297 457099
209 457 668886
422 460 373926
62 290 171937
246 314 991466
66 322 506528
37 398 554090
7 250 712010
123 371 976874
318 394 249694
45 147 725305
314 402 483087
4 123 813480
48 56 972811
29 106 391782
43 136 827690
54 248 23801
64 259 565936
114 360 215067
187 247 535038
289 454 499375
59 397 507228
271 355 65822
396 427 558875
223 313 936403
240 299 947562
309 446 695055
152 244 721272
356 416 589225
443 467 370624
