cc61ad56a4797fb3f5c9529f73ce6fcedd85669b
1
484 66 243 899235688
68 382 730423
13 152 321760
354 405 165850
215 280 260695
206 207 467848
122 199 8420
131 473 389043
237 274 844418
31 59 16263
4 324 28375
151 315 630448
191 322 909510
180 289 7107
43 171 653553
479 482 458826
5 451 722382
95 370 791215
425 445 242725
306 342 440195
109 211 675
259 456 313388
213 236 524958
10 416 2857
182 254 787302
12 205 287364
221 286 107012
132 320 758867
313 466 673618
227 365 84330
121 397 296630
29 40 507104
30 461 664316
260 267 20092
181 394 994064
149 410 700029
350 381 762709
253 428 938691
80 432 405476
61 312 157
62 155 233444
10 32 411824
22 153 908418
169 474 247808
11 417 408397
224 369 800094
61 219 893105
63 270 530222
105 414 769167
0 483 439764
329 373 632181
10 132 36731
142 163 761791
64 464 352449
224 471 366153
202 322 978819
155 416 334223
160 358 604864
65 174 869860
357 471 919212
40 318 257675
84 337 538452
17 381 761206
138 352 321832
34 274 789144
122 438 696746
134 326 5417
4 478 730674
124 128 728694
84 359 585947
320 323 487586
35 410 895886
57 463 711933
188 296 856553
43 386 674046
95 468 245003
177 265 440352
317 357 270270
223 419 656855
193 396 911362
411 447 406318
380 450 934066
5 161 557311
269 395 59605
232 272 948942
225 444 684484
306 397 530498
137 178 574707
161 309 254464
174 299 931165
66 220 470885
156 310 179664
226 286 302432
144 447 985170
208 425 871275
314 361 26991
6 150 544996
91 329 251424
14 243 130188
252 450 129818
72 334 503067
85 291 361968
234 292 229565
97 283 296933
16 189 367213
59 114 608530
44 456 127981
142 407 160624
2 103 948447
252 465 900931
250 363 234627
7 364 690020
208 403 279694
2 204 593961
190 327 535331
30 360 152562
169 326 227952
99 123 275987
112 307 482280
66 130 718233
13 208 544216
115 201 212155
165 445 759593
342 361 52767
173 304 60337
161 240 82053
62 179 997429
262 282 402900
359 453 995583
251 348 207807
145 352 163096
183 312 763924
8 148 463011
34 198 792097
421 430 755478
107 305 674819
98 470 736341
6 187 427020
22 35 84589
74 376 704016
12 262 129641
25 408 274125
81 483 476757
92 164 550836
263 472 812365
39 340 159384
11 101 236864
309 423 124658
227 427 883079
215 375 650510
372 452 595164
185 316 399190
13 269 144696
66 449 260153
238 245 854605
70 124 150328
107 240 174429
273 285 585101
56 480 225013
67 288 427960
8 306 852234
117 333 509735
128 446 738734
14 48 733505
90 444 834031
253 384 79439
5 315 513357
140 151 284295
87 140 886741
149 257 135031
202 235 214046
279 297 915211
73 341 891999
58 76 581947
362 380 968428
212 408 988307
79 156 65995
367 468 509472
26 192 372279
335 406 604788
112 152 266161
282 422 468247
15 184 910077
200 349 767306
255 455 613824
248 399 688056
27 308 286516
61 122 661948
21 413 570757
6 295 397705
86 108 456395
218 258 893562
328 378 241125
17 296 569719
190 257 816622
121 371 411648
276 282 548511
63 387 623193
102 298 495489
303 468 509650
155 353 175373
50 439 162034
195 440 338081
294 383 209280
131 242 904353
218 440 180845
65 124 868776
85 413 971361
16 214 355818
54 369 175840
38 359 264232
343 451 613145
339 482 180622
54 441 980747
351 464 541100
276 336 931093
314 389 342863
189 340 746008
164 452 436284
174 238 794186
249 320 897160
216 448 507162
72 256 849175
78 302 780667
272 298 848623
55 115 849040
327 435 449208
68 217 904178
159 310 261522
41 82 834913
103 336 842323
256 324 629700
173 206 33564
42 454 366686
117 364 635734
150 229 119120
401 422 218510
255 281 272645
224 461 335915
27 372 187965
176 202 500808
158 230 441017
167 431 312114
412 471 700480
382 415 803327
230 287 984717
231 483 719305
110 209 792598
55 396 199046
118 477 478264
343 415 316869
54 223 8644
128 420 711495
72 177 12256
86 261 496952
253 408 475675
431 434 165961
55 160 720977
24 433 33963
267 415 666295
59 376 956137
78 410 245188
272 409 872738
140 435 62333
315 416 893346
288 293 190747
452 469 635613
243 425 903322
45 108 224455
14 113 130336
330 423 110610
321 474 987976
126 185 817989
141 247 626059
157 184 437430
162 396 27531
50 300 67108
197 449 66043
249 337 978099
110 222 769325
284 418 791556
292 398 74745
29 291 274737
186 214 99527
43 222 45410
130 461 665466
1 187 843215
275 455 870905
20 158 544850
139 304 521051
165 167 823015
227 402 875567
346 370 434116
33 311 630885
116 266 263503
90 393 163676
183 469 548224
141 230 901128
99 274 694613
402 454 957311
258 404 883372
376 433 425185
171 288 37952
160 229 99874
138 239 315970
338 350 260982
152 210 25683
268 441 34135
319 354 334492
96 250 610614
225 388 450315
462 481 124156
88 436 515754
347 440 228539
194 391 732573
171 377 133366
182 185 782584
27 232 990281
264 417 645499
23 419 25206
143 398 632555
186 346 355790
25 232 791182
98 345 297081
151 358 310402
234 299 422754
254 379 433466
47 479 120897
31 399 856406
349 388 329222
37 409 757598
82 284 147871
300 351 487708
246 403 38310
170 362 811283
20 71 172010
183 333 393055
89 429 529689
129 310 314730
127 377 451783
115 263 192264
99 467 565789
83 89 732337
104 445 373344
19 473 911064
203 279 506269
32 331 514028
46 356 84399
106 154 621546
36 421 353260
175 273 360605
36 311 263346
215 342 393716
19 289 705673
49 166 849790
89 469 982389
149 332 507460
46 191 211995
106 241 112194
60 84 490829
100 211 485636
271 463 137268
36 270 26138
75 191 162905
132 443 960695
44 241 703504
50 88 436844
251 442 427585
136 270 34812
26 385 532308
428 481 174619
52 363 601657
181 277 617224
19 181 996625
133 204 313476
381 464 139388
9 299 704110
118 456 394240
251 441 801852
290 414 354962
355 453 735128
94 444 269189
80 277 6612
73 412 419468
28 235 354636
98 186 608493
78 93 753623
97 372 397765
69 304 57193
213 294 773426
184 361 949448
32 126 219936
120 298 204777
228 371 918899
80 137 341415
130 404 428814
41 346 814495
460 475 306494
328 451 223658
142 316 436295
91 222 961656
29 105 575368
87 313 459205
0 256 811341
196 209 210747
104 289 304497
41 313 149029
189 421 252974
51 448 459850
351 358 796355
238 278 466670
146 211 213185
141 449 338977
284 368 794353
225 292 392962
123 473 809317
125 344 108052
209 475 490138
85 116 247866
31 431 920711
22 264 327058
3 67 59716
210 301 536236
466 476 801434
86 199 299750
82 147 627939
119 363 323109
92 156 975518
56 438 760690
240 319 529233
167 221 319790
18 400 372827
221 455 890739
164 165 173205
95 447 273289
40 168 391268
150 250 144002
257 322 653599
53 234 504243
173 300 846103
107 233 72015
212 392 43527
319 482 640673
328 391 798105
463 475 820582
312 454 414547
1 172 334212
402 457 19100
341 390 266347
323 325 200111
252 397 424903
87 291 745115
360 448 122911
135 459 89716
258 400 529165
125 261 734874
182 285 569306
118 403 831523
388 406 246901
337 424 65320
4 326 613968
352 477 822441
109 286 124120
9 190 769310
65 383 327055
111 409 82715
26 30 708679
324 370 650206
162 374 587645
135 418 599032
104 110 755215
214 458 511062
229 314 160987
92 435 848748
203 303 848694
77 383 556285
49 466 460358
9 369 530633
276 476 395005
126 366 942035
428 437 513906
16 76 312461
244 413 582749
17 426 383970
