cc61ad56a4797fb3f5c9529f73ce6fcedd85669b
3
390 214 317 132843361
3 214 490
3 373 138915
7 373 386904
7 341 98
124 341 360003
124 340 675318
302 340 196
3 317 490
3 20 196
317 330 294
57 317 490
72 317 392
152 330 245
242 330 343
287 330 98
252 330 490
268 330 343
152 361 98
13 152 98
34 152 196
81 152 245
256 361 441
164 361 294
44 361 245
203 361 441
223 361 490
41 256 490
144 256 343
256 344 49
164 229 343
164 327 392
139 229 343
61 229 98
181 229 392
229 286 245
229 279 343
84 229 49
41 94 490
41 89 245
41 200 392
41 363 392
41 209 49
179 242 343
95 242 392
76 242 147
94 292 392
253 287 294
57 183 245
57 321 392
139 178 98
59 139 49
139 301 245
104 139 490
121 139 490
139 346 98
33 139 490
178 365 441
178 387 98
327 371 147
217 327 147
283 327 245
59 67 147
59 348 294
59 288 98
44 86 98
44 122 245
44 201 441
69 371 98
284 371 441
371 385 49
87 292 294
138 292 490
119 292 245
292 311 98
182 203 49
203 372 441
28 203 196
203 375 245
244 365 343
183 207 490
183 388 245
13 48 49
13 197 441
116 207 98
217 329 98
217 305 441
329 342 98
134 329 490
11 329 294
186 372 294
154 372 392
276 372 196
61 383 294
313 342 441
87 251 49
87 320 147
48 360 196
48 88 49
28 36 294
28 248 343
65 181 147
174 181 49
300 301 392
2 301 49
301 362 196
137 138 392
138 188 147
267 286 343
194 360 245
352 360 392
149 305 490
303 305 245
97 305 392
99 305 98
93 383 343
350 383 147
255 383 441
172 383 196
62 300 441
190 300 343
130 300 196
158 300 441
300 312 392
184 321 245
321 389 294
140 321 245
168 321 147
32 321 196
93 308 49
75 104 392
104 212 49
38 144 392
144 257 294
38 374 147
38 126 147
29 38 343
38 258 196
38 110 196
186 205 343
186 351 294
62 156 343
62 261 98
62 250 392
200 235 245
132 134 441
36 49 343
241 257 49
257 285 98
16 257 490
194 349 98
194 228 98
184 273 441
184 359 245
72 326 294
162 352 98
42 350 49
343 350 196
9 86 196
185 190 196
109 190 147
190 357 147
171 205 98
161 205 49
2 112 441
67 367 441
67 187 196
156 345 490
156 233 294
65 239 441
97 108 294
97 289 343
97 232 147
97 153 49
97 211 490
298 348 245
108 264 196
75 90 441
289 379 490
128 289 49
29 167 294
29 364 245
29 339 294
253 356 245
220 241 343
146 241 490
179 262 49
255 295 98
113 255 294
107 252 98
5 298 343
42 53 49
46 154 392
155 364 392
165 364 343
155 314 147
142 155 49
277 313 196
313 338 98
4 313 343
0 220 196
189 220 490
220 324 49
73 88 98
5 123 392
0 39 343
127 197 490
273 380 196
277 354 49
16 192 196
180 354 343
221 262 49
135 379 245
189 260 294
136 339 147
106 339 98
248 306 147
192 319 392
6 367 294
235 240 343
238 346 196
23 346 343
193 346 490
24 136 294
25 135 245
109 335 294
47 109 245
201 307 490
230 244 49
82 180 196
133 230 147
84 231 441
215 388 245
78 260 490
66 268 490
161 175 147
25 259 392
150 153 245
96 153 294
40 311 196
4 101 49
4 278 490
22 53 441
6 170 196
11 71 245
101 202 343
381 385 98
114 124 441
45 124 343
124 236 441
118 124 98
70 124 196
114 384 245
74 114 49
103 114 147
43 114 490
114 157 147
114 304 392
60 114 343
45 176 245
45 226 490
45 249 245
45 219 294
45 358 196
45 151 343
63 236 441
236 377 441
176 204 392
10 176 294
8 226 490
226 297 245
54 226 294
141 226 490
226 336 294
226 272 98
297 334 147
30 297 343
297 353 245
100 297 98
297 355 245
54 310 343
51 54 294
15 54 490
54 79 441
54 271 294
54 294 147
218 334 392
125 334 441
191 334 343
216 310 147
169 310 196
310 315 441
63 92 49
63 91 294
63 83 343
177 384 294
378 384 196
213 377 441
275 377 196
199 377 245
21 74 147
74 245 98
74 105 98
159 204 294
98 204 392
204 224 294
177 243 441
177 280 196
35 177 294
210 213 196
196 213 490
129 213 98
216 263 441
19 249 98
210 274 441
21 195 147
245 370 441
245 347 392
166 245 245
80 245 147
225 245 147
218 318 343
218 296 49
50 159 294
159 323 294
77 103 147
14 91 392
91 337 98
91 163 147
43 269 490
234 269 98
145 318 196
120 141 245
55 157 294
125 222 147
275 282 392
120 328 294
51 299 49
50 332 441
50 117 147
31 83 392
102 347 392
198 347 245
19 160 49
19 376 294
19 316 245
58 336 147
52 336 392
222 266 49
166 322 294
26 323 49
147 272 392
191 369 245
85 191 294
80 265 147
27 160 490
79 270 49
27 331 490
27 37 196
227 280 294
254 280 196
14 293 196
1 58 49
237 304 196
68 145 343
291 376 147
325 376 490
12 353 98
105 115 294
56 102 392
102 246 294
115 333 441
147 281 294
18 100 441
208 291 441
173 270 294
274 368 343
17 117 98
64 117 49
55 148 196
173 247 49
131 173 441
333 366 490
309 368 490
225 290 343
247 386 294
247 382 343
111 309 441
143 198 343
206 246 98
66 1 8 43265579
8 50 343
47 50 341334
47 51 511658
48 51 441
29 48 500780
4 29 935949
4 5 98
1 50 196
50 60 343
20 50 441
1 43 98
1 30 392
0 60 343
11 60 294
0 10 49
15 43 245
43 52 98
9 11 49
11 26 294
9 27 98
9 34 147
9 56 245
12 27 49
25 27 245
27 65 196
12 18 392
12 22 490
12 24 49
16 18 441
25 63 147
52 54 490
31 63 98
30 39 392
30 62 343
34 42 98
13 34 490
34 38 245
42 55 343
26 64 343
3 29 392
29 44 196
19 29 245
3 59 441
3 37 490
3 58 343
3 57 490
3 21 392
46 59 490
35 37 490
19 28 98
19 45 441
19 61 98
46 53 196
36 46 98
28 32 245
14 28 392
7 57 196
33 57 147
23 57 49
2 45 245
6 45 343
41 45 196
7 49 441
6 17 196
40 41 98
43 4 36 16248498
36 37 147
18 37 14406
18 38 234465
35 38 49
9 35 483973
9 27 153223
10 27 441
4 37 294
26 37 147
4 12 147
4 34 490
4 23 49
12 30 343
12 13 392
12 32 245
19 30 98
15 34 245
11 34 343
14 32 245
16 19 343
2 23 392
2 3 441
2 24 294
11 21 392
6 9 196
9 22 343
0 9 196
6 29 490
6 39 196
6 7 245
1 29 490
29 33 343
25 29 245
5 39 343
7 31 343
5 8 98
5 41 98
8 28 147
17 31 147
20 31 490
41 42 490
40 41 392
