cc61ad56a4797fb3f5c9529f73ce6fcedd85669b
1
50 23 25 382806473
0 1 375710
1 2 898637
2 3 10402
3 4 536577
4 5 385023
5 6 71075
6 7 543368
7 8 301497
8 9 174394
9 10 711312
10 11 923006
11 12 675532
12 13 838667
13 14 565729
14 15 979816
15 16 862618
16 17 576015
17 18 177751
18 19 306989
19 20 881492
20 21 160902
21 22 658915
22 23 749430
23 24 850940
24 25 794706
25 26 710571
26 27 890669
27 28 903847
28 29 568375
29 30 70979
30 31 906751
31 32 419710
32 33 13081
33 34 756789
34 35 454682
35 36 337655
36 37 354048
37 38 720441
38 39 140911
39 40 194400
40 41 602902
41 42 732028
42 43 313264
43 44 797653
44 45 186983
45 46 251293
46 47 19090
47 48 496132
48 49 793631
