cc61ad56a4797fb3f5c9529f73ce6fcedd85669b
1
46 6 34 355277954
0 1 574359
1 2 58362
2 3 778155
3 4 538832
4 5 128903
5 6 79774
6 7 715282
7 8 259924
8 9 640303
9 10 361135
10 11 506866
11 12 527045
12 13 946672
13 14 620381
14 15 701743
15 16 766266
16 17 524732
17 18 340089
18 19 630172
19 20 357712
20 21 137562
21 22 633270
22 23 317247
23 24 492322
24 25 317152
25 26 202347
26 27 970513
27 28 905294
28 29 662455
29 30 399630
30 31 232444
31 32 364150
32 33 964763
33 34 642554
34 35 694619
35 36 393084
36 37 773080
37 38 338986
38 39 605948
39 40 431748
40 41 815885
41 42 172027
42 43 647137
43 44 709429
44 45 93612
