cc61ad56a4797fb3f5c9529f73ce6fcedd85669b
1
50 0 49 329827838
0 1 972981
1 2 953594
2 3 908629
3 4 849675
4 5 808354
5 6 782643
6 7 759387
7 8 698618
8 9 650896
9 10 639153
10 11 591828
11 12 532588
12 13 503214
13 14 447660
14 15 403224
15 16 380834
16 17 327127
17 18 300115
18 19 244025
19 20 233625
20 21 193475
21 22 143559
22 23 89702
23 24 57870
24 25 37446
25 26 57862
26 27 89693
27 28 143506
28 29 193490
29 30 233610
30 31 244077
31 32 300156
32 33 327102
33 34 380840
34 35 403271
35 36 447634
36 37 503206
37 38 532593
38 39 591846
39 40 639131
40 41 650910
41 42 698599
42 43 759429
43 44 782614
44 45 808365
45 46 849736
46 47 908691
47 48 953635
48 49 972945
