cc61ad56a4797fb3f5c9529f73ce6fcedd85669b
25
20 9 16 34385
0 1 196
1 2 733
2 3 758
3 4 92
4 5 636
5 6 462
6 7 491
7 8 239
8 9 873
9 10 983
10 11 72
11 12 988
12 13 690
13 14 162
14 15 287
15 16 247
16 17 121
17 18 140
18 19 64
20 9 13 37109
0 1 530
1 2 588
2 3 841
3 4 274
4 5 994
5 6 879
6 7 879
7 8 338
8 9 498
9 10 792
10 11 670
11 12 636
12 13 139
13 14 892
14 15 592
15 16 415
16 17 154
17 18 874
18 19 547
20 7 15 55645
0 1 711
1 2 119
2 3 471
3 4 155
4 5 437
5 6 859
6 7 257
7 8 46
8 9 473
9 10 884
10 11 382
11 12 483
12 13 769
13 14 137
14 15 799
15 16 196
16 17 36
17 18 813
18 19 524
20 8 19 60296
0 1 374
1 2 343
2 3 867
3 4 212
4 5 683
5 6 724
6 7 1
7 8 37
8 9 810
9 10 686
10 11 236
11 12 97
12 13 706
13 14 558
14 15 901
15 16 700
16 17 655
17 18 714
18 19 457
20 3 16 48571
0 1 277
1 2 961
2 3 218
3 4 292
4 5 673
5 6 326
6 7 504
7 8 62
8 9 142
9 10 974
10 11 304
11 12 765
12 13 839
13 14 215
14 15 495
15 16 166
16 17 955
17 18 234
18 19 780
20 7 18 48595
0 1 23
1 2 520
2 3 721
3 4 662
4 5 372
5 6 530
6 7 201
7 8 89
8 9 525
9 10 334
10 11 6
11 12 522
12 13 67
13 14 160
14 15 966
15 16 931
16 17 774
17 18 976
18 19 668
20 5 6 25729
0 1 27
1 2 943
2 3 317
3 4 383
4 5 353
5 6 855
6 7 260
7 8 300
8 9 590
9 10 20
10 11 111
11 12 730
12 13 10
13 14 121
14 15 182
15 16 124
16 17 481
17 18 36
18 19 184
20 4 19 41843
0 1 746
1 2 718
2 3 939
3 4 782
4 5 238
5 6 961
6 7 494
7 8 548
8 9 53
9 10 522
10 11 119
11 12 116
12 13 372
13 14 374
14 15 500
15 16 198
16 17 770
17 18 264
18 19 51
20 0 15 38291
0 1 822
1 2 917
2 3 231
3 4 866
4 5 106
5 6 507
6 7 397
7 8 262
8 9 274
9 10 400
10 11 760
11 12 895
12 13 16
13 14 638
14 15 32
15 16 865
16 17 93
17 18 48
18 19 137
20 14 16 44027
0 1 118
1 2 469
2 3 938
3 4 86
4 5 87
5 6 911
6 7 416
7 8 612
8 9 51
9 10 818
10 11 63
11 12 962
12 13 38
13 14 67
14 15 826
15 16 224
16 17 420
17 18 433
18 19 247
20 11 16 40294
0 1 462
1 2 427
2 3 645
3 4 81
4 5 784
5 6 78
6 7 507
7 8 836
8 9 864
9 10 437
10 11 282
11 12 11
12 13 741
13 14 63
14 15 225
15 16 930
16 17 710
17 18 919
18 19 321
20 3 12 48832
0 1 723
1 2 367
2 3 778
3 4 913
4 5 589
5 6 618
6 7 840
7 8 538
8 9 293
9 10 724
10 11 835
11 12 709
12 13 947
13 14 591
14 15 806
15 16 845
16 17 635
17 18 121
18 19 589
20 0 18 59663
0 1 476
1 2 289
2 3 570
3 4 919
4 5 315
5 6 96
6 7 728
7 8 343
8 9 124
9 10 912
10 11 238
11 12 870
12 13 515
13 14 616
14 15 248
15 16 211
16 17 797
17 18 873
18 19 748
20 7 8 30609
0 1 796
1 2 605
2 3 673
3 4 85
4 5 801
5 6 458
6 7 977
7 8 675
8 9 784
9 10 53
10 11 199
11 12 709
12 13 497
13 14 159
14 15 425
15 16 229
16 17 514
17 18 620
18 19 937
20 5 11 51609
0 1 548
1 2 308
2 3 589
3 4 491
4 5 606
5 6 801
6 7 506
7 8 837
8 9 271
9 10 848
10 11 807
11 12 929
12 13 232
13 14 286
14 15 365
15 16 726
16 17 126
17 18 521
18 19 699
20 9 11 25976
0 1 109
1 2 347
2 3 959
3 4 624
4 5 414
5 6 936
6 7 530
7 8 746
8 9 111
9 10 310
10 11 717
11 12 117
12 13 893
13 14 522
14 15 115
15 16 594
16 17 926
17 18 654
18 19 253
20 11 13 33514
0 1 668
1 2 417
2 3 352
3 4 189
4 5 515
5 6 829
6 7 519
7 8 675
8 9 129
9 10 39
10 11 608
11 12 930
12 13 293
13 14 456
14 15 172
15 16 116
16 17 968
17 18 621
18 19 228
20 3 9 51602
0 1 424
1 2 140
2 3 324
3 4 752
4 5 458
5 6 763
6 7 992
7 8 147
8 9 592
9 10 179
10 11 204
11 12 249
12 13 671
13 14 24
14 15 166
15 16 262
16 17 293
17 18 488
18 19 14
20 1 16 49355
0 1 813
1 2 932
2 3 510
3 4 705
4 5 569
5 6 352
6 7 242
7 8 303
8 9 199
9 10 410
10 11 749
11 12 705
12 13 799
13 14 552
14 15 962
15 16 857
16 17 836
17 18 668
18 19 778
20 5 7 38990
0 1 852
1 2 213
2 3 372
3 4 583
4 5 822
5 6 116
6 7 85
7 8 281
8 9 929
9 10 513
10 11 80
11 12 726
12 13 104
13 14 494
14 15 734
15 16 690
16 17 553
17 18 224
18 19 8
20 6 10 34261
0 1 124
1 2 967
2 3 924
3 4 575
4 5 709
5 6 151
6 7 139
7 8 46
8 9 190
9 10 628
10 11 500
11 12 403
12 13 895
13 14 498
14 15 541
15 16 867
16 17 550
17 18 238
18 19 665
20 10 15 55579
0 1 1000
1 2 572
2 3 210
3 4 866
4 5 73
5 6 725
6 7 496
7 8 933
8 9 609
9 10 785
10 11 611
11 12 882
12 13 893
13 14 282
14 15 493
15 16 340
16 17 153
17 18 717
18 19 567
20 7 9 49747
0 1 255
1 2 941
2 3 991
3 4 360
4 5 634
5 6 108
6 7 846
7 8 723
8 9 761
9 10 768
10 11 254
11 12 732
12 13 344
13 14 431
14 15 203
15 16 936
16 17 482
17 18 448
18 19 250
20 15 18 52294
0 1 276
1 2 205
2 3 4
3 4 883
4 5 193
5 6 245
6 7 640
7 8 942
8 9 158
9 10 884
10 11 590
11 12 371
12 13 399
13 14 716
14 15 107
15 16 34
16 17 804
17 18 477
18 19 274
20 10 18 88763
0 1 796
1 2 551
2 3 628
3 4 784
4 5 766
5 6 394
6 7 608
7 8 280
8 9 231
9 10 759
10 11 987
11 12 606
12 13 942
13 14 730
14 15 765
15 16 46
16 17 935
17 18 936
18 19 643
