cc61ad56a4797fb3f5c9529f73ce6fcedd85669b
1
498 4 221 105089
0 1 463553
1 2 258066
2 3 685674
3 4 722140
4 5 52711
5 6 1
6 7 1
7 8 1
8 9 1
9 10 1
10 11 1
11 12 1
12 13 1
13 14 1
14 15 1
15 16 1
16 17 1
17 18 1
18 19 1
19 20 1
20 21 1
21 22 1
22 23 1
23 24 1
24 25 1
25 26 1
26 27 1
27 28 1
28 29 1
29 30 1
30 31 1
31 32 1
32 33 1
33 34 1
34 35 1
35 36 1
36 37 1
37 38 1
38 39 1
39 40 1
40 41 1
41 42 1
42 43 1
43 44 1
44 45 1
45 46 1
46 47 1
47 48 1
48 49 1
49 50 1
50 51 1
51 52 1
52 53 1
53 54 1
54 55 1
55 56 1
56 57 1
57 58 1
58 59 1
59 60 1
60 61 1
61 62 1
62 63 1
63 64 1
64 65 1
65 66 1
66 67 1
67 68 1
68 69 1
69 70 1
70 71 1
71 72 1
72 73 1
73 74 1
74 75 1
75 76 1
76 77 1
77 78 1
78 79 1
79 80 1
80 81 1
81 82 1
82 83 1
83 84 1
84 85 1
85 86 1
86 87 1
87 88 1
88 89 1
89 90 1
90 91 1
91 92 1
92 93 1
93 94 1
94 95 1
95 96 1
96 97 1
97 98 1
98 99 1
99 100 1
100 101 1
101 102 1
102 103 1
103 104 1
104 105 1
105 106 1
106 107 1
107 108 1
108 109 1
109 110 1
110 111 1
111 112 1
112 113 1
113 114 1
114 115 1
115 116 1
116 117 1
117 118 1
118 119 1
119 120 1
120 121 1
121 122 1
122 123 1
123 124 1
124 125 1
125 126 1
126 127 1
127 128 1
128 129 1
129 130 1
130 131 1
131 132 1
132 133 1
133 134 1
134 135 1
135 136 1
136 137 1
137 138 1
138 139 1
139 140 1
140 141 1
141 142 1
142 143 1
143 144 1
144 145 1
145 146 1
146 147 1
147 148 1
148 149 1
149 150 1
150 151 1
151 152 1
152 153 1
153 154 1
154 155 1
155 156 1
156 157 1
157 158 1
158 159 1
159 160 1
160 161 1
161 162 1
162 163 1
163 164 1
164 165 1
165 166 1
166 167 1
167 168 1
168 169 1
169 170 1
170 171 1
171 172 1
172 173 1
173 174 1
174 175 1
175 176 1
176 177 1
177 178 1
178 179 1
179 180 1
180 181 1
181 182 1
182 183 1
183 184 1
184 185 1
185 186 1
186 187 1
187 188 1
188 189 1
189 190 1
190 191 1
191 192 1
192 193 1
193 194 1
194 195 1
195 196 1
196 197 1
197 198 1
198 199 1
199 200 1
200 201 1
201 202 1
202 203 1
203 204 1
204 205 1
205 206 1
206 207 1
207 208 1
208 209 1
209 210 1
210 211 1
211 212 1
212 213 1
213 214 1
214 215 1
215 216 1
216 217 1
217 218 1
218 219 1
219 220 1
220 221 52544
221 222 479886
222 223 333723
223 224 147664
224 225 242423
225 226 71817
226 227 338006
227 228 297374
228 229 89726
229 230 186101
230 231 866381
231 232 853786
232 233 595235
233 234 438091
234 235 967907
235 236 101149
236 237 960941
237 238 139876
238 239 474696
239 240 364971
240 241 212125
241 242 775213
242 243 270097
243 244 780433
244 245 288822
245 246 764186
246 247 177145
247 248 561208
248 249 603844
249 250 724311
250 251 339949
251 252 895764
252 253 239584
253 254 141841
254 255 216795
255 256 790238
256 257 379525
257 258 657854
258 259 739867
259 260 504163
260 261 65398
261 262 938896
262 263 263348
263 264 850171
264 265 322102
265 266 324138
266 267 187280
267 268 740173
268 269 76318
269 270 54033
270 271 450678
271 272 449127
272 273 811801
273 274 306192
274 275 790661
275 276 748147
276 277 815978
277 278 395932
278 279 413197
279 280 463578
280 281 920164
281 282 354845
282 283 696926
283 284 671625
284 285 393813
285 286 356106
286 287 611129
287 288 246975
288 289 963688
289 290 77688
290 291 63269
291 292 967490
292 293 775202
293 294 80161
294 295 678678
295 296 540189
296 297 921935
297 298 628190
298 299 910613
299 300 911729
300 301 830476
301 302 811437
302 303 205334
303 304 330892
304 305 227175
305 306 428097
306 307 486537
307 308 949372
308 309 599849
309 310 350387
310 311 887156
311 312 178319
312 313 52872
313 314 454673
314 315 794828
315 316 281867
316 317 192443
317 318 580789
318 319 568169
319 320 709656
320 321 419632
321 322 724535
322 323 765079
323 324 549371
324 325 882394
325 326 943983
326 327 393154
327 328 731358
328 329 809413
329 330 852214
330 331 580000
331 332 731649
332 333 99024
333 334 465146
334 335 699290
335 336 917998
336 337 618404
337 338 468828
338 339 985676
339 340 683913
340 341 358160
341 342 651128
342 343 658299
343 344 833437
344 345 608876
345 346 677807
346 347 322846
347 348 609071
348 349 125823
349 350 308067
350 351 208422
351 352 691348
352 353 978336
353 354 231989
354 355 357958
355 356 999994
356 357 686376
357 358 72942
358 359 656121
359 360 898609
360 361 599825
361 362 471130
362 363 775838
363 364 106044
364 365 951179
365 366 413534
366 367 88009
367 368 409799
368 369 538702
369 370 221342
370 371 609068
371 372 477854
372 373 911389
373 374 314519
374 375 692604
375 376 558889
376 377 413849
377 378 592682
378 379 175906
379 380 65449
380 381 438611
381 382 702645
382 383 176348
383 384 571468
384 385 645065
385 386 491151
386 387 399906
387 388 307177
388 389 313189
389 390 266251
390 391 601522
391 392 348909
392 393 214244
393 394 248338
394 395 597962
395 396 195107
396 397 412710
397 398 381761
398 399 366726
399 400 600139
400 401 435581
401 402 266288
402 403 665293
403 404 171893
404 405 452034
405 406 95253
406 407 770142
407 408 744634
408 409 424843
409 410 663044
410 411 811940
411 412 559540
412 413 276806
413 414 969713
414 415 734020
415 416 218506
416 417 937892
417 418 797010
418 419 993997
419 420 518906
420 421 296229
421 422 744014
422 423 729588
423 424 949619
424 425 513180
425 426 884490
426 427 472275
427 428 860454
428 429 710540
429 430 502373
430 431 720494
431 432 490213
432 433 896265
433 434 940106
434 435 516854
435 436 962917
436 437 598514
437 438 655348
438 439 313084
439 440 62350
440 441 863251
441 442 613802
442 443 443076
443 444 543055
444 445 160932
445 446 757959
446 447 86042
447 448 658070
448 449 604914
449 450 593822
450 451 649239
451 452 695849
452 453 81544
453 454 915028
454 455 804810
455 456 852933
456 457 471909
457 458 894859
458 459 443982
459 460 771642
460 461 142324
461 462 846917
462 463 268611
463 464 206495
464 465 334660
465 466 501769
466 467 989266
467 468 189279
468 469 365326
469 470 597482
470 471 260358
471 472 635521
472 473 428005
473 474 311333
474 475 108728
475 476 839629
476 477 690094
477 478 567086
478 479 444090
479 480 476096
480 481 977028
481 482 723450
482 483 667712
483 484 924661
484 485 616740
485 486 344111
486 487 254017
487 488 886228
488 489 90546
489 490 763735
490 491 265315
491 492 309625
492 493 238469
493 494 346472
494 495 806288
495 496 220095
496 497 553525
