cc61ad56a4797fb3f5c9529f73ce6fcedd85669b
1
500 0 499 31632470564
0 1 997408
1 2 994454
2 3 991903
3 4 985530
4 5 983290
5 6 976711
6 7 974029
7 8 971703
8 9 966164
9 10 960060
10 11 958778
11 12 955381
12 13 951080
13 14 947500
14 15 942224
15 16 937350
16 17 935562
17 18 931918
18 19 924769
19 20 921692
20 21 916757
21 22 912095
22 23 908081
23 24 905383
24 25 902215
25 26 899128
26 27 893760
27 28 889216
28 29 885129
29 30 882026
30 31 879672
31 32 872669
32 33 870787
33 34 864173
34 35 861763
35 36 856616
36 37 853981
37 38 851209
38 39 846464
39 40 843903
40 41 838804
41 42 835952
42 43 831160
43 44 824434
44 45 821798
45 46 818210
46 47 815951
47 48 810076
48 49 806780
49 50 801051
50 51 798582
51 52 792044
52 53 790691
53 54 787182
54 55 780304
55 56 776324
56 57 774882
57 58 770683
58 59 765503
59 60 760413
60 61 759974
61 62 752292
62 63 750091
63 64 745912
64 65 743600
65 66 736862
66 67 735913
67 68 731201
68 69 725778
69 70 720979
70 71 719119
71 72 715236
72 73 708275
73 74 707603
74 75 701924
75 76 699410
76 77 695583
77 78 689879
78 79 685819
79 80 683924
80 81 679903
81 82 672836
82 83 668979
83 84 664679
84 85 661595
85 86 657863
86 87 653932
87 88 650802
88 89 645995
89 90 640738
90 91 638470
91 92 633139
92 93 630493
93 94 627941
94 95 623944
95 96 616126
96 97 615570
97 98 608547
98 99 606698
99 100 600929
100 101 597356
101 102 594204
102 103 589004
103 104 587234
104 105 581462
105 106 578385
106 107 574860
107 108 569412
108 109 565724
109 110 563832
110 111 557712
111 112 554576
112 113 549140
113 114 547360
114 115 543075
115 116 537716
116 117 533108
117 118 531827
118 119 525035
119 120 523822
120 121 519833
121 122 513624
122 123 510164
123 124 505503
124 125 503969
125 126 496453
126 127 492483
127 128 488532
128 129 484997
129 130 480114
130 131 477658
131 132 475084
132 133 471216
133 134 466460
134 135 460227
135 136 457069
136 137 455379
137 138 450755
138 139 446491
139 140 441011
140 141 436167
141 142 432149
142 143 429643
143 144 428018
144 145 423726
145 146 416136
146 147 413615
147 148 408209
148 149 406977
149 150 401732
150 151 396493
151 152 392122
152 153 389176
153 154 387678
154 155 382194
155 156 377003
156 157 372338
157 158 371493
158 159 364874
159 160 360568
160 161 356194
161 162 353201
162 163 350307
163 164 345243
164 165 342641
165 166 336528
166 167 335986
167 168 328979
168 169 327745
169 170 320412
170 171 316278
171 172 314053
172 173 308771
173 174 304308
174 175 301495
175 176 299593
176 177 295321
177 178 288670
178 179 286288
179 180 280241
180 181 277761
181 182 273335
182 183 269858
183 184 264797
184 185 263889
185 186 259254
186 187 253922
187 188 248618
188 189 244696
189 190 240777
190 191 237834
191 192 235973
192 193 228987
193 194 224795
194 195 220453
195 196 219864
196 197 215891
197 198 208131
198 199 207199
199 200 203516
200 201 199031
201 202 195332
202 203 191531
203 204 187989
204 205 183100
205 206 178030
206 207 174288
207 208 169682
208 209 166469
209 210 161589
210 211 157735
211 212 154153
212 213 148834
213 214 144421
214 215 141327
215 216 136352
216 217 134638
217 218 131641
218 219 124403
219 220 122701
220 221 118877
221 222 113186
222 223 108292
223 224 104924
224 225 101919
225 226 96129
226 227 95313
227 228 91766
228 229 84106
229 230 81853
230 231 78045
231 232 74771
232 233 71344
233 234 65423
234 235 61780
235 236 58797
236 237 52694
237 238 50624
238 239 47438
239 240 42920
240 241 38207
241 242 34966
242 243 29195
243 244 24872
244 245 20871
245 246 16998
246 247 15069
247 248 8806
248 249 5265
249 250 433
250 251 5323
251 252 8886
252 253 14985
253 254 17005
254 255 20855
255 256 24848
256 257 29186
257 258 34909
258 259 38241
259 260 42939
260 261 47438
261 262 50599
262 263 52757
263 264 58712
264 265 61769
265 266 65372
266 267 71324
267 268 74751
268 269 78031
269 270 81893
270 271 84173
271 272 91750
272 273 95320
273 274 96092
274 275 101865
275 276 104949
276 277 108231
277 278 113195
278 279 118875
279 280 122669
280 281 124433
281 282 131586
282 283 134602
283 284 136300
284 285 141338
285 286 144379
286 287 148785
287 288 154072
288 289 157791
289 290 161632
290 291 166462
291 292 169662
292 293 174248
293 294 178030
294 295 183121
295 296 187967
296 297 191555
297 298 195322
298 299 199034
299 300 203574
300 301 207210
301 302 208138
302 303 215923
303 304 219808
304 305 220418
305 306 224846
306 307 229069
307 308 236007
308 309 237856
309 310 240777
310 311 244730
311 312 248532
312 313 253942
313 314 259208
314 315 263909
315 316 264747
316 317 269950
317 318 273305
318 319 277727
319 320 280218
320 321 286337
321 322 288720
322 323 295322
323 324 299585
324 325 301491
325 326 304327
326 327 308717
327 328 314025
328 329 316347
329 330 320467
330 331 327765
331 332 329000
332 333 335914
333 334 336559
334 335 342704
335 336 345215
336 337 350245
337 338 353247
338 339 356185
339 340 360609
340 341 364878
341 342 371449
342 343 372280
343 344 376950
344 345 382194
345 346 387661
346 347 389171
347 348 392097
348 349 396485
349 350 401746
350 351 406991
351 352 408259
352 353 413699
353 354 416134
354 355 423745
355 356 428017
356 357 429635
357 358 432196
358 359 436203
359 360 440963
360 361 446484
361 362 450735
362 363 455314
363 364 457105
364 365 460253
365 366 466395
366 367 471212
367 368 475079
368 369 477682
369 370 480123
370 371 484952
371 372 488507
372 373 492443
373 374 496465
374 375 504002
375 376 505586
376 377 510118
377 378 513609
378 379 519832
379 380 523877
380 381 525039
381 382 531817
382 383 533075
383 384 537675
384 385 543068
385 386 547388
386 387 549097
387 388 554607
388 389 557699
389 390 563823
390 391 565652
391 392 569442
392 393 574834
393 394 578443
394 395 581470
395 396 587225
396 397 588911
397 398 594119
398 399 597339
399 400 600976
400 401 606747
401 402 608519
402 403 615622
403 404 616110
404 405 623906
405 406 627953
406 407 630508
407 408 633183
408 409 638492
409 410 640724
410 411 646035
411 412 650806
412 413 653953
413 414 657893
414 415 661654
415 416 664608
416 417 668916
417 418 672820
418 419 679842
419 420 683851
420 421 685767
421 422 689874
422 423 695654
423 424 699403
424 425 701849
425 426 707605
426 427 708315
427 428 715206
428 429 719128
429 430 721014
430 431 725798
431 432 731256
432 433 735896
433 434 736830
434 435 743596
435 436 745947
436 437 750073
437 438 752275
438 439 760021
439 440 760430
440 441 765491
441 442 770670
442 443 774863
443 444 776325
444 445 780365
445 446 787135
446 447 790708
447 448 792080
448 449 798577
449 450 801006
450 451 806712
451 452 810078
452 453 815894
453 454 818160
454 455 821841
455 456 824510
456 457 831182
457 458 835956
458 459 838749
459 460 843904
460 461 846433
461 462 851131
462 463 853904
463 464 856567
464 465 861787
465 466 864139
466 467 870709
467 468 872629
468 469 879671
469 470 882065
470 471 885177
471 472 889230
472 473 893804
473 474 899132
474 475 902166
475 476 905432
476 477 908062
477 478 912072
478 479 916698
479 480 921702
480 481 924804
481 482 931876
482 483 935580
483 484 937332
484 485 942255
485 486 947561
486 487 951045
487 488 955388
488 489 958811
489 490 960133
490 491 966152
491 492 971671
492 493 974024
493 494 976701
494 495 983221
495 496 985548
496 497 991873
497 498 994396
498 499 997449
