cc61ad56a4797fb3f5c9529f73ce6fcedd85669b
1
500 0 499 30660962655
0 1 998751
1 2 992763
2 3 990711
3 4 984240
4 5 981786
5 6 977311
6 7 972251
7 8 968449
8 9 964070
9 10 961182
10 11 959076
11 12 955656
12 13 950815
13 14 944555
14 15 941311
15 16 939818
16 17 932874
17 18 928498
18 19 927347
19 20 922780
20 21 917373
21 22 914512
22 23 908353
23 24 905677
24 25 903828
25 26 896778
26 27 892049
27 28 890155
28 29 885644
29 30 882339
30 31 878279
31 32 873609
32 33 868649
33 34 864454
34 35 862179
35 36 856441
36 37 855385
37 38 851338
38 39 847069
39 40 843681
40 41 838856
41 42 832233
42 43 830567
43 44 827541
44 45 822403
45 46 818104
46 47 814007
47 48 811710
48 49 806707
49 50 802181
50 51 799309
51 52 794802
52 53 791256
53 54 786891
54 55 780133
55 56 779227
56 57 773923
57 58 771102
58 59 766729
59 60 763674
60 61 756218
61 62 752929
62 63 749216
63 64 747827
64 65 741441
65 66 739757
66 67 734070
67 68 730748
68 69 724848
69 70 721389
70 71 718631
71 72 713385
72 73 709773
73 74 708009
74 75 701380
75 76 697406
76 77 693513
77 78 690585
78 79 684536
79 80 682681
80 81 679422
81 82 675901
82 83 668061
83 84 666141
84 85 663873
85 86 656975
86 87 652772
87 88 648761
88 89 645399
89 90 643717
90 91 637319
91 92 634878
92 93 630891
93 94 626917
94 95 622619
95 96 617443
96 97 613986
97 98 609845
98 99 606147
99 100 602845
100 101 598184
101 102 595032
102 103 590403
103 104 584106
104 105 581565
105 106 578888
106 107 575920
107 108 570364
108 109 564160
109 110 560510
110 111 558432
111 112 556020
112 113 551827
113 114 547541
114 115 542963
115 116 537312
116 117 534168
117 118 529806
118 119 527753
119 120 523536
120 121 517471
121 122 512874
122 123 511520
123 124 504977
124 125 501026
125 126 496803
126 127 495197
127 128 490549
128 129 485826
129 130 481594
130 131 478930
131 132 474585
132 133 470259
133 134 467568
134 135 462445
135 136 457214
136 137 454351
137 138 449044
138 139 445161
139 140 440725
140 141 438370
141 142 435032
142 143 428643
143 144 425404
144 145 422675
145 146 416189
146 147 413463
147 148 411554
148 149 404266
149 150 402238
150 151 398328
151 152 395262
152 153 391367
153 154 384541
154 155 382355
155 156 379061
156 157 373935
157 158 369009
158 159 366913
159 160 361187
160 161 356642
161 162 355833
162 163 349168
163 164 348030
164 165 342103
165 166 337011
166 167 332573
167 168 330128
168 169 326067
169 170 322872
170 171 319709
171 172 312191
172 173 308210
173 174 304270
174 175 301724
175 176 298075
176 177 292480
177 178 291813
178 179 286753
179 180 280665
180 181 278654
181 182 274937
182 183 271629
183 184 267385
184 185 260278
185 186 258810
186 187 255308
187 188 248897
188 189 246955
189 190 243879
190 191 236070
191 192 232869
192 193 228898
193 194 227434
194 195 221379
195 196 219595
196 197 213454
197 198 209195
198 199 206500
199 200 200356
200 201 198825
201 202 195405
202 203 190744
203 204 184338
204 205 181965
205 206 179892
206 207 175775
207 208 168163
208 209 164907
209 210 161401
210 211 157510
211 212 153589
212 213 151804
213 214 144689
214 215 143984
215 216 138113
216 217 132532
217 218 130842
218 219 127600
219 220 120489
220 221 117724
221 222 114073
222 223 111058
223 224 105863
224 225 100833
225 226 98659
226 227 95590
227 228 90748
228 229 87375
229 230 82627
230 231 78689
231 232 74810
232 233 70221
233 234 66922
234 235 63825
235 236 57687
236 237 53890
237 238 50482
238 239 45896
239 240 42692
240 241 38598
241 242 33642
242 243 28514
243 244 27755
244 245 23421
245 246 16174
246 247 14023
247 248 11184
248 249 4867
249 250 795
250 251 4811
251 252 11260
252 253 13960
253 254 16202
254 255 23467
255 256 27821
256 257 28482
257 258 33592
258 259 38584
259 260 42733
260 261 45899
261 262 50471
262 263 53874
263 264 57664
264 265 63865
265 266 66975
266 267 70197
267 268 74794
268 269 78697
269 270 82598
270 271 87385
271 272 90701
272 273 95553
273 274 98742
274 275 100822
275 276 105893
276 277 111071
277 278 114124
278 279 117709
279 280 120468
280 281 127575
281 282 130789
282 283 132584
283 284 138111
284 285 144060
285 286 144648
286 287 151808
287 288 153519
288 289 157455
289 290 161436
290 291 164901
291 292 168155
292 293 175864
293 294 179843
294 295 181919
295 296 184295
296 297 190666
297 298 195417
298 299 198847
299 300 200318
300 301 206525
301 302 209153
302 303 213455
303 304 219657
304 305 221326
305 306 227453
306 307 228860
307 308 232887
308 309 236009
309 310 243909
310 311 246966
311 312 248891
312 313 255244
313 314 258843
314 315 260313
315 316 267363
316 317 271714
317 318 274880
318 319 278649
319 320 280711
320 321 286756
321 322 291757
322 323 292423
323 324 298140
324 325 301757
325 326 304317
326 327 308157
327 328 312245
328 329 319635
329 330 322923
330 331 326148
331 332 330118
332 333 332639
333 334 336988
334 335 342120
335 336 348038
336 337 349232
337 338 355901
338 339 356634
339 340 361220
340 341 366987
341 342 368958
342 343 373951
343 344 379054
344 345 382322
345 346 384537
346 347 391383
347 348 395279
348 349 398292
349 350 402267
350 351 404311
351 352 411531
352 353 413450
353 354 416209
354 355 422628
355 356 425379
356 357 428667
357 358 435014
358 359 438311
359 360 440680
360 361 445145
361 362 449042
362 363 454334
363 364 457177
364 365 462485
365 366 467556
366 367 470210
367 368 474587
368 369 478909
369 370 481610
370 371 485843
371 372 490590
372 373 495140
373 374 496856
374 375 501089
375 376 504948
376 377 511523
377 378 512861
378 379 517425
379 380 523583
380 381 527702
381 382 529751
382 383 534156
383 384 537321
384 385 542952
385 386 547522
386 387 551778
387 388 555944
388 389 558445
389 390 560448
390 391 564161
391 392 570359
392 393 575883
393 394 578937
394 395 581584
395 396 584098
396 397 590475
397 398 595067
398 399 598164
399 400 602872
400 401 606119
401 402 609842
402 403 614053
403 404 617497
404 405 622654
405 406 626921
406 407 630835
407 408 634936
408 409 637318
409 410 643723
410 411 645403
411 412 648763
412 413 652816
413 414 656903
414 415 663843
415 416 666119
416 417 668107
417 418 675890
418 419 679473
419 420 682659
420 421 684603
421 422 690666
422 423 693491
423 424 697375
424 425 701389
425 426 708020
426 427 709842
427 428 713402
428 429 718597
429 430 721368
430 431 724851
431 432 730778
432 433 734053
433 434 739760
434 435 741420
435 436 747792
436 437 749217
437 438 752960
438 439 756245
439 440 763715
440 441 766760
441 442 771127
442 443 773961
443 444 779236
444 445 780058
445 446 786903
446 447 791262
447 448 794795
448 449 799369
449 450 802187
450 451 806731
451 452 811686
452 453 814030
453 454 818120
454 455 822413
455 456 827586
456 457 830572
457 458 832275
458 459 838877
459 460 843719
460 461 847115
461 462 851256
462 463 855416
463 464 856484
464 465 862228
465 466 864429
466 467 868682
467 468 873670
468 469 878251
469 470 882314
470 471 885597
471 472 890183
472 473 892038
473 474 896765
474 475 903871
475 476 905608
476 477 908341
477 478 914543
478 479 917372
479 480 922785
480 481 927408
481 482 928477
482 483 932809
483 484 939784
484 485 941325
485 486 944591
486 487 950792
487 488 955586
488 489 959058
489 490 961186
490 491 964055
491 492 968436
492 493 972238
493 494 977301
494 495 981723
495 496 984249
496 497 990631
497 498 992819
498 499 998753
