cc61ad56a4797fb3f5c9529f73ce6fcedd85669b
1
3000 2070 2072 1089598154219
0 1 122799
1 2 916338
2 3 195082
3 4 407254
4 5 870644
5 6 481623
6 7 981840
7 8 866223
8 9 620294
9 10 769645
10 11 402571
11 12 139469
12 13 712968
13 14 922546
14 15 258282
15 16 396994
16 17 976517
17 18 236766
18 19 643813
19 20 331836
20 21 495731
21 22 700260
22 23 751233
23 24 614531
24 25 183666
25 26 295983
26 27 321417
27 28 176824
28 29 224588
29 30 982567
30 31 746708
31 32 982806
32 33 411188
33 34 530603
34 35 301764
35 36 278515
36 37 202441
37 38 333335
38 39 357762
39 40 836157
40 41 762578
41 42 667005
42 43 759813
43 44 581694
44 45 488704
45 46 977133
46 47 687306
47 48 772313
48 49 902257
49 50 566638
50 51 590618
51 52 761613
52 53 462377
53 54 219012
54 55 272969
55 56 934191
56 57 53976
57 58 853482
58 59 749746
59 60 608305
60 61 18969
61 62 790167
62 63 203774
63 64 591007
64 65 427438
65 66 643195
66 67 813724
67 68 701983
68 69 55303
69 70 733120
70 71 152327
71 72 790062
72 73 581178
73 74 214155
74 75 856645
75 76 93927
76 77 49161
77 78 114042
78 79 914724
79 80 132284
80 81 99233
81 82 463205
82 83 242301
83 84 20988
84 85 589783
85 86 338462
86 87 945651
87 88 32206
88 89 675050
89 90 650099
90 91 827570
91 92 923570
92 93 756742
93 94 145512
94 95 952626
95 96 258884
96 97 458365
97 98 211712
98 99 250994
99 100 98682
100 101 189709
101 102 60595
102 103 529471
103 104 530659
104 105 526942
105 106 664886
106 107 198381
107 108 972007
108 109 927555
109 110 538552
110 111 165914
111 112 933963
112 113 587638
113 114 224608
114 115 104111
115 116 22188
116 117 317661
117 118 350162
118 119 978336
119 120 688000
120 121 619209
121 122 114537
122 123 645225
123 124 471002
124 125 415988
125 126 661244
126 127 370448
127 128 669797
128 129 773056
129 130 562522
130 131 369640
131 132 393317
132 133 38972
133 134 280271
134 135 542089
135 136 176059
136 137 618912
137 138 795679
138 139 977434
139 140 991967
140 141 702925
141 142 775240
142 143 923018
143 144 362022
144 145 804303
145 146 375106
146 147 457552
147 148 117691
148 149 17373
149 150 724415
150 151 571951
151 152 483559
152 153 625493
153 154 285357
154 155 705718
155 156 179082
156 157 861826
157 158 861488
158 159 626490
159 160 691553
160 161 575448
161 162 850347
162 163 602651
163 164 597056
164 165 701363
165 166 355638
166 167 955974
167 168 874263
168 169 347741
169 170 795174
170 171 3311
171 172 27311
172 173 972871
173 174 650633
174 175 253524
175 176 949868
176 177 592141
177 178 395369
178 179 200255
179 180 946058
180 181 801844
181 182 316742
182 183 677058
183 184 972833
184 185 879789
185 186 634654
186 187 558842
187 188 8994
188 189 370001
189 190 700391
190 191 302029
191 192 757209
192 193 786532
193 194 853200
194 195 987310
195 196 486123
196 197 937812
197 198 18693
198 199 605910
199 200 347095
200 201 138488
201 202 903082
202 203 44170
203 204 846007
204 205 939219
205 206 422877
206 207 942873
207 208 271741
208 209 981584
209 210 131701
210 211 11933
211 212 480312
212 213 590469
213 214 554887
214 215 303287
215 216 947918
216 217 864946
217 218 957213
218 219 678228
219 220 710081
220 221 873729
221 222 428607
222 223 698348
223 224 17196
224 225 857349
225 226 332780
226 227 939711
227 228 641733
228 229 543356
229 230 920927
230 231 565848
231 232 288602
232 233 63631
233 234 827340
234 235 400332
235 236 673302
236 237 412367
237 238 90337
238 239 723449
239 240 86010
240 241 808375
241 242 880264
242 243 412617
243 244 64166
244 245 305646
245 246 807713
246 247 270894
247 248 959823
248 249 211331
249 250 318794
250 251 744485
251 252 17032
252 253 481073
253 254 599128
254 255 523189
255 256 519483
256 257 433882
257 258 372253
258 259 984431
259 260 321647
260 261 313614
261 262 603106
262 263 93357
263 264 358465
264 265 725571
265 266 764523
266 267 113556
267 268 594796
268 269 876571
269 270 472504
270 271 149204
271 272 386307
272 273 941923
273 274 729408
274 275 838884
275 276 756211
276 277 347152
277 278 890869
278 279 430856
279 280 144644
280 281 41537
281 282 432964
282 283 777677
283 284 822102
284 285 985282
285 286 151764
286 287 902921
287 288 907110
288 289 229253
289 290 357316
290 291 754333
291 292 12424
292 293 840296
293 294 289774
294 295 417908
295 296 121068
296 297 870067
297 298 423080
298 299 292419
299 300 951707
300 301 797785
301 302 922752
302 303 893705
303 304 496056
304 305 897268
305 306 713341
306 307 738446
307 308 425345
308 309 255690
309 310 756898
310 311 412389
311 312 836620
312 313 207948
313 314 605356
314 315 381547
315 316 849741
316 317 514067
317 318 777616
318 319 266695
319 320 995212
320 321 531300
321 322 209664
322 323 877930
323 324 108401
324 325 866859
325 326 432421
326 327 669262
327 328 140666
328 329 788736
329 330 180771
330 331 53369
331 332 112832
332 333 967590
333 334 47642
334 335 359096
335 336 490680
336 337 296009
337 338 954208
338 339 668134
339 340 970349
340 341 634557
341 342 296713
342 343 159524
343 344 357960
344 345 364099
345 346 887778
346 347 793952
347 348 749322
348 349 608198
349 350 841519
350 351 2128
351 352 44110
352 353 615063
353 354 409522
354 355 342966
355 356 956362
356 357 946998
357 358 162085
358 359 223579
359 360 800588
360 361 639242
361 362 328443
362 363 462037
363 364 344702
364 365 69029
365 366 159141
366 367 852099
367 368 223076
368 369 731523
369 370 144265
370 371 296589
371 372 509786
372 373 834569
373 374 315658
374 375 624166
375 376 864472
376 377 482887
377 378 381125
378 379 732044
379 380 980080
380 381 655352
381 382 780303
382 383 146884
383 384 138636
384 385 65087
385 386 834809
386 387 959328
387 388 588594
388 389 834090
389 390 83598
390 391 217210
391 392 770433
392 393 589424
393 394 367057
394 395 860920
395 396 295027
396 397 253492
397 398 549186
398 399 382984
399 400 351899
400 401 137985
401 402 394711
402 403 407394
403 404 637926
404 405 760973
405 406 112261
406 407 77387
407 408 63771
408 409 463480
409 410 892342
410 411 345678
411 412 388957
412 413 906956
413 414 799569
414 415 788546
415 416 527717
416 417 801276
417 418 752439
418 419 394121
419 420 701066
420 421 790886
421 422 525377
422 423 660236
423 424 219194
424 425 980179
425 426 562821
426 427 587585
427 428 23104
428 429 317364
429 430 739472
430 431 454951
431 432 57854
432 433 233700
433 434 3819
434 435 767302
435 436 384242
436 437 129194
437 438 969176
438 439 725746
439 440 130354
440 441 580085
441 442 447444
442 443 393671
443 444 978225
444 445 160160
445 446 168020
446 447 357163
447 448 750842
448 449 294317
449 450 207625
450 451 744016
451 452 266609
452 453 106124
453 454 576478
454 455 565809
455 456 190551
456 457 80403
457 458 887734
458 459 563281
459 460 713284
460 461 791620
461 462 504945
462 463 186881
463 464 317932
464 465 886476
465 466 611429
466 467 362329
467 468 42717
468 469 665663
469 470 83302
470 471 776636
471 472 4093
472 473 326943
473 474 423360
474 475 868694
475 476 277965
476 477 229268
477 478 244921
478 479 718878
479 480 719274
480 481 633011
481 482 371666
482 483 400214
483 484 965128
484 485 816249
485 486 201924
486 487 57480
487 488 162231
488 489 115023
489 490 422149
490 491 256712
491 492 956448
492 493 565765
493 494 313986
494 495 844342
495 496 847367
496 497 16280
497 498 596004
498 499 199099
499 500 829832
500 501 619374
501 502 645069
502 503 146888
503 504 722459
504 505 991701
505 506 797850
506 507 109212
507 508 374609
508 509 472970
509 510 712672
510 511 751869
511 512 702934
512 513 932270
513 514 83824
514 515 136059
515 516 594351
516 517 167568
517 518 658709
518 519 409202
519 520 458043
520 521 318695
521 522 586386
522 523 830470
523 524 81588
524 525 862295
525 526 809062
526 527 84774
527 528 450221
528 529 891561
529 530 487113
530 531 245131
531 532 533906
532 533 278804
533 534 49390
534 535 428535
535 536 430509
536 537 13113
537 538 811201
538 539 521401
539 540 478557
540 541 579296
541 542 46824
542 543 242277
543 544 327006
544 545 588285
545 546 728964
546 547 429150
547 548 52741
548 549 848111
549 550 844078
550 551 831438
551 552 226563
552 553 158589
553 554 791420
554 555 463850
555 556 277407
556 557 950361
557 558 495035
558 559 111728
559 560 340670
560 561 547166
561 562 215028
562 563 944233
563 564 628060
564 565 202644
565 566 179945
566 567 863081
567 568 840274
568 569 200488
569 570 399254
570 571 243788
571 572 115152
572 573 358518
573 574 749746
574 575 179321
575 576 650721
576 577 17601
577 578 801197
578 579 900320
579 580 915243
580 581 801527
581 582 518961
582 583 441725
583 584 237230
584 585 117679
585 586 387108
586 587 878228
587 588 917698
588 589 532268
589 590 772898
590 591 404788
591 592 938331
592 593 114457
593 594 549700
594 595 870839
595 596 927942
596 597 863884
597 598 576477
598 599 749438
599 600 665195
600 601 289093
601 602 276601
602 603 734710
603 604 43658
604 605 363117
605 606 20510
606 607 768535
607 608 32064
608 609 908633
609 610 523148
610 611 90337
611 612 797697
612 613 535303
613 614 458558
614 615 724831
615 616 474973
616 617 636701
617 618 732201
618 619 850277
619 620 560509
620 621 369967
621 622 890810
622 623 54356
623 624 429796
624 625 628407
625 626 984026
626 627 687571
627 628 534960
628 629 229340
629 630 269226
630 631 232916
631 632 103448
632 633 186094
633 634 371081
634 635 370071
635 636 129581
636 637 835813
637 638 307595
638 639 992159
639 640 116827
640 641 533735
641 642 131329
642 643 960640
643 644 417702
644 645 119936
645 646 966453
646 647 413971
647 648 489007
648 649 31913
649 650 529196
650 651 330429
651 652 814191
652 653 896835
653 654 102820
654 655 661294
655 656 265592
656 657 802459
657 658 219413
658 659 354845
659 660 530361
660 661 475750
661 662 282418
662 663 868302
663 664 439928
664 665 45955
665 666 905894
666 667 780110
667 668 710935
668 669 605053
669 670 657561
670 671 460339
671 672 178193
672 673 336904
673 674 929899
674 675 666398
675 676 413627
676 677 687553
677 678 610997
678 679 531258
679 680 684357
680 681 294897
681 682 860556
682 683 594492
683 684 957241
684 685 679560
685 686 518143
686 687 642658
687 688 332536
688 689 390883
689 690 594070
690 691 344246
691 692 106305
692 693 724039
693 694 190611
694 695 832906
695 696 397292
696 697 777317
697 698 545202
698 699 836347
699 700 504360
700 701 787670
701 702 422506
702 703 781105
703 704 857667
704 705 8159
705 706 587371
706 707 196826
707 708 822240
708 709 532844
709 710 509023
710 711 748915
711 712 747007
712 713 467477
713 714 680875
714 715 451841
715 716 223674
716 717 381277
717 718 235565
718 719 996881
719 720 227972
720 721 934576
721 722 791677
722 723 10558
723 724 815210
724 725 953122
725 726 378797
726 727 876649
727 728 419283
728 729 13684
729 730 120139
730 731 201216
731 732 879490
732 733 501648
733 734 5596
734 735 438073
735 736 531152
736 737 210442
737 738 544288
738 739 525013
739 740 511092
740 741 643294
741 742 222098
742 743 75808
743 744 644732
744 745 732598
745 746 252135
746 747 828781
747 748 993683
748 749 325219
749 750 513931
750 751 932891
751 752 274427
752 753 74657
753 754 394665
754 755 516628
755 756 636498
756 757 674965
757 758 915234
758 759 299595
759 760 184206
760 761 979344
761 762 128338
762 763 452411
763 764 15746
764 765 731210
765 766 403535
766 767 932588
767 768 237721
768 769 872361
769 770 502507
770 771 609455
771 772 528984
772 773 511610
773 774 237935
774 775 507166
775 776 650653
776 777 82484
777 778 982496
778 779 554847
779 780 251300
780 781 884858
781 782 744124
782 783 926368
783 784 817790
784 785 800535
785 786 669243
786 787 582169
787 788 643097
788 789 570305
789 790 165071
790 791 983503
791 792 680701
792 793 914648
793 794 723046
794 795 507533
795 796 467787
796 797 416357
797 798 235493
798 799 27754
799 800 316094
800 801 336989
801 802 955308
802 803 376711
803 804 499435
804 805 727710
805 806 155158
806 807 651920
807 808 717698
808 809 503982
809 810 469815
810 811 907256
811 812 899660
812 813 676097
813 814 66846
814 815 604671
815 816 505452
816 817 661361
817 818 787602
818 819 67117
819 820 772000
820 821 252869
821 822 959383
822 823 514645
823 824 769984
824 825 935724
825 826 362664
826 827 513301
827 828 557435
828 829 107265
829 830 9468
830 831 5330
831 832 138270
832 833 169478
833 834 589506
834 835 600510
835 836 367630
836 837 855467
837 838 198502
838 839 637844
839 840 367690
840 841 124165
841 842 900812
842 843 138840
843 844 248108
844 845 858073
845 846 348242
846 847 2968
847 848 817062
848 849 103824
849 850 385103
850 851 908271
851 852 819655
852 853 636866
853 854 429336
854 855 95487
855 856 774326
856 857 173806
857 858 198903
858 859 407220
859 860 283187
860 861 526525
861 862 364468
862 863 857861
863 864 407642
864 865 337476
865 866 295566
866 867 563188
867 868 855649
868 869 801600
869 870 976960
870 871 997258
871 872 122454
872 873 631193
873 874 312574
874 875 646110
875 876 852195
876 877 364257
877 878 418359
878 879 833613
879 880 160524
880 881 979412
881 882 148818
882 883 731328
883 884 54830
884 885 143384
885 886 561459
886 887 991275
887 888 967679
888 889 51708
889 890 725237
890 891 382345
891 892 3218
892 893 929914
893 894 48366
894 895 569891
895 896 815313
896 897 254262
897 898 245936
898 899 404936
899 900 588739
900 901 39038
901 902 690180
902 903 760020
903 904 106949
904 905 962761
905 906 954990
906 907 586539
907 908 989459
908 909 710842
909 910 287598
910 911 315260
911 912 297854
912 913 271389
913 914 615547
914 915 763968
915 916 76980
916 917 469478
917 918 778951
918 919 818105
919 920 752124
920 921 976246
921 922 251839
922 923 450422
923 924 706105
924 925 229015
925 926 362506
926 927 600779
927 928 299301
928 929 393661
929 930 747847
930 931 798747
931 932 430677
932 933 797828
933 934 681233
934 935 541648
935 936 836856
936 937 52918
937 938 470588
938 939 12446
939 940 730201
940 941 909188
941 942 142166
942 943 418309
943 944 747419
944 945 437066
945 946 547113
946 947 83726
947 948 851001
948 949 982413
949 950 467893
950 951 907851
951 952 918093
952 953 515133
953 954 467256
954 955 421528
955 956 758152
956 957 673205
957 958 65767
958 959 139422
959 960 659379
960 961 704632
961 962 927348
962 963 812364
963 964 480310
964 965 274996
965 966 448264
966 967 408478
967 968 535759
968 969 484160
969 970 437127
970 971 943256
971 972 968536
972 973 202590
973 974 264337
974 975 503626
975 976 407491
976 977 70459
977 978 797820
978 979 310539
979 980 183711
980 981 389164
981 982 572637
982 983 224766
983 984 434194
984 985 307377
985 986 5246
986 987 793554
987 988 165342
988 989 26356
989 990 883110
990 991 550716
991 992 379230
992 993 794440
993 994 298710
994 995 680252
995 996 886919
996 997 280043
997 998 663880
998 999 216479
999 1000 621801
1000 1001 910854
1001 1002 646640
1002 1003 757369
1003 1004 421166
1004 1005 508585
1005 1006 349116
1006 1007 73384
1007 1008 873879
1008 1009 248594
1009 1010 220182
1010 1011 307030
1011 1012 782916
1012 1013 104165
1013 1014 238750
1014 1015 552437
1015 1016 227434
1016 1017 772594
1017 1018 10098
1018 1019 375362
1019 1020 875932
1020 1021 512307
1021 1022 158951
1022 1023 271236
1023 1024 557380
1024 1025 185549
1025 1026 928462
1026 1027 339211
1027 1028 812584
1028 1029 481164
1029 1030 105330
1030 1031 263539
1031 1032 872295
1032 1033 853097
1033 1034 878806
1034 1035 394144
1035 1036 750715
1036 1037 436933
1037 1038 365306
1038 1039 670338
1039 1040 810807
1040 1041 605805
1041 1042 737364
1042 1043 126480
1043 1044 59848
1044 1045 172053
1045 1046 661657
1046 1047 628750
1047 1048 455606
1048 1049 942495
1049 1050 150771
1050 1051 688969
1051 1052 819681
1052 1053 833875
1053 1054 170569
1054 1055 231766
1055 1056 529093
1056 1057 991206
1057 1058 73852
1058 1059 239641
1059 1060 284280
1060 1061 979125
1061 1062 327654
1062 1063 259386
1063 1064 324969
1064 1065 844616
1065 1066 302043
1066 1067 517934
1067 1068 155041
1068 1069 80721
1069 1070 349609
1070 1071 478646
1071 1072 745411
1072 1073 978412
1073 1074 58905
1074 1075 712025
1075 1076 836876
1076 1077 379615
1077 1078 169581
1078 1079 102058
1079 1080 827797
1080 1081 531417
1081 1082 414050
1082 1083 729734
1083 1084 816142
1084 1085 404276
1085 1086 34733
1086 1087 298388
1087 1088 294851
1088 1089 866676
1089 1090 242559
1090 1091 257540
1091 1092 547608
1092 1093 597511
1093 1094 947395
1094 1095 953555
1095 1096 86094
1096 1097 169988
1097 1098 580508
1098 1099 10755
1099 1100 872062
1100 1101 985006
1101 1102 916330
1102 1103 307749
1103 1104 785242
1104 1105 639280
1105 1106 293443
1106 1107 9616
1107 1108 143728
1108 1109 401633
1109 1110 863675
1110 1111 420584
1111 1112 535272
1112 1113 897535
1113 1114 442462
1114 1115 128282
1115 1116 68483
1116 1117 238965
1117 1118 926643
1118 1119 46364
1119 1120 679964
1120 1121 247382
1121 1122 386424
1122 1123 612655
1123 1124 489704
1124 1125 153121
1125 1126 90474
1126 1127 46494
1127 1128 854967
1128 1129 691325
1129 1130 616700
1130 1131 37118
1131 1132 614322
1132 1133 60348
1133 1134 148124
1134 1135 194286
1135 1136 635485
1136 1137 837785
1137 1138 826867
1138 1139 214806
1139 1140 830740
1140 1141 367419
1141 1142 556643
1142 1143 419689
1143 1144 308879
1144 1145 77042
1145 1146 809608
1146 1147 344996
1147 1148 35423
1148 1149 800439
1149 1150 728186
1150 1151 204878
1151 1152 542512
1152 1153 1773
1153 1154 506567
1154 1155 812472
1155 1156 92551
1156 1157 785124
1157 1158 221306
1158 1159 508925
1159 1160 592451
1160 1161 649810
1161 1162 47641
1162 1163 94528
1163 1164 611550
1164 1165 187290
1165 1166 9056
1166 1167 556082
1167 1168 58475
1168 1169 426119
1169 1170 356936
1170 1171 721098
1171 1172 109271
1172 1173 43022
1173 1174 779204
1174 1175 580173
1175 1176 499945
1176 1177 204689
1177 1178 359552
1178 1179 379910
1179 1180 840451
1180 1181 825753
1181 1182 21602
1182 1183 686732
1183 1184 284704
1184 1185 152025
1185 1186 815499
1186 1187 558656
1187 1188 55766
1188 1189 289775
1189 1190 914453
1190 1191 254669
1191 1192 175188
1192 1193 780516
1193 1194 230291
1194 1195 938345
1195 1196 212770
1196 1197 529320
1197 1198 297109
1198 1199 750032
1199 1200 312805
1200 1201 538841
1201 1202 130467
1202 1203 110926
1203 1204 103193
1204 1205 225466
1205 1206 359679
1206 1207 765555
1207 1208 574551
1208 1209 695806
1209 1210 57702
1210 1211 144797
1211 1212 4175
1212 1213 714172
1213 1214 225037
1214 1215 167924
1215 1216 799884
1216 1217 212985
1217 1218 51557
1218 1219 127911
1219 1220 727349
1220 1221 478628
1221 1222 850904
1222 1223 287729
1223 1224 586695
1224 1225 271634
1225 1226 555212
1226 1227 344152
1227 1228 897245
1228 1229 70472
1229 1230 708061
1230 1231 816618
1231 1232 906090
1232 1233 460015
1233 1234 100004
1234 1235 911039
1235 1236 829308
1236 1237 931167
1237 1238 358836
1238 1239 259836
1239 1240 575928
1240 1241 713046
1241 1242 275737
1242 1243 415884
1243 1244 945442
1244 1245 459392
1245 1246 839449
1246 1247 269542
1247 1248 677652
1248 1249 808558
1249 1250 57780
1250 1251 458956
1251 1252 80771
1252 1253 587424
1253 1254 1766
1254 1255 53895
1255 1256 953087
1256 1257 893182
1257 1258 337889
1258 1259 620589
1259 1260 616048
1260 1261 377752
1261 1262 459477
1262 1263 706717
1263 1264 121244
1264 1265 984107
1265 1266 190058
1266 1267 650752
1267 1268 273566
1268 1269 987868
1269 1270 51074
1270 1271 344903
1271 1272 449006
1272 1273 825852
1273 1274 860857
1274 1275 940657
1275 1276 472861
1276 1277 776260
1277 1278 711334
1278 1279 269635
1279 1280 258327
1280 1281 656728
1281 1282 167961
1282 1283 950159
1283 1284 843040
1284 1285 879878
1285 1286 399261
1286 1287 399984
1287 1288 896985
1288 1289 745733
1289 1290 279285
1290 1291 171466
1291 1292 647867
1292 1293 165624
1293 1294 68640
1294 1295 808140
1295 1296 493145
1296 1297 717418
1297 1298 172950
1298 1299 124527
1299 1300 279583
1300 1301 864018
1301 1302 719690
1302 1303 427637
1303 1304 347670
1304 1305 637454
1305 1306 708840
1306 1307 842221
1307 1308 239711
1308 1309 641257
1309 1310 155030
1310 1311 354539
1311 1312 133877
1312 1313 867286
1313 1314 940660
1314 1315 303122
1315 1316 440174
1316 1317 347636
1317 1318 452317
1318 1319 461003
1319 1320 448248
1320 1321 73034
1321 1322 726246
1322 1323 750605
1323 1324 959773
1324 1325 809929
1325 1326 521948
1326 1327 559061
1327 1328 386817
1328 1329 226319
1329 1330 452488
1330 1331 300204
1331 1332 384608
1332 1333 607328
1333 1334 412395
1334 1335 495270
1335 1336 708627
1336 1337 480301
1337 1338 615300
1338 1339 856223
1339 1340 946953
1340 1341 201614
1341 1342 317191
1342 1343 875773
1343 1344 603984
1344 1345 633225
1345 1346 707685
1346 1347 926387
1347 1348 54027
1348 1349 942411
1349 1350 394184
1350 1351 602745
1351 1352 358970
1352 1353 210987
1353 1354 166229
1354 1355 155862
1355 1356 429367
1356 1357 11947
1357 1358 341354
1358 1359 832409
1359 1360 958837
1360 1361 896504
1361 1362 183199
1362 1363 830105
1363 1364 786945
1364 1365 176423
1365 1366 420487
1366 1367 437625
1367 1368 512451
1368 1369 943864
1369 1370 260781
1370 1371 250088
1371 1372 192059
1372 1373 697300
1373 1374 643161
1374 1375 794330
1375 1376 2118
1376 1377 620752
1377 1378 535946
1378 1379 286610
1379 1380 578711
1380 1381 645034
1381 1382 790588
1382 1383 945178
1383 1384 368128
1384 1385 169864
1385 1386 980129
1386 1387 59911
1387 1388 722985
1388 1389 66942
1389 1390 505257
1390 1391 343735
1391 1392 938325
1392 1393 853382
1393 1394 450492
1394 1395 189652
1395 1396 914082
1396 1397 234695
1397 1398 670587
1398 1399 818575
1399 1400 557318
1400 1401 828432
1401 1402 745924
1402 1403 159527
1403 1404 729044
1404 1405 887579
1405 1406 630637
1406 1407 772578
1407 1408 341623
1408 1409 576077
1409 1410 64454
1410 1411 192400
1411 1412 474612
1412 1413 446898
1413 1414 668697
1414 1415 208013
1415 1416 882922
1416 1417 509123
1417 1418 963499
1418 1419 549118
1419 1420 799058
1420 1421 579553
1421 1422 602106
1422 1423 311696
1423 1424 904448
1424 1425 981208
1425 1426 174462
1426 1427 768765
1427 1428 942818
1428 1429 712351
1429 1430 791786
1430 1431 713544
1431 1432 953022
1432 1433 442132
1433 1434 766569
1434 1435 536829
1435 1436 285685
1436 1437 165955
1437 1438 526435
1438 1439 916916
1439 1440 849732
1440 1441 321117
1441 1442 754679
1442 1443 146957
1443 1444 401408
1444 1445 259138
1445 1446 51776
1446 1447 303155
1447 1448 879639
1448 1449 930553
1449 1450 536147
1450 1451 182171
1451 1452 271059
1452 1453 149493
1453 1454 427900
1454 1455 93763
1455 1456 645527
1456 1457 660751
1457 1458 47238
1458 1459 913845
1459 1460 78881
1460 1461 541072
1461 1462 896562
1462 1463 912707
1463 1464 187144
1464 1465 795366
1465 1466 661628
1466 1467 395082
1467 1468 56510
1468 1469 247275
1469 1470 275290
1470 1471 928881
1471 1472 53261
1472 1473 742179
1473 1474 345662
1474 1475 980713
1475 1476 692763
1476 1477 827196
1477 1478 23825
1478 1479 204588
1479 1480 417447
1480 1481 290509
1481 1482 829432
1482 1483 190591
1483 1484 919627
1484 1485 654809
1485 1486 697233
1486 1487 145074
1487 1488 604090
1488 1489 737099
1489 1490 888820
1490 1491 471196
1491 1492 232193
1492 1493 109177
1493 1494 122803
1494 1495 457569
1495 1496 179463
1496 1497 785827
1497 1498 564252
1498 1499 715374
1499 1500 805966
1500 1501 120243
1501 1502 983667
1502 1503 461177
1503 1504 220337
1504 1505 373629
1505 1506 584379
1506 1507 656003
1507 1508 51110
1508 1509 321341
1509 1510 593132
1510 1511 5271
1511 1512 683964
1512 1513 781597
1513 1514 430843
1514 1515 394634
1515 1516 696475
1516 1517 407150
1517 1518 309718
1518 1519 446586
1519 1520 234504
1520 1521 270827
1521 1522 469671
1522 1523 51729
1523 1524 400800
1524 1525 266683
1525 1526 96078
1526 1527 933890
1527 1528 372057
1528 1529 847534
1529 1530 279593
1530 1531 344392
1531 1532 450758
1532 1533 277373
1533 1534 837326
1534 1535 660523
1535 1536 676881
1536 1537 35211
1537 1538 712461
1538 1539 936444
1539 1540 791937
1540 1541 824616
1541 1542 203824
1542 1543 65301
1543 1544 694324
1544 1545 802186
1545 1546 333883
1546 1547 780571
1547 1548 877859
1548 1549 323411
1549 1550 195886
1550 1551 898238
1551 1552 638434
1552 1553 504720
1553 1554 986432
1554 1555 739765
1555 1556 15070
1556 1557 928310
1557 1558 568675
1558 1559 57029
1559 1560 628575
1560 1561 628261
1561 1562 89733
1562 1563 515000
1563 1564 335685
1564 1565 867751
1565 1566 125130
1566 1567 320872
1567 1568 652685
1568 1569 46831
1569 1570 232916
1570 1571 482291
1571 1572 509515
1572 1573 506203
1573 1574 631037
1574 1575 523781
1575 1576 395951
1576 1577 41075
1577 1578 64537
1578 1579 614291
1579 1580 69570
1580 1581 663850
1581 1582 967671
1582 1583 546844
1583 1584 760039
1584 1585 92378
1585 1586 626142
1586 1587 353704
1587 1588 103644
1588 1589 442314
1589 1590 950930
1590 1591 605834
1591 1592 192440
1592 1593 435753
1593 1594 720782
1594 1595 835744
1595 1596 456941
1596 1597 91985
1597 1598 883656
1598 1599 629071
1599 1600 97604
1600 1601 491654
1601 1602 231858
1602 1603 866441
1603 1604 196581
1604 1605 631927
1605 1606 496117
1606 1607 291848
1607 1608 731406
1608 1609 849849
1609 1610 254389
1610 1611 503314
1611 1612 364057
1612 1613 86417
1613 1614 987410
1614 1615 325877
1615 1616 317240
1616 1617 975208
1617 1618 625186
1618 1619 871433
1619 1620 183034
1620 1621 33238
1621 1622 813242
1622 1623 256499
1623 1624 808837
1624 1625 883929
1625 1626 438884
1626 1627 550878
1627 1628 416731
1628 1629 766620
1629 1630 599784
1630 1631 505537
1631 1632 715479
1632 1633 76979
1633 1634 144133
1634 1635 774109
1635 1636 483055
1636 1637 993435
1637 1638 898677
1638 1639 520510
1639 1640 387057
1640 1641 275644
1641 1642 498862
1642 1643 272695
1643 1644 216071
1644 1645 373928
1645 1646 185502
1646 1647 264168
1647 1648 932597
1648 1649 960219
1649 1650 567852
1650 1651 291961
1651 1652 99800
1652 1653 421818
1653 1654 456316
1654 1655 104414
1655 1656 658982
1656 1657 667606
1657 1658 156904
1658 1659 896210
1659 1660 386034
1660 1661 295016
1661 1662 607177
1662 1663 545438
1663 1664 940198
1664 1665 544788
1665 1666 209517
1666 1667 662353
1667 1668 693960
1668 1669 620328
1669 1670 356256
1670 1671 348102
1671 1672 491768
1672 1673 240923
1673 1674 843557
1674 1675 305123
1675 1676 693870
1676 1677 295440
1677 1678 417916
1678 1679 63254
1679 1680 121598
1680 1681 509842
1681 1682 199324
1682 1683 557976
1683 1684 694869
1684 1685 563543
1685 1686 182775
1686 1687 50731
1687 1688 475898
1688 1689 882368
1689 1690 934778
1690 1691 317661
1691 1692 408016
1692 1693 663508
1693 1694 205643
1694 1695 363013
1695 1696 774480
1696 1697 221642
1697 1698 139147
1698 1699 412162
1699 1700 122321
1700 1701 150141
1701 1702 850580
1702 1703 230721
1703 1704 316226
1704 1705 821815
1705 1706 573050
1706 1707 402933
1707 1708 386475
1708 1709 173545
1709 1710 960459
1710 1711 589470
1711 1712 817458
1712 1713 953390
1713 1714 786385
1714 1715 215045
1715 1716 614097
1716 1717 652621
1717 1718 254028
1718 1719 570172
1719 1720 280994
1720 1721 440630
1721 1722 896185
1722 1723 921567
1723 1724 440085
1724 1725 829057
1725 1726 341008
1726 1727 236567
1727 1728 930934
1728 1729 460468
1729 1730 212671
1730 1731 470163
1731 1732 571818
1732 1733 188732
1733 1734 420978
1734 1735 691151
1735 1736 220143
1736 1737 371248
1737 1738 174668
1738 1739 610767
1739 1740 819873
1740 1741 361682
1741 1742 570093
1742 1743 901154
1743 1744 778737
1744 1745 308495
1745 1746 306795
1746 1747 111073
1747 1748 908270
1748 1749 411068
1749 1750 749850
1750 1751 426094
1751 1752 415230
1752 1753 400281
1753 1754 679559
1754 1755 507960
1755 1756 908002
1756 1757 29327
1757 1758 952694
1758 1759 260595
1759 1760 999351
1760 1761 478963
1761 1762 175081
1762 1763 753954
1763 1764 686322
1764 1765 34562
1765 1766 909721
1766 1767 945103
1767 1768 959841
1768 1769 770789
1769 1770 879164
1770 1771 187022
1771 1772 876974
1772 1773 550508
1773 1774 796479
1774 1775 555455
1775 1776 332508
1776 1777 730260
1777 1778 851468
1778 1779 477387
1779 1780 3914
1780 1781 610115
1781 1782 355523
1782 1783 255588
1783 1784 463533
1784 1785 117256
1785 1786 106817
1786 1787 435463
1787 1788 129431
1788 1789 534109
1789 1790 269149
1790 1791 769850
1791 1792 20084
1792 1793 314087
1793 1794 881832
1794 1795 258256
1795 1796 408329
1796 1797 196402
1797 1798 332330
1798 1799 868130
1799 1800 389494
1800 1801 124215
1801 1802 819626
1802 1803 898837
1803 1804 474354
1804 1805 181271
1805 1806 364516
1806 1807 991640
1807 1808 596307
1808 1809 69598
1809 1810 331665
1810 1811 332388
1811 1812 853445
1812 1813 804035
1813 1814 935461
1814 1815 331324
1815 1816 468687
1816 1817 407012
1817 1818 935306
1818 1819 753772
1819 1820 680596
1820 1821 82572
1821 1822 156903
1822 1823 387148
1823 1824 929421
1824 1825 213167
1825 1826 904604
1826 1827 659708
1827 1828 586769
1828 1829 83434
1829 1830 760325
1830 1831 625511
1831 1832 52494
1832 1833 527173
1833 1834 754869
1834 1835 382722
1835 1836 303439
1836 1837 718002
1837 1838 154810
1838 1839 53707
1839 1840 386294
1840 1841 444813
1841 1842 743773
1842 1843 374796
1843 1844 33152
1844 1845 341403
1845 1846 351584
1846 1847 540951
1847 1848 874374
1848 1849 806541
1849 1850 532735
1850 1851 936649
1851 1852 820920
1852 1853 338876
1853 1854 479922
1854 1855 259977
1855 1856 610401
1856 1857 657836
1857 1858 142631
1858 1859 470599
1859 1860 633128
1860 1861 597515
1861 1862 37769
1862 1863 121727
1863 1864 848522
1864 1865 217904
1865 1866 617534
1866 1867 85621
1867 1868 312099
1868 1869 515486
1869 1870 942690
1870 1871 571385
1871 1872 551780
1872 1873 450752
1873 1874 268238
1874 1875 58786
1875 1876 443867
1876 1877 263916
1877 1878 680853
1878 1879 313556
1879 1880 599472
1880 1881 857890
1881 1882 388867
1882 1883 564540
1883 1884 954147
1884 1885 559820
1885 1886 697182
1886 1887 653328
1887 1888 845777
1888 1889 773949
1889 1890 787111
1890 1891 234193
1891 1892 848430
1892 1893 585204
1893 1894 955095
1894 1895 926154
1895 1896 147466
1896 1897 121240
1897 1898 863268
1898 1899 274192
1899 1900 807054
1900 1901 317114
1901 1902 351803
1902 1903 468161
1903 1904 604734
1904 1905 635928
1905 1906 507845
1906 1907 654407
1907 1908 468150
1908 1909 533078
1909 1910 294180
1910 1911 273108
1911 1912 239086
1912 1913 885444
1913 1914 385716
1914 1915 602981
1915 1916 344055
1916 1917 313565
1917 1918 913228
1918 1919 734273
1919 1920 284221
1920 1921 74691
1921 1922 316988
1922 1923 859001
1923 1924 355077
1924 1925 85958
1925 1926 228751
1926 1927 522279
1927 1928 546222
1928 1929 761628
1929 1930 133576
1930 1931 843568
1931 1932 733041
1932 1933 121383
1933 1934 372966
1934 1935 625668
1935 1936 934435
1936 1937 126260
1937 1938 608033
1938 1939 125402
1939 1940 775280
1940 1941 675768
1941 1942 525996
1942 1943 131127
1943 1944 175583
1944 1945 701331
1945 1946 557747
1946 1947 252773
1947 1948 765586
1948 1949 589454
1949 1950 791836
1950 1951 815997
1951 1952 709764
1952 1953 549278
1953 1954 686088
1954 1955 532896
1955 1956 652042
1956 1957 198752
1957 1958 893008
1958 1959 300279
1959 1960 565461
1960 1961 790493
1961 1962 286345
1962 1963 5432
1963 1964 620076
1964 1965 678661
1965 1966 785346
1966 1967 320610
1967 1968 995380
1968 1969 73141
1969 1970 824067
1970 1971 64637
1971 1972 442089
1972 1973 437939
1973 1974 585998
1974 1975 927708
1975 1976 836260
1976 1977 993518
1977 1978 5599
1978 1979 675292
1979 1980 63252
1980 1981 550912
1981 1982 570221
1982 1983 199012
1983 1984 109767
1984 1985 397293
1985 1986 554408
1986 1987 670757
1987 1988 877792
1988 1989 873124
1989 1990 444603
1990 1991 673945
1991 1992 281823
1992 1993 857786
1993 1994 996937
1994 1995 478662
1995 1996 667487
1996 1997 394035
1997 1998 713841
1998 1999 407802
1999 2000 729488
2000 2001 210299
2001 2002 126091
2002 2003 240845
2003 2004 822275
2004 2005 867238
2005 2006 138986
2006 2007 820260
2007 2008 810588
2008 2009 969462
2009 2010 443033
2010 2011 35626
2011 2012 481055
2012 2013 39187
2013 2014 369184
2014 2015 902486
2015 2016 484645
2016 2017 612369
2017 2018 882175
2018 2019 207913
2019 2020 139813
2020 2021 882671
2021 2022 887919
2022 2023 114735
2023 2024 726318
2024 2025 979476
2025 2026 334118
2026 2027 87675
2027 2028 435369
2028 2029 334226
2029 2030 414416
2030 2031 982381
2031 2032 432793
2032 2033 300773
2033 2034 115096
2034 2035 542829
2035 2036 408859
2036 2037 393714
2037 2038 313631
2038 2039 904814
2039 2040 406248
2040 2041 740554
2041 2042 387137
2042 2043 972078
2043 2044 280080
2044 2045 609638
2045 2046 297045
2046 2047 247474
2047 2048 368255
2048 2049 481002
2049 2050 975851
2050 2051 425356
2051 2052 665914
2052 2053 869348
2053 2054 349773
2054 2055 227222
2055 2056 721504
2056 2057 442891
2057 2058 173312
2058 2059 757942
2059 2060 983082
2060 2061 716226
2061 2062 724610
2062 2063 244186
2063 2064 657645
2064 2065 473236
2065 2066 216331
2066 2067 43643
2067 2068 92692
2068 2069 598519
2069 2070 530446
2070 2071 494619
2071 2072 974504
2072 2073 583883
2073 2074 418934
2074 2075 736328
2075 2076 74634
2076 2077 938842
2077 2078 732907
2078 2079 523929
2079 2080 840053
2080 2081 623383
2081 2082 889613
2082 2083 83309
2083 2084 182526
2084 2085 219937
2085 2086 231477
2086 2087 721393
2087 2088 301653
2088 2089 107711
2089 2090 376056
2090 2091 302168
2091 2092 317315
2092 2093 464354
2093 2094 240229
2094 2095 121058
2095 2096 430764
2096 2097 179112
2097 2098 268932
2098 2099 349527
2099 2100 572876
2100 2101 177877
2101 2102 391062
2102 2103 66443
2103 2104 762043
2104 2105 610457
2105 2106 996825
2106 2107 147674
2107 2108 121323
2108 2109 607247
2109 2110 580995
2110 2111 607722
2111 2112 41830
2112 2113 168441
2113 2114 44356
2114 2115 174829
2115 2116 283986
2116 2117 915207
2117 2118 301062
2118 2119 104030
2119 2120 999407
2120 2121 574415
2121 2122 174190
2122 2123 686209
2123 2124 683156
2124 2125 914323
2125 2126 825434
2126 2127 882533
2127 2128 60983
2128 2129 180096
2129 2130 715682
2130 2131 778275
2131 2132 807844
2132 2133 665003
2133 2134 734040
2134 2135 346205
2135 2136 313090
2136 2137 161427
2137 2138 23818
2138 2139 596162
2139 2140 691540
2140 2141 633828
2141 2142 83773
2142 2143 719942
2143 2144 118259
2144 2145 247088
2145 2146 799281
2146 2147 158572
2147 2148 197462
2148 2149 928949
2149 2150 876577
2150 2151 999805
2151 2152 118475
2152 2153 90971
2153 2154 98625
2154 2155 184720
2155 2156 690941
2156 2157 318772
2157 2158 732416
2158 2159 81794
2159 2160 461614
2160 2161 471101
2161 2162 72773
2162 2163 669245
2163 2164 457403
2164 2165 420569
2165 2166 835124
2166 2167 27442
2167 2168 143837
2168 2169 535514
2169 2170 538536
2170 2171 171680
2171 2172 356900
2172 2173 353209
2173 2174 105336
2174 2175 173645
2175 2176 676604
2176 2177 906331
2177 2178 547955
2178 2179 426825
2179 2180 994921
2180 2181 229708
2181 2182 184358
2182 2183 851440
2183 2184 946124
2184 2185 946948
2185 2186 971794
2186 2187 114086
2187 2188 26653
2188 2189 348519
2189 2190 782968
2190 2191 558554
2191 2192 206704
2192 2193 128190
2193 2194 498895
2194 2195 782277
2195 2196 785843
2196 2197 635456
2197 2198 892617
2198 2199 671658
2199 2200 319403
2200 2201 716686
2201 2202 643668
2202 2203 41301
2203 2204 592124
2204 2205 497904
2205 2206 575637
2206 2207 138974
2207 2208 371168
2208 2209 989146
2209 2210 160556
2210 2211 17893
2211 2212 804972
2212 2213 573739
2213 2214 283956
2214 2215 358101
2215 2216 671952
2216 2217 746538
2217 2218 923585
2218 2219 178082
2219 2220 28629
2220 2221 569033
2221 2222 617889
2222 2223 57229
2223 2224 728414
2224 2225 444196
2225 2226 457566
2226 2227 162972
2227 2228 944105
2228 2229 276992
2229 2230 65208
2230 2231 513956
2231 2232 180173
2232 2233 319182
2233 2234 702381
2234 2235 776065
2235 2236 734140
2236 2237 371623
2237 2238 860467
2238 2239 968410
2239 2240 744512
2240 2241 893839
2241 2242 186810
2242 2243 19807
2243 2244 643326
2244 2245 440243
2245 2246 480491
2246 2247 282444
2247 2248 954296
2248 2249 307693
2249 2250 367149
2250 2251 225125
2251 2252 149444
2252 2253 265469
2253 2254 463965
2254 2255 866042
2255 2256 500440
2256 2257 22223
2257 2258 937427
2258 2259 736738
2259 2260 775872
2260 2261 750777
2261 2262 208033
2262 2263 878273
2263 2264 181859
2264 2265 440187
2265 2266 114196
2266 2267 192771
2267 2268 296835
2268 2269 572479
2269 2270 159475
2270 2271 210016
2271 2272 986747
2272 2273 354328
2273 2274 898813
2274 2275 478232
2275 2276 69377
2276 2277 883524
2277 2278 480365
2278 2279 434422
2279 2280 64291
2280 2281 966764
2281 2282 781879
2282 2283 798927
2283 2284 194251
2284 2285 560097
2285 2286 508361
2286 2287 778690
2287 2288 816445
2288 2289 844766
2289 2290 50253
2290 2291 195830
2291 2292 259605
2292 2293 112202
2293 2294 14819
2294 2295 737440
2295 2296 209804
2296 2297 172532
2297 2298 343849
2298 2299 657405
2299 2300 158002
2300 2301 714263
2301 2302 683189
2302 2303 366993
2303 2304 211634
2304 2305 190741
2305 2306 984214
2306 2307 960048
2307 2308 25042
2308 2309 705918
2309 2310 940632
2310 2311 280627
2311 2312 10482
2312 2313 776008
2313 2314 428670
2314 2315 821568
2315 2316 824138
2316 2317 666901
2317 2318 115080
2318 2319 427780
2319 2320 425134
2320 2321 315314
2321 2322 83693
2322 2323 763129
2323 2324 56651
2324 2325 440148
2325 2326 820831
2326 2327 505187
2327 2328 765673
2328 2329 728346
2329 2330 990795
2330 2331 587596
2331 2332 703976
2332 2333 536272
2333 2334 634264
2334 2335 904717
2335 2336 388165
2336 2337 199144
2337 2338 330661
2338 2339 492486
2339 2340 258772
2340 2341 42112
2341 2342 905549
2342 2343 67683
2343 2344 381572
2344 2345 318368
2345 2346 136548
2346 2347 792791
2347 2348 442720
2348 2349 446074
2349 2350 913400
2350 2351 952865
2351 2352 282186
2352 2353 731818
2353 2354 586962
2354 2355 856075
2355 2356 246528
2356 2357 9590
2357 2358 411381
2358 2359 660135
2359 2360 960537
2360 2361 791885
2361 2362 527003
2362 2363 331987
2363 2364 544262
2364 2365 852425
2365 2366 290045
2366 2367 779892
2367 2368 129363
2368 2369 833070
2369 2370 4937
2370 2371 677243
2371 2372 291557
2372 2373 465194
2373 2374 614315
2374 2375 418085
2375 2376 112379
2376 2377 102677
2377 2378 888198
2378 2379 574836
2379 2380 791790
2380 2381 571440
2381 2382 81210
2382 2383 926969
2383 2384 403698
2384 2385 722600
2385 2386 454813
2386 2387 68811
2387 2388 770709
2388 2389 381521
2389 2390 767748
2390 2391 869263
2391 2392 83069
2392 2393 883436
2393 2394 753081
2394 2395 741743
2395 2396 902124
2396 2397 601891
2397 2398 660035
2398 2399 293
2399 2400 942525
2400 2401 537610
2401 2402 270371
2402 2403 14063
2403 2404 594981
2404 2405 486366
2405 2406 586259
2406 2407 265753
2407 2408 954932
2408 2409 402375
2409 2410 895111
2410 2411 648760
2411 2412 191828
2412 2413 663447
2413 2414 679021
2414 2415 663403
2415 2416 132998
2416 2417 50889
2417 2418 175662
2418 2419 28698
2419 2420 889257
2420 2421 315013
2421 2422 713644
2422 2423 701241
2423 2424 833269
2424 2425 409048
2425 2426 570244
2426 2427 884931
2427 2428 340153
2428 2429 814846
2429 2430 594955
2430 2431 155392
2431 2432 225570
2432 2433 963738
2433 2434 884627
2434 2435 50817
2435 2436 251574
2436 2437 715450
2437 2438 268324
2438 2439 747681
2439 2440 172434
2440 2441 405141
2441 2442 252165
2442 2443 419267
2443 2444 622385
2444 2445 487822
2445 2446 561650
2446 2447 657176
2447 2448 614758
2448 2449 321712
2449 2450 143781
2450 2451 162648
2451 2452 454877
2452 2453 566449
2453 2454 694927
2454 2455 584901
2455 2456 171488
2456 2457 864177
2457 2458 694429
2458 2459 259373
2459 2460 280590
2460 2461 419706
2461 2462 513653
2462 2463 977191
2463 2464 660004
2464 2465 26879
2465 2466 52792
2466 2467 383698
2467 2468 431221
2468 2469 913310
2469 2470 602815
2470 2471 453402
2471 2472 518323
2472 2473 624608
2473 2474 170464
2474 2475 663605
2475 2476 59622
2476 2477 286262
2477 2478 897513
2478 2479 152736
2479 2480 894641
2480 2481 346811
2481 2482 92321
2482 2483 998756
2483 2484 15633
2484 2485 641334
2485 2486 391883
2486 2487 471060
2487 2488 903519
2488 2489 179222
2489 2490 3811
2490 2491 512846
2491 2492 296587
2492 2493 399286
2493 2494 64864
2494 2495 20855
2495 2496 830496
2496 2497 802200
2497 2498 107059
2498 2499 511489
2499 2500 25029
2500 2501 697771
2501 2502 671236
2502 2503 713127
2503 2504 716984
2504 2505 786887
2505 2506 499641
2506 2507 578413
2507 2508 494930
2508 2509 903470
2509 2510 756529
2510 2511 742690
2511 2512 878151
2512 2513 731659
2513 2514 542914
2514 2515 122655
2515 2516 669284
2516 2517 622579
2517 2518 626496
2518 2519 200070
2519 2520 888657
2520 2521 176808
2521 2522 418295
2522 2523 526597
2523 2524 195471
2524 2525 463186
2525 2526 686573
2526 2527 80659
2527 2528 911097
2528 2529 791110
2529 2530 407907
2530 2531 68336
2531 2532 44996
2532 2533 693057
2533 2534 590547
2534 2535 221414
2535 2536 48896
2536 2537 543212
2537 2538 95152
2538 2539 388492
2539 2540 719766
2540 2541 930007
2541 2542 53867
2542 2543 455551
2543 2544 660681
2544 2545 443391
2545 2546 365865
2546 2547 356712
2547 2548 9079
2548 2549 505545
2549 2550 975823
2550 2551 711611
2551 2552 787223
2552 2553 762182
2553 2554 444345
2554 2555 71219
2555 2556 661371
2556 2557 759216
2557 2558 198716
2558 2559 632537
2559 2560 16973
2560 2561 155497
2561 2562 77865
2562 2563 32316
2563 2564 586387
2564 2565 723008
2565 2566 186059
2566 2567 142584
2567 2568 444716
2568 2569 581740
2569 2570 246501
2570 2571 367153
2571 2572 476178
2572 2573 634192
2573 2574 683254
2574 2575 617942
2575 2576 382039
2576 2577 56696
2577 2578 230838
2578 2579 327584
2579 2580 394474
2580 2581 513624
2581 2582 290072
2582 2583 841810
2583 2584 78225
2584 2585 497425
2585 2586 562056
2586 2587 722616
2587 2588 528494
2588 2589 413869
2589 2590 794284
2590 2591 482986
2591 2592 541436
2592 2593 307616
2593 2594 516453
2594 2595 921480
2595 2596 163473
2596 2597 57543
2597 2598 622028
2598 2599 798716
2599 2600 819355
2600 2601 618858
2601 2602 647671
2602 2603 179325
2603 2604 593381
2604 2605 103867
2605 2606 172211
2606 2607 636296
2607 2608 817041
2608 2609 103381
2609 2610 934473
2610 2611 578535
2611 2612 155292
2612 2613 298432
2613 2614 508795
2614 2615 551852
2615 2616 186207
2616 2617 317353
2617 2618 549829
2618 2619 816243
2619 2620 974281
2620 2621 564588
2621 2622 819870
2622 2623 724325
2623 2624 123624
2624 2625 929292
2625 2626 558006
2626 2627 618354
2627 2628 410975
2628 2629 889270
2629 2630 934392
2630 2631 637651
2631 2632 538095
2632 2633 393668
2633 2634 123719
2634 2635 646096
2635 2636 174640
2636 2637 468981
2637 2638 260098
2638 2639 356213
2639 2640 173398
2640 2641 594359
2641 2642 758785
2642 2643 780508
2643 2644 503790
2644 2645 964704
2645 2646 525207
2646 2647 149544
2647 2648 533088
2648 2649 948590
2649 2650 839824
2650 2651 936453
2651 2652 375916
2652 2653 869003
2653 2654 279474
2654 2655 798187
2655 2656 722415
2656 2657 746700
2657 2658 564733
2658 2659 111386
2659 2660 103709
2660 2661 6959
2661 2662 705965
2662 2663 91101
2663 2664 119557
2664 2665 267546
2665 2666 859572
2666 2667 640905
2667 2668 407506
2668 2669 948897
2669 2670 209282
2670 2671 936444
2671 2672 476935
2672 2673 466238
2673 2674 64447
2674 2675 787808
2675 2676 938687
2676 2677 342104
2677 2678 64141
2678 2679 75751
2679 2680 89076
2680 2681 186046
2681 2682 35208
2682 2683 524110
2683 2684 950390
2684 2685 573547
2685 2686 744391
2686 2687 914844
2687 2688 617905
2688 2689 389697
2689 2690 102362
2690 2691 713377
2691 2692 272618
2692 2693 396752
2693 2694 922571
2694 2695 894009
2695 2696 216704
2696 2697 477006
2697 2698 145439
2698 2699 202889
2699 2700 789996
2700 2701 746461
2701 2702 314132
2702 2703 143934
2703 2704 665667
2704 2705 887882
2705 2706 378786
2706 2707 782290
2707 2708 803312
2708 2709 102025
2709 2710 520252
2710 2711 759624
2711 2712 161405
2712 2713 618044
2713 2714 420750
2714 2715 200941
2715 2716 808712
2716 2717 273387
2717 2718 221182
2718 2719 977495
2719 2720 710991
2720 2721 974027
2721 2722 865644
2722 2723 378855
2723 2724 474727
2724 2725 367673
2725 2726 860915
2726 2727 354696
2727 2728 598462
2728 2729 993790
2729 2730 531240
2730 2731 761583
2731 2732 478558
2732 2733 169482
2733 2734 304088
2734 2735 163483
2735 2736 910699
2736 2737 156474
2737 2738 55563
2738 2739 867156
2739 2740 676129
2740 2741 993043
2741 2742 836677
2742 2743 821805
2743 2744 818072
2744 2745 422790
2745 2746 521537
2746 2747 51203
2747 2748 237314
2748 2749 924396
2749 2750 629814
2750 2751 781053
2751 2752 974313
2752 2753 316746
2753 2754 617108
2754 2755 628876
2755 2756 182515
2756 2757 640523
2757 2758 500549
2758 2759 398122
2759 2760 272864
2760 2761 512074
2761 2762 943662
2762 2763 239324
2763 2764 160328
2764 2765 321991
2765 2766 440621
2766 2767 765618
2767 2768 990
2768 2769 640302
2769 2770 46874
2770 2771 867075
2771 2772 947505
2772 2773 772438
2773 2774 825800
2774 2775 910836
2775 2776 549416
2776 2777 918653
2777 2778 319938
2778 2779 269423
2779 2780 916867
2780 2781 241486
2781 2782 130960
2782 2783 123885
2783 2784 211551
2784 2785 905436
2785 2786 310257
2786 2787 809199
2787 2788 695215
2788 2789 212454
2789 2790 460512
2790 2791 769150
2791 2792 784773
2792 2793 511379
2793 2794 549522
2794 2795 480944
2795 2796 384457
2796 2797 35701
2797 2798 302196
2798 2799 175460
2799 2800 272894
2800 2801 875080
2801 2802 692654
2802 2803 149826
2803 2804 266881
2804 2805 470705
2805 2806 913444
2806 2807 187197
2807 2808 496715
2808 2809 845377
2809 2810 649713
2810 2811 478802
2811 2812 880300
2812 2813 747312
2813 2814 570348
2814 2815 494281
2815 2816 210000
2816 2817 527844
2817 2818 148196
2818 2819 210224
2819 2820 677819
2820 2821 832490
2821 2822 858597
2822 2823 672037
2823 2824 471310
2824 2825 275001
2825 2826 947379
2826 2827 712650
2827 2828 355457
2828 2829 889780
2829 2830 300556
2830 2831 891792
2831 2832 33833
2832 2833 507814
2833 2834 549224
2834 2835 188719
2835 2836 239409
2836 2837 513093
2837 2838 886266
2838 2839 60137
2839 2840 432034
2840 2841 152433
2841 2842 738925
2842 2843 861132
2843 2844 375133
2844 2845 103731
2845 2846 897961
2846 2847 991790
2847 2848 689884
2848 2849 630272
2849 2850 521549
2850 2851 931249
2851 2852 499383
2852 2853 442038
2853 2854 629492
2854 2855 957054
2855 2856 529179
2856 2857 269403
2857 2858 407282
2858 2859 635531
2859 2860 195090
2860 2861 448547
2861 2862 119062
2862 2863 939991
2863 2864 34687
2864 2865 132584
2865 2866 437160
2866 2867 589226
2867 2868 274720
2868 2869 212337
2869 2870 282025
2870 2871 103832
2871 2872 897868
2872 2873 339437
2873 2874 930007
2874 2875 217212
2875 2876 948661
2876 2877 773879
2877 2878 656424
2878 2879 236799
2879 2880 181221
2880 2881 505041
2881 2882 418443
2882 2883 66896
2883 2884 654722
2884 2885 694058
2885 2886 105772
2886 2887 763626
2887 2888 497931
2888 2889 612122
2889 2890 458863
2890 2891 767123
2891 2892 462169
2892 2893 103651
2893 2894 545458
2894 2895 818265
2895 2896 796449
2896 2897 751855
2897 2898 374157
2898 2899 287637
2899 2900 83311
2900 2901 284118
2901 2902 896722
2902 2903 588841
2903 2904 442410
2904 2905 200471
2905 2906 632527
2906 2907 254083
2907 2908 802708
2908 2909 581467
2909 2910 388872
2910 2911 33498
2911 2912 926537
2912 2913 58359
2913 2914 771903
2914 2915 544877
2915 2916 242876
2916 2917 193320
2917 2918 322158
2918 2919 919817
2919 2920 527551
2920 2921 303702
2921 2922 384713
2922 2923 659905
2923 2924 630265
2924 2925 408403
2925 2926 740095
2926 2927 469749
2927 2928 542319
2928 2929 961435
2929 2930 425207
2930 2931 976718
2931 2932 846525
2932 2933 940756
2933 2934 2005
2934 2935 981501
2935 2936 657052
2936 2937 344461
2937 2938 371764
2938 2939 226113
2939 2940 3420
2940 2941 238400
2941 2942 30314
2942 2943 207839
2943 2944 605160
2944 2945 24273
2945 2946 440073
2946 2947 918506
2947 2948 689734
2948 2949 626766
2949 2950 449050
2950 2951 199226
2951 2952 44438
2952 2953 719534
2953 2954 640929
2954 2955 465590
2955 2956 379280
2956 2957 103060
2957 2958 210846
2958 2959 532428
2959 2960 62088
2960 2961 422732
2961 2962 926536
2962 2963 870069
2963 2964 618475
2964 2965 831114
2965 2966 193809
2966 2967 58228
2967 2968 712961
2968 2969 673839
2969 2970 132839
2970 2971 39509
2971 2972 631019
2972 2973 333253
2973 2974 357358
2974 2975 833456
2975 2976 877283
2976 2977 491712
2977 2978 829704
2978 2979 631076
2979 2980 393664
2980 2981 7420
2981 2982 83279
2982 2983 348446
2983 2984 440881
2984 2985 188419
2985 2986 945751
2986 2987 968338
2987 2988 177471
2988 2989 933894
2989 2990 566447
2990 2991 816062
2991 2992 265293
2992 2993 877985
2993 2994 752542
2994 2995 201963
2995 2996 142105
2996 2997 752409
2997 2998 291111
2998 2999 532461
