cc61ad56a4797fb3f5c9529f73ce6fcedd85669b
1
2788 1953 1954 23715317
0 1 128657
1 2 425890
2 3 493866
3 4 293698
4 5 320364
5 6 454095
6 7 554620
7 8 993194
8 9 916966
9 10 967007
10 11 259469
11 12 232222
12 13 735660
13 14 792789
14 15 243400
15 16 699046
16 17 819444
17 18 831242
18 19 999744
19 20 251458
20 21 288576
21 22 222133
22 23 275060
23 24 418795
24 25 581465
25 26 867492
26 27 438219
27 28 192022
28 29 702933
29 30 539714
30 31 234775
31 32 368498
32 33 817170
33 34 970577
34 35 449236
35 36 179814
36 37 203707
37 38 363567
38 39 379495
39 40 653014
40 41 367872
41 42 979026
42 43 618784
43 44 16093
44 45 172255
45 46 957517
46 47 981562
47 48 982354
48 49 624095
49 50 987083
50 51 962840
51 52 224325
52 53 816785
53 54 807825
54 55 213128
55 56 787008
56 57 994896
57 58 185021
58 59 292929
59 60 933256
60 61 108991
61 62 292619
62 63 44197
63 64 317146
64 65 474191
65 66 424716
66 67 947841
67 68 469936
68 69 754296
69 70 371950
70 71 38538
71 72 391420
72 73 209852
73 74 583673
74 75 86816
75 76 395625
76 77 256041
77 78 937934
78 79 328077
79 80 617759
80 81 111509
81 82 693096
82 83 468484
83 84 196285
84 85 444962
85 86 955612
86 87 542756
87 88 909790
88 89 89849
89 90 662746
90 91 326259
91 92 465495
92 93 451664
93 94 824299
94 95 793381
95 96 288820
96 97 361638
97 98 590514
98 99 700372
99 100 636736
100 101 308931
101 102 2093
102 103 350727
103 104 841211
104 105 702907
105 106 542580
106 107 241773
107 108 118947
108 109 678825
109 110 514486
110 111 473761
111 112 416942
112 113 455414
113 114 166080
114 115 529829
115 116 705036
116 117 963409
117 118 753143
118 119 515752
119 120 142375
120 121 942965
121 122 672346
122 123 250306
123 124 39779
124 125 358184
125 126 693379
126 127 371957
127 128 46304
128 129 9208
129 130 185508
130 131 590699
131 132 988725
132 133 403261
133 134 625996
134 135 391036
135 136 146612
136 137 983900
137 138 619746
138 139 476646
139 140 932203
140 141 806016
141 142 688166
142 143 893589
143 144 828638
144 145 485985
145 146 848372
146 147 996954
147 148 199312
148 149 923838
149 150 89921
150 151 355254
151 152 929081
152 153 21476
153 154 409118
154 155 104846
155 156 464910
156 157 585510
157 158 394930
158 159 238453
159 160 623549
160 161 156324
161 162 887746
162 163 964071
163 164 223536
164 165 507334
165 166 755371
166 167 702345
167 168 619591
168 169 510400
169 170 195683
170 171 361388
171 172 494752
172 173 707982
173 174 673405
174 175 400521
175 176 916497
176 177 666294
177 178 507427
178 179 640005
179 180 745065
180 181 656458
181 182 907100
182 183 294892
183 184 153908
184 185 893221
185 186 923205
186 187 774966
187 188 682038
188 189 128555
189 190 241497
190 191 712326
191 192 486572
192 193 364747
193 194 926124
194 195 636007
195 196 339024
196 197 225726
197 198 310569
198 199 149840
199 200 28628
200 201 525255
201 202 119000
202 203 891679
203 204 562339
204 205 670386
205 206 566748
206 207 799263
207 208 504228
208 209 401366
209 210 147311
210 211 472323
211 212 51256
212 213 244373
213 214 497574
214 215 145386
215 216 194105
216 217 473561
217 218 383152
218 219 518427
219 220 561147
220 221 407446
221 222 708504
222 223 818440
223 224 710157
224 225 772685
225 226 161920
226 227 403596
227 228 150198
228 229 167556
229 230 670310
230 231 650351
231 232 895994
232 233 298000
233 234 392161
234 235 696350
235 236 510547
236 237 486093
237 238 660963
238 239 860789
239 240 288314
240 241 720993
241 242 525429
242 243 512375
243 244 242909
244 245 275007
245 246 641023
246 247 226833
247 248 309672
248 249 180127
249 250 713215
250 251 748956
251 252 348095
252 253 92361
253 254 432591
254 255 423962
255 256 621311
256 257 602697
257 258 906977
258 259 602358
259 260 390338
260 261 145529
261 262 745476
262 263 635398
263 264 941657
264 265 109436
265 266 344286
266 267 398346
267 268 362833
268 269 808190
269 270 883313
270 271 60524
271 272 430065
272 273 973239
273 274 7384
274 275 269311
275 276 19192
276 277 654631
277 278 986056
278 279 873537
279 280 955297
280 281 790553
281 282 835537
282 283 648219
283 284 618783
284 285 291873
285 286 192669
286 287 399325
287 288 135843
288 289 113888
289 290 520493
290 291 625924
291 292 528851
292 293 299196
293 294 468449
294 295 428790
295 296 484882
296 297 458858
297 298 635566
298 299 709954
299 300 250045
300 301 465830
301 302 25063
302 303 350051
303 304 800617
304 305 92663
305 306 495350
306 307 508539
307 308 873384
308 309 272621
309 310 256865
310 311 627226
311 312 193795
312 313 24228
313 314 817223
314 315 602485
315 316 926462
316 317 734273
317 318 726114
318 319 791473
319 320 45336
320 321 659953
321 322 870725
322 323 21015
323 324 410506
324 325 529134
325 326 303773
326 327 456799
327 328 55685
328 329 246715
329 330 373426
330 331 820264
331 332 527798
332 333 241701
333 334 715300
334 335 730299
335 336 894212
336 337 582338
337 338 795631
338 339 736205
339 340 804045
340 341 769779
341 342 185897
342 343 737851
343 344 981550
344 345 101667
345 346 202241
346 347 196493
347 348 328890
348 349 919559
349 350 363200
350 351 111989
351 352 939519
352 353 443677
353 354 477193
354 355 431567
355 356 104518
356 357 647087
357 358 76441
358 359 289568
359 360 67410
360 361 464015
361 362 138313
362 363 514329
363 364 499101
364 365 445850
365 366 462601
366 367 931347
367 368 583328
368 369 775863
369 370 104869
370 371 18834
371 372 400137
372 373 112855
373 374 452289
374 375 678020
375 376 943171
376 377 42484
377 378 144414
378 379 689025
379 380 784948
380 381 458067
381 382 914901
382 383 347914
383 384 491768
384 385 190916
385 386 789656
386 387 115595
387 388 262953
388 389 647326
389 390 7669
390 391 771418
391 392 184792
392 393 338245
393 394 242004
394 395 639928
395 396 729426
396 397 178278
397 398 274934
398 399 790476
399 400 791133
400 401 92343
401 402 152310
402 403 290221
403 404 326906
404 405 306233
405 406 338441
406 407 100951
407 408 578018
408 409 934071
409 410 370431
410 411 164081
411 412 675595
412 413 556102
413 414 838145
414 415 445007
415 416 793506
416 417 578757
417 418 996690
418 419 233004
419 420 64272
420 421 85020
421 422 25745
422 423 469549
423 424 96119
424 425 120190
425 426 901235
426 427 348770
427 428 375412
428 429 961961
429 430 216586
430 431 739014
431 432 741788
432 433 252194
433 434 317122
434 435 353788
435 436 646144
436 437 48507
437 438 168736
438 439 678674
439 440 106475
440 441 868366
441 442 926211
442 443 421055
443 444 204128
444 445 383616
445 446 592805
446 447 287333
447 448 716446
448 449 946241
449 450 81561
450 451 116881
451 452 855134
452 453 666249
453 454 376972
454 455 999480
455 456 608337
456 457 304026
457 458 504389
458 459 103930
459 460 982116
460 461 691522
461 462 701734
462 463 856993
463 464 289213
464 465 860631
465 466 622826
466 467 190560
467 468 255869
468 469 256314
469 470 337575
470 471 983253
471 472 589309
472 473 634583
473 474 405579
474 475 910473
475 476 142803
476 477 969313
477 478 216417
478 479 952300
479 480 46732
480 481 171992
481 482 314699
482 483 945755
483 484 901361
484 485 569348
485 486 786886
486 487 734300
487 488 238660
488 489 178232
489 490 337835
490 491 866590
491 492 79937
492 493 416658
493 494 702570
494 495 431612
495 496 558751
496 497 136183
497 498 566478
498 499 484472
499 500 544206
500 501 304153
501 502 285822
502 503 595393
503 504 659769
504 505 561522
505 506 430967
506 507 552175
507 508 682563
508 509 801288
509 510 974804
510 511 595779
511 512 616779
512 513 388585
513 514 331336
514 515 396010
515 516 169321
516 517 900462
517 518 737569
518 519 129017
519 520 530224
520 521 80249
521 522 577476
522 523 268463
523 524 164588
524 525 231224
525 526 910581
526 527 899895
527 528 650147
528 529 689313
529 530 837582
530 531 372133
531 532 603414
532 533 415926
533 534 106948
534 535 823606
535 536 555774
536 537 783680
537 538 853031
538 539 413074
539 540 183313
540 541 889302
541 542 872479
542 543 640651
543 544 546300
544 545 917205
545 546 83314
546 547 255325
547 548 519080
548 549 660966
549 550 662651
550 551 501422
551 552 710583
552 553 462268
553 554 356018
554 555 462349
555 556 73477
556 557 95573
557 558 265896
558 559 194292
559 560 192425
560 561 841462
561 562 329417
562 563 236359
563 564 64307
564 565 137714
565 566 83865
566 567 189204
567 568 724845
568 569 26529
569 570 429049
570 571 209234
571 572 856476
572 573 714602
573 574 944226
574 575 919908
575 576 944958
576 577 499451
577 578 43879
578 579 975509
579 580 63884
580 581 173965
581 582 132724
582 583 471195
583 584 356150
584 585 474403
585 586 423058
586 587 431959
587 588 742955
588 589 460361
589 590 92066
590 591 585744
591 592 559184
592 593 62742
593 594 680543
594 595 253501
595 596 739462
596 597 269612
597 598 606431
598 599 771258
599 600 590630
600 601 806133
601 602 142416
602 603 813518
603 604 133381
604 605 769637
605 606 159804
606 607 62893
607 608 582578
608 609 981308
609 610 60295
610 611 511218
611 612 923701
612 613 750787
613 614 114669
614 615 558050
615 616 673936
616 617 931275
617 618 148423
618 619 133165
619 620 255807
620 621 863219
621 622 132996
622 623 408622
623 624 424953
624 625 561377
625 626 554354
626 627 447528
627 628 561966
628 629 851205
629 630 233012
630 631 8072
631 632 390792
632 633 112283
633 634 728458
634 635 214823
635 636 119980
636 637 193959
637 638 31630
638 639 982471
639 640 910456
640 641 830904
641 642 660403
642 643 201683
643 644 442564
644 645 970023
645 646 475718
646 647 909345
647 648 512611
648 649 692375
649 650 438063
650 651 832881
651 652 373217
652 653 226228
653 654 180142
654 655 501612
655 656 80068
656 657 362742
657 658 952736
658 659 374375
659 660 925516
660 661 331484
661 662 597048
662 663 816480
663 664 360308
664 665 516211
665 666 151240
666 667 57341
667 668 387121
668 669 413519
669 670 200824
670 671 310033
671 672 269679
672 673 916942
673 674 642123
674 675 182425
675 676 658329
676 677 337818
677 678 981855
678 679 214328
679 680 63568
680 681 448485
681 682 972522
682 683 609345
683 684 69552
684 685 335660
685 686 100671
686 687 302123
687 688 685712
688 689 156789
689 690 970505
690 691 646171
691 692 717632
692 693 258131
693 694 701581
694 695 361696
695 696 666378
696 697 51423
697 698 188969
698 699 114671
699 700 582579
700 701 442942
701 702 398809
702 703 937133
703 704 961208
704 705 418207
705 706 187438
706 707 620899
707 708 619987
708 709 243131
709 710 843735
710 711 989577
711 712 910902
712 713 548949
713 714 565018
714 715 588861
715 716 808525
716 717 677178
717 718 765592
718 719 64074
719 720 313085
720 721 703424
721 722 898382
722 723 689764
723 724 771369
724 725 700680
725 726 252433
726 727 752552
727 728 268329
728 729 670204
729 730 405391
730 731 281502
731 732 897938
732 733 274131
733 734 611474
734 735 766584
735 736 772851
736 737 273099
737 738 807997
738 739 880082
739 740 77587
740 741 944363
741 742 161998
742 743 265394
743 744 660854
744 745 107144
745 746 76508
746 747 64582
747 748 585943
748 749 695038
749 750 227929
750 751 159850
751 752 575213
752 753 547636
753 754 62031
754 755 788385
755 756 630696
756 757 301403
757 758 488292
758 759 824857
759 760 430258
760 761 957293
761 762 406679
762 763 16106
763 764 817647
764 765 16111
765 766 465218
766 767 459093
767 768 809087
768 769 868977
769 770 752728
770 771 359814
771 772 926713
772 773 513290
773 774 308198
774 775 670995
775 776 577200
776 777 186398
777 778 366483
778 779 628540
779 780 856687
780 781 336602
781 782 465569
782 783 219179
783 784 893950
784 785 907060
785 786 29739
786 787 310323
787 788 905180
788 789 729709
789 790 354023
790 791 694483
791 792 73348
792 793 148944
793 794 554468
794 795 232434
795 796 317674
796 797 252018
797 798 870730
798 799 830818
799 800 69373
800 801 427378
801 802 690334
802 803 331870
803 804 935140
804 805 580856
805 806 631037
806 807 578061
807 808 335683
808 809 967223
809 810 612765
810 811 430399
811 812 29493
812 813 657772
813 814 462417
814 815 724332
815 816 394896
816 817 33566
817 818 412163
818 819 252858
819 820 361318
820 821 631262
821 822 435066
822 823 569781
823 824 861888
824 825 548230
825 826 705300
826 827 36247
827 828 268323
828 829 757051
829 830 763338
830 831 460031
831 832 755404
832 833 364461
833 834 82736
834 835 409659
835 836 354485
836 837 662996
837 838 712307
838 839 637952
839 840 985360
840 841 775922
841 842 77019
842 843 751662
843 844 5128
844 845 927893
845 846 814216
846 847 379406
847 848 168197
848 849 394067
849 850 494455
850 851 300821
851 852 626406
852 853 186701
853 854 255356
854 855 905057
855 856 70470
856 857 543022
857 858 121351
858 859 101944
859 860 49657
860 861 600043
861 862 105441
862 863 639949
863 864 999437
864 865 5123
865 866 226605
866 867 986429
867 868 441868
868 869 151998
869 870 296233
870 871 375115
871 872 835318
872 873 215088
873 874 717804
874 875 204841
875 876 893897
876 877 138164
877 878 430376
878 879 926065
879 880 973435
880 881 159282
881 882 616678
882 883 976613
883 884 159995
884 885 764955
885 886 183054
886 887 322996
887 888 356469
888 889 349801
889 890 850846
890 891 626678
891 892 587981
892 893 373730
893 894 915376
894 895 306988
895 896 996128
896 897 682900
897 898 81398
898 899 313603
899 900 458184
900 901 202712
901 902 312447
902 903 206479
903 904 724822
904 905 712592
905 906 683121
906 907 533330
907 908 494616
908 909 385194
909 910 526414
910 911 934708
911 912 753298
912 913 771164
913 914 348785
914 915 165770
915 916 143046
916 917 868584
917 918 233488
918 919 613009
919 920 457134
920 921 924759
921 922 481465
922 923 942705
923 924 508798
924 925 496575
925 926 172822
926 927 412540
927 928 528420
928 929 135039
929 930 886443
930 931 368174
931 932 105162
932 933 337279
933 934 685461
934 935 101740
935 936 215696
936 937 131699
937 938 231690
938 939 31111
939 940 239956
940 941 65494
941 942 385373
942 943 140216
943 944 60203
944 945 105713
945 946 232632
946 947 832675
947 948 845863
948 949 115603
949 950 761633
950 951 42837
951 952 772048
952 953 814487
953 954 70904
954 955 885704
955 956 998445
956 957 439395
957 958 458485
958 959 593244
959 960 450746
960 961 465381
961 962 569644
962 963 411037
963 964 162417
964 965 229206
965 966 291146
966 967 346945
967 968 50307
968 969 805177
969 970 123734
970 971 998568
971 972 989342
972 973 421466
973 974 418931
974 975 934748
975 976 553894
976 977 917968
977 978 600090
978 979 653008
979 980 727933
980 981 274557
981 982 135714
982 983 419
983 984 220093
984 985 196810
985 986 889338
986 987 474012
987 988 665978
988 989 86382
989 990 928938
990 991 478445
991 992 868290
992 993 805094
993 994 76055
994 995 462641
995 996 754398
996 997 828475
997 998 734590
998 999 299247
999 1000 856656
1000 1001 83649
1001 1002 561078
1002 1003 244247
1003 1004 234837
1004 1005 986963
1005 1006 351088
1006 1007 997121
1007 1008 698466
1008 1009 99290
1009 1010 923704
1010 1011 113523
1011 1012 587881
1012 1013 539589
1013 1014 158898
1014 1015 856025
1015 1016 566098
1016 1017 264464
1017 1018 844575
1018 1019 822348
1019 1020 345604
1020 1021 454143
1021 1022 501336
1022 1023 976398
1023 1024 934107
1024 1025 528801
1025 1026 193743
1026 1027 902794
1027 1028 842545
1028 1029 10767
1029 1030 592531
1030 1031 532374
1031 1032 745943
1032 1033 917292
1033 1034 435594
1034 1035 682801
1035 1036 287962
1036 1037 690724
1037 1038 172405
1038 1039 627911
1039 1040 64832
1040 1041 55854
1041 1042 353969
1042 1043 528938
1043 1044 1674
1044 1045 823884
1045 1046 690995
1046 1047 401304
1047 1048 727666
1048 1049 27656
1049 1050 963977
1050 1051 114297
1051 1052 148972
1052 1053 434231
1053 1054 504861
1054 1055 736864
1055 1056 807846
1056 1057 788151
1057 1058 790066
1058 1059 166855
1059 1060 934409
1060 1061 482033
1061 1062 905255
1062 1063 567061
1063 1064 772279
1064 1065 788633
1065 1066 99185
1066 1067 349465
1067 1068 673805
1068 1069 328427
1069 1070 299362
1070 1071 470733
1071 1072 147616
1072 1073 740270
1073 1074 575014
1074 1075 951317
1075 1076 381249
1076 1077 234610
1077 1078 744194
1078 1079 596671
1079 1080 37499
1080 1081 719123
1081 1082 266902
1082 1083 739139
1083 1084 560849
1084 1085 936629
1085 1086 738265
1086 1087 181122
1087 1088 615298
1088 1089 670919
1089 1090 699297
1090 1091 631497
1091 1092 25287
1092 1093 237698
1093 1094 994586
1094 1095 982732
1095 1096 710225
1096 1097 713577
1097 1098 127499
1098 1099 21933
1099 1100 862861
1100 1101 501513
1101 1102 268055
1102 1103 75572
1103 1104 129505
1104 1105 127095
1105 1106 118775
1106 1107 281430
1107 1108 582446
1108 1109 511638
1109 1110 524098
1110 1111 714544
1111 1112 972110
1112 1113 819792
1113 1114 995558
1114 1115 751626
1115 1116 842772
1116 1117 530522
1117 1118 736878
1118 1119 419542
1119 1120 919824
1120 1121 202162
1121 1122 534844
1122 1123 349807
1123 1124 893130
1124 1125 936994
1125 1126 639693
1126 1127 144285
1127 1128 641668
1128 1129 145148
1129 1130 186938
1130 1131 376974
1131 1132 802171
1132 1133 677213
1133 1134 899763
1134 1135 134940
1135 1136 888548
1136 1137 961068
1137 1138 715651
1138 1139 892170
1139 1140 42928
1140 1141 871385
1141 1142 617361
1142 1143 108104
1143 1144 279306
1144 1145 218272
1145 1146 677850
1146 1147 262061
1147 1148 258453
1148 1149 845766
1149 1150 307578
1150 1151 731450
1151 1152 491504
1152 1153 738840
1153 1154 975522
1154 1155 164891
1155 1156 583028
1156 1157 892400
1157 1158 216288
1158 1159 445670
1159 1160 465138
1160 1161 779377
1161 1162 897564
1162 1163 409883
1163 1164 485110
1164 1165 707656
1165 1166 240598
1166 1167 114084
1167 1168 983049
1168 1169 123179
1169 1170 76267
1170 1171 895060
1171 1172 504872
1172 1173 250011
1173 1174 424463
1174 1175 884778
1175 1176 227280
1176 1177 867235
1177 1178 805522
1178 1179 834316
1179 1180 478899
1180 1181 801624
1181 1182 507677
1182 1183 642190
1183 1184 354497
1184 1185 490968
1185 1186 244531
1186 1187 272682
1187 1188 426018
1188 1189 699405
1189 1190 901490
1190 1191 292487
1191 1192 292664
1192 1193 621481
1193 1194 636177
1194 1195 881781
1195 1196 370528
1196 1197 884073
1197 1198 702754
1198 1199 422828
1199 1200 218863
1200 1201 742676
1201 1202 154959
1202 1203 767314
1203 1204 793846
1204 1205 914683
1205 1206 607902
1206 1207 127027
1207 1208 541695
1208 1209 856120
1209 1210 482414
1210 1211 496585
1211 1212 35663
1212 1213 546353
1213 1214 246392
1214 1215 437171
1215 1216 882148
1216 1217 910035
1217 1218 590865
1218 1219 346879
1219 1220 472247
1220 1221 542425
1221 1222 458725
1222 1223 158114
1223 1224 803961
1224 1225 301892
1225 1226 264379
1226 1227 228923
1227 1228 716438
1228 1229 716450
1229 1230 68469
1230 1231 782678
1231 1232 945654
1232 1233 657609
1233 1234 899918
1234 1235 362533
1235 1236 623353
1236 1237 35290
1237 1238 974811
1238 1239 521798
1239 1240 580600
1240 1241 771712
1241 1242 300301
1242 1243 959809
1243 1244 689225
1244 1245 175792
1245 1246 751019
1246 1247 786889
1247 1248 364345
1248 1249 405289
1249 1250 743962
1250 1251 938936
1251 1252 32337
1252 1253 860915
1253 1254 731478
1254 1255 459029
1255 1256 737747
1256 1257 506209
1257 1258 230008
1258 1259 648783
1259 1260 990779
1260 1261 830032
1261 1262 793711
1262 1263 336896
1263 1264 759040
1264 1265 362216
1265 1266 931273
1266 1267 468716
1267 1268 810770
1268 1269 906519
1269 1270 273961
1270 1271 650753
1271 1272 539739
1272 1273 998683
1273 1274 328655
1274 1275 934103
1275 1276 332096
1276 1277 802678
1277 1278 290837
1278 1279 713007
1279 1280 900191
1280 1281 212153
1281 1282 867822
1282 1283 783542
1283 1284 86608
1284 1285 9212
1285 1286 565224
1286 1287 811200
1287 1288 849446
1288 1289 481633
1289 1290 417640
1290 1291 851662
1291 1292 161069
1292 1293 996054
1293 1294 683634
1294 1295 535051
1295 1296 729963
1296 1297 735313
1297 1298 937311
1298 1299 462472
1299 1300 856608
1300 1301 326995
1301 1302 631078
1302 1303 980933
1303 1304 527880
1304 1305 86376
1305 1306 69782
1306 1307 731241
1307 1308 560021
1308 1309 754851
1309 1310 511000
1310 1311 695942
1311 1312 969015
1312 1313 504996
1313 1314 540783
1314 1315 219800
1315 1316 334038
1316 1317 377235
1317 1318 715384
1318 1319 105668
1319 1320 834259
1320 1321 818275
1321 1322 157740
1322 1323 80283
1323 1324 672845
1324 1325 197970
1325 1326 101787
1326 1327 403350
1327 1328 201303
1328 1329 492709
1329 1330 933233
1330 1331 99993
1331 1332 624900
1332 1333 819886
1333 1334 352435
1334 1335 184049
1335 1336 408350
1336 1337 355592
1337 1338 925632
1338 1339 189720
1339 1340 178216
1340 1341 6166
1341 1342 104529
1342 1343 513390
1343 1344 520736
1344 1345 161225
1345 1346 640187
1346 1347 223359
1347 1348 670529
1348 1349 852633
1349 1350 796137
1350 1351 811713
1351 1352 570810
1352 1353 216136
1353 1354 718500
1354 1355 764372
1355 1356 501626
1356 1357 915429
1357 1358 102349
1358 1359 949186
1359 1360 995878
1360 1361 597316
1361 1362 83999
1362 1363 265726
1363 1364 813022
1364 1365 565127
1365 1366 736559
1366 1367 85671
1367 1368 467453
1368 1369 989274
1369 1370 404013
1370 1371 603203
1371 1372 489176
1372 1373 688624
1373 1374 686882
1374 1375 379526
1375 1376 898235
1376 1377 263241
1377 1378 580530
1378 1379 118666
1379 1380 781105
1380 1381 975662
1381 1382 63385
1382 1383 584854
1383 1384 332731
1384 1385 8432
1385 1386 736879
1386 1387 191066
1387 1388 681493
1388 1389 798766
1389 1390 955814
1390 1391 714862
1391 1392 199158
1392 1393 619277
1393 1394 856200
1394 1395 306200
1395 1396 663693
1396 1397 384511
1397 1398 42811
1398 1399 902468
1399 1400 446023
1400 1401 834815
1401 1402 828222
1402 1403 193547
1403 1404 87429
1404 1405 496401
1405 1406 466475
1406 1407 943791
1407 1408 830696
1408 1409 377412
1409 1410 620021
1410 1411 617306
1411 1412 490631
1412 1413 273777
1413 1414 790569
1414 1415 143396
1415 1416 325557
1416 1417 637499
1417 1418 774382
1418 1419 632204
1419 1420 388669
1420 1421 898894
1421 1422 607559
1422 1423 702139
1423 1424 340775
1424 1425 490145
1425 1426 36429
1426 1427 976390
1427 1428 863986
1428 1429 556598
1429 1430 145783
1430 1431 794923
1431 1432 106073
1432 1433 354775
1433 1434 335315
1434 1435 166416
1435 1436 12497
1436 1437 2840
1437 1438 22220
1438 1439 526728
1439 1440 997318
1440 1441 767897
1441 1442 354148
1442 1443 110927
1443 1444 717603
1444 1445 25155
1445 1446 365176
1446 1447 361163
1447 1448 537097
1448 1449 277704
1449 1450 586049
1450 1451 673227
1451 1452 443604
1452 1453 433700
1453 1454 297615
1454 1455 310409
1455 1456 470874
1456 1457 262048
1457 1458 438030
1458 1459 555561
1459 1460 155565
1460 1461 629515
1461 1462 658626
1462 1463 586745
1463 1464 492758
1464 1465 75265
1465 1466 267468
1466 1467 412145
1467 1468 872538
1468 1469 423526
1469 1470 78756
1470 1471 865522
1471 1472 485110
1472 1473 449961
1473 1474 220318
1474 1475 672841
1475 1476 42852
1476 1477 239363
1477 1478 179816
1478 1479 628778
1479 1480 91606
1480 1481 760823
1481 1482 810695
1482 1483 329143
1483 1484 486455
1484 1485 434705
1485 1486 861919
1486 1487 106104
1487 1488 307439
1488 1489 306601
1489 1490 394730
1490 1491 160545
1491 1492 166813
1492 1493 823839
1493 1494 465405
1494 1495 296209
1495 1496 18460
1496 1497 674078
1497 1498 753096
1498 1499 789583
1499 1500 353408
1500 1501 800987
1501 1502 373332
1502 1503 409421
1503 1504 822360
1504 1505 432852
1505 1506 370372
1506 1507 254311
1507 1508 210923
1508 1509 139666
1509 1510 442774
1510 1511 73954
1511 1512 479101
1512 1513 422057
1513 1514 389921
1514 1515 956655
1515 1516 797833
1516 1517 416821
1517 1518 761559
1518 1519 11559
1519 1520 147653
1520 1521 652189
1521 1522 828609
1522 1523 8462
1523 1524 606307
1524 1525 944978
1525 1526 903623
1526 1527 101137
1527 1528 459468
1528 1529 102733
1529 1530 283496
1530 1531 981706
1531 1532 950949
1532 1533 854934
1533 1534 268603
1534 1535 547448
1535 1536 216267
1536 1537 356345
1537 1538 891830
1538 1539 362377
1539 1540 95640
1540 1541 130192
1541 1542 4772
1542 1543 538323
1543 1544 359389
1544 1545 482558
1545 1546 267119
1546 1547 801876
1547 1548 387496
1548 1549 897456
1549 1550 526166
1550 1551 15222
1551 1552 565757
1552 1553 614620
1553 1554 611445
1554 1555 570126
1555 1556 479006
1556 1557 512707
1557 1558 232258
1558 1559 556698
1559 1560 564805
1560 1561 995824
1561 1562 345291
1562 1563 299457
1563 1564 639910
1564 1565 606007
1565 1566 464378
1566 1567 169492
1567 1568 620208
1568 1569 248505
1569 1570 34323
1570 1571 685329
1571 1572 61898
1572 1573 443229
1573 1574 460594
1574 1575 212316
1575 1576 381912
1576 1577 17494
1577 1578 384592
1578 1579 533701
1579 1580 196596
1580 1581 815585
1581 1582 230461
1582 1583 968775
1583 1584 260087
1584 1585 410501
1585 1586 153060
1586 1587 8196
1587 1588 351344
1588 1589 465810
1589 1590 498187
1590 1591 813643
1591 1592 696424
1592 1593 149540
1593 1594 555474
1594 1595 183828
1595 1596 292326
1596 1597 343328
1597 1598 254321
1598 1599 852545
1599 1600 451366
1600 1601 40179
1601 1602 71804
1602 1603 149853
1603 1604 582050
1604 1605 19224
1605 1606 97888
1606 1607 232669
1607 1608 107084
1608 1609 508688
1609 1610 610405
1610 1611 427171
1611 1612 603151
1612 1613 364776
1613 1614 155243
1614 1615 850423
1615 1616 464978
1616 1617 791544
1617 1618 657967
1618 1619 474894
1619 1620 432950
1620 1621 413665
1621 1622 443845
1622 1623 610438
1623 1624 104789
1624 1625 121036
1625 1626 881820
1626 1627 814181
1627 1628 529539
1628 1629 15663
1629 1630 843391
1630 1631 687454
1631 1632 213262
1632 1633 694408
1633 1634 308816
1634 1635 666381
1635 1636 402560
1636 1637 465441
1637 1638 393101
1638 1639 177720
1639 1640 28569
1640 1641 645132
1641 1642 91981
1642 1643 727118
1643 1644 593047
1644 1645 955111
1645 1646 822145
1646 1647 467177
1647 1648 81199
1648 1649 535895
1649 1650 881269
1650 1651 388109
1651 1652 258515
1652 1653 143182
1653 1654 384974
1654 1655 850536
1655 1656 517163
1656 1657 776390
1657 1658 436427
1658 1659 158290
1659 1660 469086
1660 1661 668164
1661 1662 741573
1662 1663 786380
1663 1664 977864
1664 1665 603608
1665 1666 455024
1666 1667 78786
1667 1668 448899
1668 1669 455962
1669 1670 120154
1670 1671 774347
1671 1672 654880
1672 1673 907244
1673 1674 685801
1674 1675 852901
1675 1676 80236
1676 1677 125116
1677 1678 71391
1678 1679 316923
1679 1680 930542
1680 1681 627456
1681 1682 482327
1682 1683 657121
1683 1684 418149
1684 1685 355513
1685 1686 84102
1686 1687 426964
1687 1688 288203
1688 1689 657010
1689 1690 125884
1690 1691 385532
1691 1692 94166
1692 1693 625985
1693 1694 470883
1694 1695 972522
1695 1696 531059
1696 1697 818562
1697 1698 116604
1698 1699 120028
1699 1700 482060
1700 1701 752096
1701 1702 457190
1702 1703 800182
1703 1704 396801
1704 1705 761294
1705 1706 971673
1706 1707 589193
1707 1708 164527
1708 1709 268551
1709 1710 64932
1710 1711 180686
1711 1712 46126
1712 1713 255187
1713 1714 227572
1714 1715 609897
1715 1716 857356
1716 1717 599619
1717 1718 231822
1718 1719 901735
1719 1720 516501
1720 1721 24754
1721 1722 687634
1722 1723 86658
1723 1724 122956
1724 1725 839107
1725 1726 715896
1726 1727 169882
1727 1728 210864
1728 1729 726439
1729 1730 171860
1730 1731 751419
1731 1732 637114
1732 1733 419670
1733 1734 386322
1734 1735 796763
1735 1736 330331
1736 1737 232722
1737 1738 391740
1738 1739 922202
1739 1740 712704
1740 1741 965673
1741 1742 262449
1742 1743 134721
1743 1744 311055
1744 1745 615666
1745 1746 607662
1746 1747 504774
1747 1748 599017
1748 1749 778572
1749 1750 462406
1750 1751 132740
1751 1752 760296
1752 1753 990628
1753 1754 203115
1754 1755 419141
1755 1756 608480
1756 1757 293805
1757 1758 150053
1758 1759 409465
1759 1760 787231
1760 1761 863015
1761 1762 258966
1762 1763 53950
1763 1764 385390
1764 1765 190938
1765 1766 93630
1766 1767 975384
1767 1768 181135
1768 1769 597722
1769 1770 669107
1770 1771 359799
1771 1772 262399
1772 1773 590146
1773 1774 911782
1774 1775 398581
1775 1776 659379
1776 1777 203067
1777 1778 940706
1778 1779 75863
1779 1780 336604
1780 1781 978804
1781 1782 53070
1782 1783 120329
1783 1784 991589
1784 1785 427624
1785 1786 843048
1786 1787 360740
1787 1788 454001
1788 1789 671389
1789 1790 318345
1790 1791 736874
1791 1792 336991
1792 1793 334881
1793 1794 606181
1794 1795 281221
1795 1796 968712
1796 1797 877005
1797 1798 559305
1798 1799 438221
1799 1800 569661
1800 1801 590211
1801 1802 575197
1802 1803 353537
1803 1804 442955
1804 1805 110450
1805 1806 577634
1806 1807 877066
1807 1808 585016
1808 1809 956174
1809 1810 987955
1810 1811 172285
1811 1812 121989
1812 1813 506266
1813 1814 842565
1814 1815 789335
1815 1816 137003
1816 1817 19935
1817 1818 162600
1818 1819 959168
1819 1820 142624
1820 1821 352372
1821 1822 747013
1822 1823 667595
1823 1824 809745
1824 1825 894774
1825 1826 780127
1826 1827 780210
1827 1828 451303
1828 1829 388238
1829 1830 371860
1830 1831 90011
1831 1832 483268
1832 1833 742064
1833 1834 762971
1834 1835 778647
1835 1836 941444
1836 1837 642328
1837 1838 396870
1838 1839 120863
1839 1840 782334
1840 1841 586892
1841 1842 960383
1842 1843 682519
1843 1844 126595
1844 1845 256350
1845 1846 128140
1846 1847 801869
1847 1848 828891
1848 1849 63785
1849 1850 417484
1850 1851 577273
1851 1852 150540
1852 1853 522513
1853 1854 320825
1854 1855 161852
1855 1856 400532
1856 1857 836485
1857 1858 348837
1858 1859 168802
1859 1860 353900
1860 1861 646974
1861 1862 362303
1862 1863 16866
1863 1864 713925
1864 1865 208191
1865 1866 142157
1866 1867 160922
1867 1868 924620
1868 1869 213844
1869 1870 585457
1870 1871 811477
1871 1872 761959
1872 1873 509269
1873 1874 238694
1874 1875 187527
1875 1876 836406
1876 1877 8034
1877 1878 905346
1878 1879 801229
1879 1880 280021
1880 1881 195430
1881 1882 28851
1882 1883 949742
1883 1884 129046
1884 1885 750357
1885 1886 709252
1886 1887 919646
1887 1888 900297
1888 1889 426287
1889 1890 890583
1890 1891 685752
1891 1892 585782
1892 1893 354685
1893 1894 931049
1894 1895 464833
1895 1896 417119
1896 1897 841489
1897 1898 686355
1898 1899 442666
1899 1900 136833
1900 1901 802568
1901 1902 589444
1902 1903 597260
1903 1904 628753
1904 1905 575304
1905 1906 887498
1906 1907 72555
1907 1908 111488
1908 1909 890820
1909 1910 826760
1910 1911 248628
1911 1912 653176
1912 1913 878453
1913 1914 374271
1914 1915 661248
1915 1916 873054
1916 1917 361120
1917 1918 520647
1918 1919 157905
1919 1920 432336
1920 1921 360788
1921 1922 335700
1922 1923 201042
1923 1924 388070
1924 1925 394538
1925 1926 706035
1926 1927 380761
1927 1928 951539
1928 1929 734149
1929 1930 194892
1930 1931 998886
1931 1932 991299
1932 1933 910610
1933 1934 202719
1934 1935 85923
1935 1936 645916
1936 1937 261958
1937 1938 890569
1938 1939 685667
1939 1940 700031
1940 1941 259556
1941 1942 218686
1942 1943 567909
1943 1944 594341
1944 1945 90294
1945 1946 742861
1946 1947 841935
1947 1948 403524
1948 1949 458961
1949 1950 890849
1950 1951 199157
1951 1952 753992
1952 1953 214995
1953 1954 394748
1954 1955 206801
1955 1956 780636
1956 1957 108710
1957 1958 745020
1958 1959 291658
1959 1960 335841
1960 1961 961532
1961 1962 289944
1962 1963 934063
1963 1964 482739
1964 1965 814674
1965 1966 182433
1966 1967 591227
1967 1968 183081
1968 1969 287087
1969 1970 315843
1970 1971 727632
1971 1972 64915
1972 1973 71652
1973 1974 713923
1974 1975 219965
1975 1976 905980
1976 1977 425099
1977 1978 583040
1978 1979 674234
1979 1980 478823
1980 1981 50185
1981 1982 825203
1982 1983 471401
1983 1984 770002
1984 1985 966669
1985 1986 317489
1986 1987 642388
1987 1988 521464
1988 1989 828113
1989 1990 171941
1990 1991 783795
1991 1992 245640
1992 1993 777238
1993 1994 472024
1994 1995 6053
1995 1996 372721
1996 1997 968233
1997 1998 738795
1998 1999 506995
1999 2000 480664
2000 2001 178338
2001 2002 486745
2002 2003 169810
2003 2004 659101
2004 2005 426081
2005 2006 856440
2006 2007 964767
2007 2008 955612
2008 2009 786833
2009 2010 960118
2010 2011 39394
2011 2012 613223
2012 2013 767143
2013 2014 566621
2014 2015 7437
2015 2016 976334
2016 2017 324898
2017 2018 579025
2018 2019 108412
2019 2020 988441
2020 2021 931722
2021 2022 521934
2022 2023 826805
2023 2024 600393
2024 2025 352946
2025 2026 760620
2026 2027 906215
2027 2028 716061
2028 2029 396855
2029 2030 577117
2030 2031 797996
2031 2032 9608
2032 2033 633280
2033 2034 946923
2034 2035 809416
2035 2036 920317
2036 2037 304382
2037 2038 984828
2038 2039 773353
2039 2040 654757
2040 2041 221355
2041 2042 266704
2042 2043 685543
2043 2044 307045
2044 2045 315213
2045 2046 518271
2046 2047 624899
2047 2048 511643
2048 2049 857585
2049 2050 579580
2050 2051 106025
2051 2052 434527
2052 2053 209138
2053 2054 519830
2054 2055 971568
2055 2056 724996
2056 2057 518897
2057 2058 199156
2058 2059 709014
2059 2060 878614
2060 2061 358364
2061 2062 874902
2062 2063 662854
2063 2064 720858
2064 2065 923305
2065 2066 282393
2066 2067 676883
2067 2068 534931
2068 2069 176153
2069 2070 679664
2070 2071 10364
2071 2072 493881
2072 2073 456951
2073 2074 510189
2074 2075 842600
2075 2076 640705
2076 2077 172376
2077 2078 509496
2078 2079 859881
2079 2080 274778
2080 2081 646363
2081 2082 548628
2082 2083 647802
2083 2084 102508
2084 2085 276008
2085 2086 325598
2086 2087 413763
2087 2088 257880
2088 2089 837746
2089 2090 275471
2090 2091 901457
2091 2092 976508
2092 2093 721527
2093 2094 605111
2094 2095 446432
2095 2096 824430
2096 2097 61180
2097 2098 181122
2098 2099 318163
2099 2100 879550
2100 2101 21267
2101 2102 451444
2102 2103 98103
2103 2104 524982
2104 2105 868694
2105 2106 872750
2106 2107 374086
2107 2108 889307
2108 2109 999851
2109 2110 566312
2110 2111 493599
2111 2112 793514
2112 2113 573951
2113 2114 991415
2114 2115 2064
2115 2116 564765
2116 2117 66317
2117 2118 535942
2118 2119 24590
2119 2120 636390
2120 2121 683606
2121 2122 840990
2122 2123 652153
2123 2124 535281
2124 2125 219880
2125 2126 617567
2126 2127 563291
2127 2128 649699
2128 2129 107930
2129 2130 513158
2130 2131 706919
2131 2132 44639
2132 2133 395083
2133 2134 250088
2134 2135 130812
2135 2136 730173
2136 2137 327783
2137 2138 862195
2138 2139 375584
2139 2140 598866
2140 2141 396132
2141 2142 813169
2142 2143 126983
2143 2144 10989
2144 2145 335550
2145 2146 982277
2146 2147 408075
2147 2148 267221
2148 2149 629697
2149 2150 692845
2150 2151 843123
2151 2152 842446
2152 2153 390077
2153 2154 955648
2154 2155 210222
2155 2156 537362
2156 2157 871889
2157 2158 573040
2158 2159 112086
2159 2160 463386
2160 2161 895650
2161 2162 104263
2162 2163 346864
2163 2164 73109
2164 2165 476770
2165 2166 937067
2166 2167 91816
2167 2168 28205
2168 2169 247371
2169 2170 903195
2170 2171 166679
2171 2172 658055
2172 2173 288419
2173 2174 829232
2174 2175 882174
2175 2176 190784
2176 2177 213496
2177 2178 604959
2178 2179 756426
2179 2180 349106
2180 2181 828707
2181 2182 694644
2182 2183 743632
2183 2184 528879
2184 2185 816966
2185 2186 25046
2186 2187 472719
2187 2188 669186
2188 2189 175184
2189 2190 313159
2190 2191 94835
2191 2192 296051
2192 2193 486965
2193 2194 351586
2194 2195 225421
2195 2196 257473
2196 2197 982328
2197 2198 811549
2198 2199 61085
2199 2200 24935
2200 2201 584482
2201 2202 592455
2202 2203 449803
2203 2204 214553
2204 2205 362889
2205 2206 485832
2206 2207 479975
2207 2208 153222
2208 2209 664204
2209 2210 342949
2210 2211 751150
2211 2212 180693
2212 2213 611028
2213 2214 93882
2214 2215 221189
2215 2216 640489
2216 2217 779154
2217 2218 782400
2218 2219 709501
2219 2220 198943
2220 2221 707269
2221 2222 795591
2222 2223 163215
2223 2224 333069
2224 2225 219059
2225 2226 76218
2226 2227 919712
2227 2228 545602
2228 2229 911980
2229 2230 66271
2230 2231 327483
2231 2232 189578
2232 2233 940299
2233 2234 22102
2234 2235 356251
2235 2236 936809
2236 2237 835446
2237 2238 135191
2238 2239 45664
2239 2240 438428
2240 2241 958363
2241 2242 238582
2242 2243 465494
2243 2244 231837
2244 2245 672947
2245 2246 429472
2246 2247 27380
2247 2248 219166
2248 2249 455617
2249 2250 810141
2250 2251 671320
2251 2252 655434
2252 2253 942993
2253 2254 465422
2254 2255 310541
2255 2256 36937
2256 2257 660283
2257 2258 490605
2258 2259 146438
2259 2260 257594
2260 2261 534815
2261 2262 337233
2262 2263 31202
2263 2264 770167
2264 2265 36391
2265 2266 496745
2266 2267 90152
2267 2268 88087
2268 2269 114954
2269 2270 879998
2270 2271 439690
2271 2272 773029
2272 2273 456517
2273 2274 758643
2274 2275 978915
2275 2276 979179
2276 2277 868577
2277 2278 596166
2278 2279 25339
2279 2280 252780
2280 2281 46514
2281 2282 936078
2282 2283 542527
2283 2284 470306
2284 2285 758228
2285 2286 282236
2286 2287 468043
2287 2288 507014
2288 2289 189742
2289 2290 848284
2290 2291 339618
2291 2292 427206
2292 2293 359280
2293 2294 639571
2294 2295 441009
2295 2296 470094
2296 2297 380694
2297 2298 457824
2298 2299 235025
2299 2300 51330
2300 2301 149540
2301 2302 619612
2302 2303 936324
2303 2304 935231
2304 2305 701289
2305 2306 727804
2306 2307 656757
2307 2308 687519
2308 2309 867134
2309 2310 210507
2310 2311 139002
2311 2312 532211
2312 2313 311942
2313 2314 731058
2314 2315 828627
2315 2316 41352
2316 2317 243693
2317 2318 231090
2318 2319 905769
2319 2320 827109
2320 2321 824171
2321 2322 99942
2322 2323 902098
2323 2324 968201
2324 2325 758784
2325 2326 218564
2326 2327 88713
2327 2328 412335
2328 2329 581303
2329 2330 50650
2330 2331 330872
2331 2332 144843
2332 2333 352933
2333 2334 326226
2334 2335 240431
2335 2336 612491
2336 2337 195816
2337 2338 457328
2338 2339 131307
2339 2340 927832
2340 2341 470250
2341 2342 264080
2342 2343 788818
2343 2344 352788
2344 2345 222429
2345 2346 772843
2346 2347 627635
2347 2348 612444
2348 2349 592702
2349 2350 210000
2350 2351 397129
2351 2352 811846
2352 2353 838995
2353 2354 927596
2354 2355 422070
2355 2356 432929
2356 2357 860143
2357 2358 768517
2358 2359 516553
2359 2360 711673
2360 2361 439467
2361 2362 692280
2362 2363 53946
2363 2364 272145
2364 2365 944556
2365 2366 59456
2366 2367 470187
2367 2368 656168
2368 2369 862305
2369 2370 62960
2370 2371 615654
2371 2372 98103
2372 2373 391300
2373 2374 659189
2374 2375 209891
2375 2376 44975
2376 2377 922518
2377 2378 432278
2378 2379 967488
2379 2380 967933
2380 2381 533476
2381 2382 411190
2382 2383 573001
2383 2384 866952
2384 2385 238726
2385 2386 6350
2386 2387 353775
2387 2388 867311
2388 2389 311900
2389 2390 154037
2390 2391 679890
2391 2392 273932
2392 2393 836369
2393 2394 884506
2394 2395 797114
2395 2396 393589
2396 2397 496922
2397 2398 238469
2398 2399 512215
2399 2400 351224
2400 2401 431285
2401 2402 849051
2402 2403 857862
2403 2404 821468
2404 2405 800940
2405 2406 12121
2406 2407 964620
2407 2408 571492
2408 2409 347089
2409 2410 491094
2410 2411 627546
2411 2412 616076
2412 2413 348802
2413 2414 318019
2414 2415 460489
2415 2416 935884
2416 2417 339107
2417 2418 755179
2418 2419 389149
2419 2420 167826
2420 2421 826152
2421 2422 441461
2422 2423 851908
2423 2424 182922
2424 2425 416650
2425 2426 120095
2426 2427 836118
2427 2428 290967
2428 2429 236431
2429 2430 630466
2430 2431 30804
2431 2432 422360
2432 2433 702468
2433 2434 469138
2434 2435 574698
2435 2436 292198
2436 2437 341572
2437 2438 814621
2438 2439 405550
2439 2440 41362
2440 2441 284144
2441 2442 707529
2442 2443 283424
2443 2444 736681
2444 2445 556853
2445 2446 425175
2446 2447 162986
2447 2448 839729
2448 2449 140491
2449 2450 985316
2450 2451 623264
2451 2452 945259
2452 2453 920371
2453 2454 228389
2454 2455 418046
2455 2456 720209
2456 2457 884662
2457 2458 432680
2458 2459 732334
2459 2460 463574
2460 2461 914538
2461 2462 455255
2462 2463 499649
2463 2464 556971
2464 2465 8173
2465 2466 535349
2466 2467 868083
2467 2468 581942
2468 2469 208425
2469 2470 100128
2470 2471 118953
2471 2472 739354
2472 2473 20561
2473 2474 878863
2474 2475 783091
2475 2476 486579
2476 2477 418144
2477 2478 85588
2478 2479 886604
2479 2480 799768
2480 2481 729822
2481 2482 103065
2482 2483 801367
2483 2484 495066
2484 2485 838556
2485 2486 961060
2486 2487 255585
2487 2488 531521
2488 2489 47028
2489 2490 715028
2490 2491 202852
2491 2492 803091
2492 2493 565708
2493 2494 634275
2494 2495 410943
2495 2496 148174
2496 2497 490833
2497 2498 709923
2498 2499 715456
2499 2500 772459
2500 2501 812670
2501 2502 412291
2502 2503 958108
2503 2504 298523
2504 2505 116372
2505 2506 481226
2506 2507 572531
2507 2508 601035
2508 2509 561889
2509 2510 776024
2510 2511 37007
2511 2512 468577
2512 2513 542011
2513 2514 626281
2514 2515 59875
2515 2516 685054
2516 2517 518340
2517 2518 211987
2518 2519 924557
2519 2520 766395
2520 2521 593637
2521 2522 373252
2522 2523 194710
2523 2524 224366
2524 2525 304404
2525 2526 669895
2526 2527 583214
2527 2528 378148
2528 2529 449104
2529 2530 96637
2530 2531 802994
2531 2532 79718
2532 2533 772769
2533 2534 344038
2534 2535 407400
2535 2536 506550
2536 2537 887707
2537 2538 690648
2538 2539 784383
2539 2540 307472
2540 2541 283225
2541 2542 38467
2542 2543 919506
2543 2544 279915
2544 2545 443267
2545 2546 418421
2546 2547 141795
2547 2548 65336
2548 2549 193482
2549 2550 49233
2550 2551 363809
2551 2552 24031
2552 2553 748457
2553 2554 419800
2554 2555 88612
2555 2556 598278
2556 2557 867619
2557 2558 87010
2558 2559 706605
2559 2560 627531
2560 2561 69961
2561 2562 522339
2562 2563 513513
2563 2564 352967
2564 2565 148403
2565 2566 666344
2566 2567 284524
2567 2568 850315
2568 2569 986307
2569 2570 346649
2570 2571 347128
2571 2572 741603
2572 2573 727015
2573 2574 102199
2574 2575 547765
2575 2576 541975
2576 2577 517590
2577 2578 435420
2578 2579 917560
2579 2580 974375
2580 2581 236367
2581 2582 287551
2582 2583 564094
2583 2584 239692
2584 2585 512799
2585 2586 639983
2586 2587 955887
2587 2588 222268
2588 2589 566617
2589 2590 119765
2590 2591 843293
2591 2592 108900
2592 2593 892125
2593 2594 663092
2594 2595 390788
2595 2596 560045
2596 2597 629523
2597 2598 31914
2598 2599 390538
2599 2600 849529
2600 2601 533295
2601 2602 916270
2602 2603 60221
2603 2604 880356
2604 2605 896556
2605 2606 566801
2606 2607 997273
2607 2608 314565
2608 2609 106067
2609 2610 376895
2610 2611 427778
2611 2612 138412
2612 2613 681203
2613 2614 88061
2614 2615 922627
2615 2616 364899
2616 2617 725608
2617 2618 555626
2618 2619 929751
2619 2620 241263
2620 2621 825813
2621 2622 413696
2622 2623 676958
2623 2624 927374
2624 2625 771115
2625 2626 402065
2626 2627 98404
2627 2628 464441
2628 2629 773922
2629 2630 805580
2630 2631 313823
2631 2632 698337
2632 2633 241533
2633 2634 670903
2634 2635 777456
2635 2636 447858
2636 2637 473992
2637 2638 542068
2638 2639 296094
2639 2640 657492
2640 2641 15259
2641 2642 240062
2642 2643 863776
2643 2644 287655
2644 2645 241365
2645 2646 389546
2646 2647 61457
2647 2648 804356
2648 2649 882275
2649 2650 726057
2650 2651 979707
2651 2652 340545
2652 2653 858808
2653 2654 738946
2654 2655 331855
2655 2656 680299
2656 2657 892821
2657 2658 531226
2658 2659 925545
2659 2660 474378
2660 2661 673728
2661 2662 872685
2662 2663 308366
2663 2664 529890
2664 2665 34510
2665 2666 565715
2666 2667 901422
2667 2668 48238
2668 2669 358874
2669 2670 198718
2670 2671 81828
2671 2672 957221
2672 2673 499853
2673 2674 453496
2674 2675 681971
2675 2676 210679
2676 2677 864214
2677 2678 587431
2678 2679 606088
2679 2680 807630
2680 2681 276401
2681 2682 672843
2682 2683 858364
2683 2684 903567
2684 2685 447714
2685 2686 661180
2686 2687 605649
2687 2688 413144
2688 2689 470712
2689 2690 655022
2690 2691 701810
2691 2692 222849
2692 2693 942284
2693 2694 306670
2694 2695 998133
2695 2696 575389
2696 2697 718849
2697 2698 767843
2698 2699 784858
2699 2700 128632
2700 2701 86595
2701 2702 428304
2702 2703 549002
2703 2704 50648
2704 2705 913226
2705 2706 41870
2706 2707 568346
2707 2708 341181
2708 2709 608854
2709 2710 150356
2710 2711 589639
2711 2712 164066
2712 2713 553330
2713 2714 345777
2714 2715 555002
2715 2716 454524
2716 2717 761330
2717 2718 870349
2718 2719 291331
2719 2720 260664
2720 2721 772919
2721 2722 218029
2722 2723 629344
2723 2724 964670
2724 2725 822823
2725 2726 305006
2726 2727 253876
2727 2728 175410
2728 2729 375351
2729 2730 690951
2730 2731 75090
2731 2732 78191
2732 2733 210019
2733 2734 32713
2734 2735 41713
2735 2736 807564
2736 2737 789298
2737 2738 413088
2738 2739 559030
2739 2740 320345
2740 2741 471348
2741 2742 70928
2742 2743 33775
2743 2744 203104
2744 2745 195589
2745 2746 15994
2746 2747 568340
2747 2748 880102
2748 2749 65417
2749 2750 724439
2750 2751 534662
2751 2752 980904
2752 2753 553775
2753 2754 180409
2754 2755 201298
2755 2756 676513
2756 2757 728049
2757 2758 497742
2758 2759 962221
2759 2760 930560
2760 2761 740432
2761 2762 917342
2762 2763 167286
2763 2764 360436
2764 2765 663449
2765 2766 7306
2766 2767 395320
2767 2768 575266
2768 2769 308196
2769 2770 547341
2770 2771 849639
2771 2772 463722
2772 2773 412497
2773 2774 73212
2774 2775 318688
2775 2776 301351
2776 2777 218571
2777 2778 123847
2778 2779 968363
2779 2780 223405
2780 2781 567367
2781 2782 609847
2782 2783 917818
2783 2784 172299
2784 2785 402115
2785 2786 470384
2786 2787 158569
