cc61ad56a4797fb3f5c9529f73ce6fcedd85669b
1
2808 2 2807 2639466957435
0 1 502306
1 2 406185
2 3 189549
3 4 258275
4 5 579629
5 6 609120
6 7 110030
7 8 526094
8 9 798960
9 10 580118
10 11 354523
11 12 266260
12 13 57024
13 14 764532
14 15 2984
15 16 15589
16 17 433020
17 18 369341
18 19 192624
19 20 425
20 21 679564
21 22 679759
22 23 850136
23 24 530050
24 25 584739
25 26 199649
26 27 147824
27 28 61004
28 29 697918
29 30 159748
30 31 884339
31 32 887903
32 33 281956
33 34 856292
34 35 487427
35 36 739785
36 37 650406
37 38 181062
38 39 432560
39 40 471381
40 41 249118
41 42 486409
42 43 48432
43 44 964040
44 45 805489
45 46 911079
46 47 755749
47 48 166560
48 49 554383
49 50 923250
50 51 982940
51 52 812758
52 53 213423
53 54 525017
54 55 968522
55 56 219354
56 57 789141
57 58 379426
58 59 496783
59 60 868763
60 61 726094
61 62 645231
62 63 730036
63 64 636414
64 65 826160
65 66 428795
66 67 243438
67 68 549924
68 69 140828
69 70 626012
70 71 221210
71 72 742182
72 73 932734
73 74 463040
74 75 401985
75 76 931994
76 77 699657
77 78 514161
78 79 349395
79 80 215373
80 81 378940
81 82 875987
82 83 562669
83 84 788296
84 85 183841
85 86 751267
86 87 88533
87 88 337996
88 89 996939
89 90 287671
90 91 77370
91 92 941080
92 93 554901
93 94 76482
94 95 704566
95 96 368352
96 97 396519
97 98 507342
98 99 43725
99 100 772373
100 101 148402
101 102 938561
102 103 131181
103 104 19425
104 105 1392
105 106 871003
106 107 325422
107 108 350185
108 109 502055
109 110 711348
110 111 672849
111 112 327947
112 113 230885
113 114 239040
114 115 887811
115 116 417503
116 117 945858
117 118 722700
118 119 612824
119 120 733112
120 121 254050
121 122 187007
122 123 802770
123 124 938210
124 125 962034
125 126 759964
126 127 968729
127 128 760035
128 129 735529
129 130 905724
130 131 841793
131 132 462843
132 133 604934
133 134 398742
134 135 220169
135 136 168229
136 137 381461
137 138 989625
138 139 499672
139 140 718230
140 141 510828
141 142 277390
142 143 915392
143 144 472699
144 145 540199
145 146 281304
146 147 713597
147 148 294332
148 149 797490
149 150 108149
150 151 766388
151 152 1981
152 153 760765
153 154 810652
154 155 839222
155 156 614745
156 157 222662
157 158 980638
158 159 94268
159 160 947943
160 161 460885
161 162 285030
162 163 11498
163 164 785527
164 165 104313
165 166 982779
166 167 211726
167 168 165139
168 169 947469
169 170 742843
170 171 780319
171 172 749632
172 173 189431
173 174 459744
174 175 821248
175 176 90492
176 177 891237
177 178 605244
178 179 406780
179 180 760575
180 181 119184
181 182 308413
182 183 914313
183 184 216764
184 185 283706
185 186 329643
186 187 182791
187 188 838879
188 189 730673
189 190 914727
190 191 934336
191 192 8590
192 193 634379
193 194 34988
194 195 889255
195 196 679145
196 197 902698
197 198 668304
198 199 890651
199 200 184779
200 201 529848
201 202 625281
202 203 32674
203 204 623944
204 205 200233
205 206 719753
206 207 453104
207 208 732143
208 209 663165
209 210 714635
210 211 5983
211 212 311304
212 213 335036
213 214 52870
214 215 956406
215 216 624469
216 217 709306
217 218 633359
218 219 528933
219 220 380434
220 221 539794
221 222 629208
222 223 874820
223 224 897461
224 225 220141
225 226 115565
226 227 445145
227 228 85296
228 229 95098
229 230 395635
230 231 299856
231 232 868012
232 233 626421
233 234 936490
234 235 179266
235 236 368782
236 237 962210
237 238 211690
238 239 498225
239 240 77172
240 241 107600
241 242 309094
242 243 592200
243 244 711926
244 245 700503
245 246 309357
246 247 706716
247 248 312871
248 249 781724
249 250 449318
250 251 762095
251 252 95122
252 253 266058
253 254 456849
254 255 91817
255 256 759167
256 257 740697
257 258 710090
258 259 899679
259 260 66925
260 261 493129
261 262 369351
262 263 826959
263 264 548759
264 265 806628
265 266 872023
266 267 814367
267 268 780914
268 269 262657
269 270 731490
270 271 877218
271 272 23722
272 273 18109
273 274 79661
274 275 246996
275 276 535914
276 277 353345
277 278 881877
278 279 291803
279 280 186194
280 281 428481
281 282 601936
282 283 141382
283 284 252864
284 285 922169
285 286 62193
286 287 647823
287 288 38666
288 289 293040
289 290 970211
290 291 897371
291 292 201664
292 293 380086
293 294 859306
294 295 714678
295 296 47276
296 297 842343
297 298 50919
298 299 182424
299 300 166931
300 301 277159
301 302 565266
302 303 21092
303 304 549618
304 305 38245
305 306 44416
306 307 739110
307 308 632835
308 309 198362
309 310 833180
310 311 594578
311 312 773176
312 313 983113
313 314 577071
314 315 461642
315 316 307836
316 317 181182
317 318 475673
318 319 964630
319 320 561015
320 321 110225
321 322 702807
322 323 263082
323 324 51272
324 325 293858
325 326 538941
326 327 856741
327 328 651018
328 329 201819
329 330 116923
330 331 471374
331 332 656081
332 333 429427
333 334 350874
334 335 917079
335 336 569324
336 337 909159
337 338 910141
338 339 493980
339 340 899426
340 341 518337
341 342 23267
342 343 809890
343 344 617335
344 345 512275
345 346 623457
346 347 796954
347 348 520038
348 349 36410
349 350 12137
350 351 605981
351 352 895845
352 353 498141
353 354 332935
354 355 522223
355 356 551718
356 357 712940
357 358 637664
358 359 249085
359 360 468882
360 361 541731
361 362 917171
362 363 726753
363 364 32845
364 365 959238
365 366 381018
366 367 883226
367 368 375
368 369 131557
369 370 255367
370 371 823191
371 372 547367
372 373 623639
373 374 308873
374 375 373483
375 376 826671
376 377 263680
377 378 796870
378 379 499287
379 380 686429
380 381 625100
381 382 280640
382 383 940484
383 384 249269
384 385 282355
385 386 861522
386 387 144392
387 388 236665
388 389 682037
389 390 952818
390 391 811870
391 392 256931
392 393 970717
393 394 971118
394 395 501488
395 396 625703
396 397 176192
397 398 549425
398 399 839502
399 400 92660
400 401 216956
401 402 890556
402 403 731574
403 404 648689
404 405 73979
405 406 675631
406 407 168396
407 408 528258
408 409 470639
409 410 549247
410 411 388896
411 412 894785
412 413 80917
413 414 822719
414 415 147373
415 416 827271
416 417 486900
417 418 980505
418 419 969109
419 420 807714
420 421 786205
421 422 333524
422 423 812008
423 424 106270
424 425 933162
425 426 584909
426 427 672988
427 428 148095
428 429 540352
429 430 864063
430 431 144147
431 432 946882
432 433 900175
433 434 561533
434 435 603802
435 436 540961
436 437 366926
437 438 395508
438 439 60006
439 440 222797
440 441 325121
441 442 96236
442 443 656342
443 444 837684
444 445 868149
445 446 720005
446 447 298742
447 448 504506
448 449 832640
449 450 936444
450 451 768119
451 452 361921
452 453 876035
453 454 71589
454 455 558010
455 456 769059
456 457 244521
457 458 994352
458 459 21316
459 460 941108
460 461 176935
461 462 830373
462 463 919240
463 464 822466
464 465 794940
465 466 366314
466 467 65570
467 468 295959
468 469 445616
469 470 578298
470 471 232152
471 472 152051
472 473 717974
473 474 901996
474 475 605593
475 476 850132
476 477 635275
477 478 969395
478 479 117183
479 480 567023
480 481 878326
481 482 359322
482 483 710030
483 484 197173
484 485 587208
485 486 258182
486 487 9972
487 488 65169
488 489 102651
489 490 616310
490 491 669513
491 492 296999
492 493 917653
493 494 678915
494 495 484878
495 496 229012
496 497 881892
497 498 71906
498 499 67055
499 500 715378
500 501 484288
501 502 48798
502 503 370435
503 504 672594
504 505 714829
505 506 22816
506 507 264968
507 508 390721
508 509 648376
509 510 379177
510 511 887913
511 512 225925
512 513 487351
513 514 888468
514 515 422906
515 516 990943
516 517 613644
517 518 342295
518 519 541304
519 520 660617
520 521 353536
521 522 769792
522 523 305291
523 524 728375
524 525 464041
525 526 721721
526 527 711237
527 528 165143
528 529 581350
529 530 960325
530 531 196129
531 532 793298
532 533 558431
533 534 947075
534 535 158599
535 536 302027
536 537 768071
537 538 915304
538 539 290500
539 540 146140
540 541 1564
541 542 854471
542 543 147348
543 544 391710
544 545 932451
545 546 239434
546 547 512794
547 548 70111
548 549 812462
549 550 380151
550 551 973156
551 552 306667
552 553 687511
553 554 82477
554 555 159465
555 556 41029
556 557 339460
557 558 538470
558 559 471948
559 560 57388
560 561 552291
561 562 877557
562 563 496152
563 564 942297
564 565 431405
565 566 221191
566 567 591555
567 568 398397
568 569 983012
569 570 320675
570 571 217837
571 572 145989
572 573 13654
573 574 249708
574 575 961567
575 576 25495
576 577 262873
577 578 180891
578 579 292687
579 580 329172
580 581 19983
581 582 570119
582 583 783064
583 584 75414
584 585 531169
585 586 21406
586 587 208452
587 588 440305
588 589 38534
589 590 372139
590 591 276803
591 592 191603
592 593 708474
593 594 788496
594 595 750131
595 596 452261
596 597 384841
597 598 896778
598 599 372184
599 600 188169
600 601 978115
601 602 8626
602 603 434658
603 604 553371
604 605 371719
605 606 856504
606 607 447339
607 608 911891
608 609 125690
609 610 602984
610 611 32824
611 612 851423
612 613 417614
613 614 273894
614 615 624501
615 616 174443
616 617 489150
617 618 177459
618 619 111227
619 620 343770
620 621 859662
621 622 636007
622 623 582604
623 624 225227
624 625 406605
625 626 771446
626 627 138642
627 628 425430
628 629 938387
629 630 827758
630 631 646245
631 632 675663
632 633 903045
633 634 58101
634 635 794180
635 636 624960
636 637 85966
637 638 443980
638 639 467736
639 640 339120
640 641 197286
641 642 327056
642 643 421238
643 644 405279
644 645 379084
645 646 484533
646 647 886875
647 648 480777
648 649 950093
649 650 396619
650 651 770863
651 652 778273
652 653 670012
653 654 794427
654 655 387333
655 656 755733
656 657 393017
657 658 307785
658 659 978583
659 660 143310
660 661 426861
661 662 327121
662 663 687691
663 664 458158
664 665 58634
665 666 726155
666 667 828402
667 668 422289
668 669 820748
669 670 42440
670 671 738565
671 672 863118
672 673 542396
673 674 368756
674 675 926249
675 676 590582
676 677 935913
677 678 461396
678 679 767786
679 680 475409
680 681 852207
681 682 365767
682 683 856896
683 684 261669
684 685 177650
685 686 120519
686 687 330318
687 688 537072
688 689 512225
689 690 15527
690 691 306912
691 692 325483
692 693 524853
693 694 785747
694 695 828714
695 696 392519
696 697 218033
697 698 659285
698 699 987021
699 700 228977
700 701 37281
701 702 758412
702 703 41427
703 704 442255
704 705 930845
705 706 142068
706 707 457264
707 708 497345
708 709 585732
709 710 262114
710 711 318145
711 712 299811
712 713 131523
713 714 256263
714 715 902414
715 716 483655
716 717 932430
717 718 295722
718 719 859400
719 720 568125
720 721 261859
721 722 428848
722 723 985741
723 724 583309
724 725 74572
725 726 427797
726 727 48033
727 728 189753
728 729 784794
729 730 635122
730 731 207541
731 732 11325
732 733 272748
733 734 390775
734 735 840674
735 736 338448
736 737 575912
737 738 527279
738 739 51052
739 740 382499
740 741 88830
741 742 801984
742 743 893376
743 744 170462
744 745 93546
745 746 46634
746 747 225464
747 748 445479
748 749 984368
749 750 617349
750 751 750803
751 752 146716
752 753 53920
753 754 20165
754 755 826367
755 756 554133
756 757 654481
757 758 127223
758 759 675665
759 760 251749
760 761 344423
761 762 356995
762 763 757321
763 764 824216
764 765 919246
765 766 665129
766 767 240657
767 768 399732
768 769 321342
769 770 650566
770 771 233788
771 772 22393
772 773 76215
773 774 382286
774 775 401353
775 776 856867
776 777 855300
777 778 593169
778 779 276830
779 780 507108
780 781 684282
781 782 783416
782 783 889295
783 784 697516
784 785 962679
785 786 527622
786 787 663126
787 788 139555
788 789 690533
789 790 196953
790 791 105818
791 792 158571
792 793 20150
793 794 519016
794 795 132202
795 796 149664
796 797 83559
797 798 276932
798 799 633921
799 800 939609
800 801 222015
801 802 331289
802 803 265537
803 804 38182
804 805 945742
805 806 748203
806 807 591162
807 808 969297
808 809 516144
809 810 915867
810 811 144673
811 812 961823
812 813 189961
813 814 83554
814 815 464667
815 816 411470
816 817 883785
817 818 849618
818 819 805938
819 820 849942
820 821 733735
821 822 851866
822 823 92187
823 824 955050
824 825 305319
825 826 17792
826 827 353528
827 828 852854
828 829 16918
829 830 185062
830 831 594513
831 832 756512
832 833 372298
833 834 368583
834 835 984475
835 836 133768
836 837 116260
837 838 1592
838 839 455795
839 840 526154
840 841 377679
841 842 721449
842 843 779873
843 844 512568
844 845 875072
845 846 714276
846 847 206488
847 848 551138
848 849 966069
849 850 724042
850 851 684594
851 852 887951
852 853 192440
853 854 49498
854 855 512757
855 856 6979
856 857 171036
857 858 144684
858 859 920850
859 860 867321
860 861 550716
861 862 8879
862 863 81442
863 864 142888
864 865 233472
865 866 423537
866 867 818409
867 868 16832
868 869 50904
869 870 571733
870 871 524949
871 872 86571
872 873 324289
873 874 690395
874 875 776766
875 876 429774
876 877 536957
877 878 855133
878 879 800741
879 880 708615
880 881 640925
881 882 558478
882 883 668022
883 884 496686
884 885 52088
885 886 938939
886 887 996168
887 888 760022
888 889 310578
889 890 219403
890 891 183129
891 892 706250
892 893 235192
893 894 295297
894 895 353364
895 896 873042
896 897 135744
897 898 337398
898 899 282764
899 900 567726
900 901 384076
901 902 635681
902 903 11904
903 904 835607
904 905 334117
905 906 454544
906 907 675223
907 908 792194
908 909 438625
909 910 43182
910 911 68323
911 912 177374
912 913 954526
913 914 662141
914 915 505760
915 916 941074
916 917 671431
917 918 272347
918 919 267187
919 920 400770
920 921 573004
921 922 624574
922 923 866988
923 924 340233
924 925 461227
925 926 713017
926 927 725126
927 928 440446
928 929 574443
929 930 924023
930 931 567652
931 932 240113
932 933 585693
933 934 191165
934 935 263636
935 936 967532
936 937 553948
937 938 744553
938 939 639245
939 940 459444
940 941 948875
941 942 726583
942 943 407793
943 944 70598
944 945 177883
945 946 9592
946 947 634509
947 948 862620
948 949 350084
949 950 270618
950 951 187286
951 952 687272
952 953 304584
953 954 398245
954 955 192492
955 956 317205
956 957 938357
957 958 973370
958 959 483545
959 960 555339
960 961 453665
961 962 24980
962 963 845456
963 964 306601
964 965 641262
965 966 634248
966 967 294704
967 968 132234
968 969 281925
969 970 116806
970 971 501055
971 972 697283
972 973 913180
973 974 526871
974 975 73457
975 976 895840
976 977 140530
977 978 370526
978 979 683936
979 980 345004
980 981 700303
981 982 235161
982 983 169555
983 984 608999
984 985 937543
985 986 146016
986 987 694649
987 988 291023
988 989 442357
989 990 602658
990 991 897197
991 992 454042
992 993 446786
993 994 84012
994 995 564657
995 996 369400
996 997 649245
997 998 55331
998 999 762100
999 1000 8915
1000 1001 837441
1001 1002 945734
1002 1003 219150
1003 1004 438287
1004 1005 851252
1005 1006 869487
1006 1007 289601
1007 1008 578508
1008 1009 904516
1009 1010 757392
1010 1011 202551
1011 1012 280161
1012 1013 858057
1013 1014 281272
1014 1015 21576
1015 1016 440096
1016 1017 279592
1017 1018 85582
1018 1019 841650
1019 1020 883415
1020 1021 198412
1021 1022 861522
1022 1023 274337
1023 1024 130890
1024 1025 211053
1025 1026 546208
1026 1027 756326
1027 1028 750268
1028 1029 764234
1029 1030 346669
1030 1031 515778
1031 1032 914917
1032 1033 320752
1033 1034 205194
1034 1035 911066
1035 1036 847930
1036 1037 727538
1037 1038 871838
1038 1039 280065
1039 1040 668009
1040 1041 776880
1041 1042 266670
1042 1043 714035
1043 1044 755100
1044 1045 17234
1045 1046 631255
1046 1047 205205
1047 1048 851763
1048 1049 25932
1049 1050 789135
1050 1051 36728
1051 1052 591500
1052 1053 224922
1053 1054 191337
1054 1055 694613
1055 1056 557821
1056 1057 258242
1057 1058 630159
1058 1059 852689
1059 1060 680341
1060 1061 105686
1061 1062 160008
1062 1063 38328
1063 1064 831456
1064 1065 542449
1065 1066 912817
1066 1067 967746
1067 1068 292002
1068 1069 137271
1069 1070 970181
1070 1071 698962
1071 1072 536088
1072 1073 403351
1073 1074 422168
1074 1075 247603
1075 1076 416508
1076 1077 450698
1077 1078 984021
1078 1079 507164
1079 1080 742400
1080 1081 57555
1081 1082 400196
1082 1083 61163
1083 1084 527695
1084 1085 218942
1085 1086 399240
1086 1087 760747
1087 1088 691024
1088 1089 820450
1089 1090 118491
1090 1091 12815
1091 1092 708900
1092 1093 258913
1093 1094 599506
1094 1095 543094
1095 1096 76773
1096 1097 758757
1097 1098 499356
1098 1099 84839
1099 1100 669735
1100 1101 292386
1101 1102 677956
1102 1103 852820
1103 1104 649465
1104 1105 421785
1105 1106 312108
1106 1107 194456
1107 1108 400802
1108 1109 942352
1109 1110 202130
1110 1111 990011
1111 1112 439334
1112 1113 73116
1113 1114 923981
1114 1115 14378
1115 1116 232767
1116 1117 954073
1117 1118 297103
1118 1119 132545
1119 1120 288934
1120 1121 459821
1121 1122 547169
1122 1123 985219
1123 1124 833993
1124 1125 184907
1125 1126 828011
1126 1127 788061
1127 1128 459028
1128 1129 662763
1129 1130 632363
1130 1131 45992
1131 1132 359467
1132 1133 622165
1133 1134 183611
1134 1135 462374
1135 1136 172907
1136 1137 655061
1137 1138 543245
1138 1139 688130
1139 1140 833198
1140 1141 421573
1141 1142 166512
1142 1143 848018
1143 1144 862981
1144 1145 764808
1145 1146 108042
1146 1147 508822
1147 1148 570493
1148 1149 910474
1149 1150 74397
1150 1151 756024
1151 1152 196957
1152 1153 832579
1153 1154 957124
1154 1155 716939
1155 1156 819300
1156 1157 808499
1157 1158 375924
1158 1159 288525
1159 1160 46477
1160 1161 116069
1161 1162 652413
1162 1163 470759
1163 1164 326475
1164 1165 868205
1165 1166 392329
1166 1167 903913
1167 1168 895247
1168 1169 637740
1169 1170 857945
1170 1171 200016
1171 1172 572479
1172 1173 371336
1173 1174 104461
1174 1175 261122
1175 1176 172926
1176 1177 423734
1177 1178 715994
1178 1179 110350
1179 1180 252585
1180 1181 225458
1181 1182 6227
1182 1183 469039
1183 1184 831829
1184 1185 408195
1185 1186 510178
1186 1187 602759
1187 1188 648148
1188 1189 808313
1189 1190 607501
1190 1191 988838
1191 1192 34415
1192 1193 561904
1193 1194 470579
1194 1195 475457
1195 1196 740138
1196 1197 34253
1197 1198 628558
1198 1199 818493
1199 1200 4
1200 1201 807485
1201 1202 195185
1202 1203 525795
1203 1204 976310
1204 1205 448762
1205 1206 155849
1206 1207 383083
1207 1208 961137
1208 1209 449991
1209 1210 238430
1210 1211 962292
1211 1212 316194
1212 1213 989873
1213 1214 208080
1214 1215 161351
1215 1216 855536
1216 1217 30606
1217 1218 534299
1218 1219 619417
1219 1220 282937
1220 1221 428031
1221 1222 517397
1222 1223 868999
1223 1224 544410
1224 1225 664879
1225 1226 84525
1226 1227 50009
1227 1228 271782
1228 1229 187923
1229 1230 449516
1230 1231 447745
1231 1232 398315
1232 1233 383081
1233 1234 560885
1234 1235 968923
1235 1236 898674
1236 1237 292667
1237 1238 924229
1238 1239 189228
1239 1240 100862
1240 1241 175451
1241 1242 69621
1242 1243 355557
1243 1244 196809
1244 1245 81382
1245 1246 899125
1246 1247 33631
1247 1248 754124
1248 1249 601027
1249 1250 453073
1250 1251 271326
1251 1252 545781
1252 1253 685667
1253 1254 303853
1254 1255 30992
1255 1256 489775
1256 1257 652096
1257 1258 99210
1258 1259 339469
1259 1260 753312
1260 1261 955551
1261 1262 600961
1262 1263 408086
1263 1264 152932
1264 1265 658000
1265 1266 855940
1266 1267 159895
1267 1268 728725
1268 1269 429674
1269 1270 117217
1270 1271 961766
1271 1272 802436
1272 1273 138321
1273 1274 713024
1274 1275 439876
1275 1276 232254
1276 1277 99634
1277 1278 382242
1278 1279 136856
1279 1280 255817
1280 1281 38211
1281 1282 963234
1282 1283 121657
1283 1284 682790
1284 1285 599045
1285 1286 700405
1286 1287 341731
1287 1288 18702
1288 1289 178563
1289 1290 568939
1290 1291 674237
1291 1292 181815
1292 1293 403218
1293 1294 610541
1294 1295 443291
1295 1296 263566
1296 1297 876945
1297 1298 80190
1298 1299 537720
1299 1300 553212
1300 1301 723112
1301 1302 146941
1302 1303 929977
1303 1304 402979
1304 1305 121738
1305 1306 939743
1306 1307 356462
1307 1308 260704
1308 1309 719541
1309 1310 913398
1310 1311 788626
1311 1312 561032
1312 1313 146542
1313 1314 446702
1314 1315 187528
1315 1316 852972
1316 1317 177479
1317 1318 69452
1318 1319 616414
1319 1320 407
1320 1321 160730
1321 1322 925359
1322 1323 258891
1323 1324 857804
1324 1325 941068
1325 1326 97105
1326 1327 479921
1327 1328 150090
1328 1329 944013
1329 1330 151685
1330 1331 291613
1331 1332 556554
1332 1333 706133
1333 1334 554616
1334 1335 147268
1335 1336 66109
1336 1337 703846
1337 1338 329841
1338 1339 746822
1339 1340 476048
1340 1341 7950
1341 1342 461138
1342 1343 317933
1343 1344 69289
1344 1345 63587
1345 1346 481366
1346 1347 628396
1347 1348 862633
1348 1349 645766
1349 1350 997075
1350 1351 643361
1351 1352 300713
1352 1353 179619
1353 1354 89911
1354 1355 206037
1355 1356 202367
1356 1357 941229
1357 1358 201613
1358 1359 620152
1359 1360 761272
1360 1361 564900
1361 1362 119415
1362 1363 68135
1363 1364 688669
1364 1365 829968
1365 1366 451506
1366 1367 391912
1367 1368 957872
1368 1369 189124
1369 1370 915543
1370 1371 45290
1371 1372 921581
1372 1373 166494
1373 1374 156630
1374 1375 54472
1375 1376 522059
1376 1377 610755
1377 1378 947450
1378 1379 82436
1379 1380 197114
1380 1381 686565
1381 1382 219050
1382 1383 665357
1383 1384 493861
1384 1385 355838
1385 1386 619811
1386 1387 389755
1387 1388 503663
1388 1389 424148
1389 1390 575616
1390 1391 354511
1391 1392 288759
1392 1393 596021
1393 1394 553396
1394 1395 691958
1395 1396 720981
1396 1397 287290
1397 1398 647309
1398 1399 881669
1399 1400 685916
1400 1401 742085
1401 1402 908208
1402 1403 218235
1403 1404 293464
1404 1405 340292
1405 1406 505185
1406 1407 525443
1407 1408 924815
1408 1409 930861
1409 1410 121530
1410 1411 282929
1411 1412 529538
1412 1413 643010
1413 1414 506736
1414 1415 426242
1415 1416 882282
1416 1417 391500
1417 1418 660627
1418 1419 541598
1419 1420 737725
1420 1421 2466
1421 1422 259083
1422 1423 387543
1423 1424 914216
1424 1425 926177
1425 1426 216734
1426 1427 421353
1427 1428 419284
1428 1429 128178
1429 1430 318951
1430 1431 304250
1431 1432 91363
1432 1433 379976
1433 1434 115870
1434 1435 443225
1435 1436 302129
1436 1437 22049
1437 1438 187668
1438 1439 224704
1439 1440 454741
1440 1441 877698
1441 1442 55861
1442 1443 375443
1443 1444 139551
1444 1445 266110
1445 1446 470661
1446 1447 111968
1447 1448 270169
1448 1449 579693
1449 1450 680229
1450 1451 37150
1451 1452 953736
1452 1453 395062
1453 1454 770638
1454 1455 438512
1455 1456 239914
1456 1457 637831
1457 1458 293267
1458 1459 821153
1459 1460 963896
1460 1461 691737
1461 1462 490720
1462 1463 460327
1463 1464 467426
1464 1465 304175
1465 1466 101950
1466 1467 295523
1467 1468 205335
1468 1469 454229
1469 1470 464974
1470 1471 412700
1471 1472 942780
1472 1473 748450
1473 1474 235531
1474 1475 165705
1475 1476 488562
1476 1477 183032
1477 1478 951819
1478 1479 15302
1479 1480 986898
1480 1481 709377
1481 1482 956924
1482 1483 998234
1483 1484 267121
1484 1485 473073
1485 1486 85352
1486 1487 541945
1487 1488 515870
1488 1489 179848
1489 1490 81395
1490 1491 125118
1491 1492 637409
1492 1493 149071
1493 1494 905497
1494 1495 272238
1495 1496 241852
1496 1497 828951
1497 1498 135795
1498 1499 531577
1499 1500 701995
1500 1501 482623
1501 1502 116464
1502 1503 602234
1503 1504 611621
1504 1505 283693
1505 1506 966558
1506 1507 924084
1507 1508 90522
1508 1509 809489
1509 1510 443360
1510 1511 977172
1511 1512 886260
1512 1513 597415
1513 1514 609206
1514 1515 7859
1515 1516 397400
1516 1517 392051
1517 1518 166778
1518 1519 857107
1519 1520 391268
1520 1521 968388
1521 1522 955487
1522 1523 9695
1523 1524 916336
1524 1525 870579
1525 1526 624754
1526 1527 101037
1527 1528 239567
1528 1529 965731
1529 1530 969883
1530 1531 944445
1531 1532 459021
1532 1533 632192
1533 1534 901082
1534 1535 485560
1535 1536 881520
1536 1537 592770
1537 1538 802636
1538 1539 576435
1539 1540 436344
1540 1541 318312
1541 1542 133092
1542 1543 835948
1543 1544 300448
1544 1545 415359
1545 1546 447668
1546 1547 699721
1547 1548 463581
1548 1549 77595
1549 1550 500004
1550 1551 128413
1551 1552 823323
1552 1553 764634
1553 1554 96631
1554 1555 340453
1555 1556 162501
1556 1557 154214
1557 1558 225739
1558 1559 73860
1559 1560 489724
1560 1561 386033
1561 1562 184278
1562 1563 669837
1563 1564 291100
1564 1565 410488
1565 1566 207659
1566 1567 746487
1567 1568 597756
1568 1569 641089
1569 1570 516469
1570 1571 691687
1571 1572 97644
1572 1573 824799
1573 1574 543161
1574 1575 194732
1575 1576 529142
1576 1577 180011
1577 1578 925845
1578 1579 25851
1579 1580 502815
1580 1581 728970
1581 1582 426373
1582 1583 682745
1583 1584 210212
1584 1585 730667
1585 1586 981722
1586 1587 690031
1587 1588 814271
1588 1589 664391
1589 1590 78083
1590 1591 920981
1591 1592 416738
1592 1593 9377
1593 1594 922374
1594 1595 201417
1595 1596 278073
1596 1597 457670
1597 1598 98884
1598 1599 852630
1599 1600 84969
1600 1601 788876
1601 1602 726394
1602 1603 356208
1603 1604 453077
1604 1605 998804
1605 1606 314173
1606 1607 668212
1607 1608 853077
1608 1609 151816
1609 1610 161851
1610 1611 26666
1611 1612 871870
1612 1613 29215
1613 1614 294654
1614 1615 379716
1615 1616 436959
1616 1617 956823
1617 1618 608809
1618 1619 632542
1619 1620 459455
1620 1621 484023
1621 1622 836794
1622 1623 750462
1623 1624 308386
1624 1625 546900
1625 1626 720456
1626 1627 756434
1627 1628 62019
1628 1629 906570
1629 1630 474309
1630 1631 805750
1631 1632 416089
1632 1633 372928
1633 1634 728123
1634 1635 517869
1635 1636 954900
1636 1637 465895
1637 1638 944464
1638 1639 394149
1639 1640 253150
1640 1641 740025
1641 1642 437187
1642 1643 81974
1643 1644 379163
1644 1645 171323
1645 1646 630766
1646 1647 317921
1647 1648 999979
1648 1649 778493
1649 1650 486468
1650 1651 456658
1651 1652 645029
1652 1653 285206
1653 1654 808210
1654 1655 730079
1655 1656 976604
1656 1657 304682
1657 1658 216575
1658 1659 138056
1659 1660 938139
1660 1661 372838
1661 1662 919181
1662 1663 414007
1663 1664 74922
1664 1665 110528
1665 1666 505815
1666 1667 275007
1667 1668 50440
1668 1669 12153
1669 1670 900563
1670 1671 218463
1671 1672 163440
1672 1673 491612
1673 1674 892048
1674 1675 835774
1675 1676 682198
1676 1677 562942
1677 1678 123958
1678 1679 716142
1679 1680 512297
1680 1681 17534
1681 1682 477642
1682 1683 388394
1683 1684 44496
1684 1685 717444
1685 1686 444457
1686 1687 568729
1687 1688 745967
1688 1689 547203
1689 1690 815497
1690 1691 901131
1691 1692 671841
1692 1693 895672
1693 1694 747581
1694 1695 81208
1695 1696 95356
1696 1697 113322
1697 1698 776111
1698 1699 511174
1699 1700 414482
1700 1701 850858
1701 1702 443238
1702 1703 822657
1703 1704 640172
1704 1705 50514
1705 1706 609920
1706 1707 55907
1707 1708 164175
1708 1709 514183
1709 1710 195958
1710 1711 625803
1711 1712 48632
1712 1713 400825
1713 1714 563356
1714 1715 479047
1715 1716 938721
1716 1717 345376
1717 1718 453599
1718 1719 647820
1719 1720 54908
1720 1721 908926
1721 1722 297991
1722 1723 57210
1723 1724 553268
1724 1725 312033
1725 1726 522740
1726 1727 241498
1727 1728 148401
1728 1729 640031
1729 1730 723683
1730 1731 349089
1731 1732 255186
1732 1733 921753
1733 1734 907688
1734 1735 512045
1735 1736 380018
1736 1737 271546
1737 1738 596275
1738 1739 303044
1739 1740 113445
1740 1741 658935
1741 1742 328269
1742 1743 934233
1743 1744 97913
1744 1745 301967
1745 1746 818841
1746 1747 8137
1747 1748 976760
1748 1749 353098
1749 1750 615317
1750 1751 153879
1751 1752 241762
1752 1753 560060
1753 1754 265240
1754 1755 812917
1755 1756 308853
1756 1757 437632
1757 1758 640468
1758 1759 6461
1759 1760 383015
1760 1761 393726
1761 1762 467154
1762 1763 784305
1763 1764 388775
1764 1765 642471
1765 1766 80506
1766 1767 417728
1767 1768 104865
1768 1769 712053
1769 1770 937354
1770 1771 990594
1771 1772 137849
1772 1773 900654
1773 1774 730908
1774 1775 83704
1775 1776 987276
1776 1777 846304
1777 1778 687394
1778 1779 700239
1779 1780 808884
1780 1781 755236
1781 1782 86187
1782 1783 425371
1783 1784 865154
1784 1785 168668
1785 1786 520285
1786 1787 193310
1787 1788 126788
1788 1789 644534
1789 1790 835386
1790 1791 936000
1791 1792 582206
1792 1793 900328
1793 1794 579229
1794 1795 37014
1795 1796 453554
1796 1797 599540
1797 1798 80444
1798 1799 696477
1799 1800 684442
1800 1801 671651
1801 1802 188325
1802 1803 402493
1803 1804 635242
1804 1805 190155
1805 1806 421570
1806 1807 171336
1807 1808 80528
1808 1809 855051
1809 1810 569879
1810 1811 453882
1811 1812 785654
1812 1813 314123
1813 1814 569281
1814 1815 678392
1815 1816 289404
1816 1817 233599
1817 1818 672310
1818 1819 345939
1819 1820 504256
1820 1821 637410
1821 1822 841673
1822 1823 875460
1823 1824 463575
1824 1825 311293
1825 1826 85604
1826 1827 129071
1827 1828 456915
1828 1829 686431
1829 1830 905101
1830 1831 89185
1831 1832 648252
1832 1833 972387
1833 1834 825316
1834 1835 779604
1835 1836 957145
1836 1837 565871
1837 1838 207905
1838 1839 12200
1839 1840 913638
1840 1841 707505
1841 1842 238168
1842 1843 189481
1843 1844 199581
1844 1845 306146
1845 1846 651062
1846 1847 312013
1847 1848 424623
1848 1849 327813
1849 1850 33346
1850 1851 973812
1851 1852 690058
1852 1853 2086
1853 1854 592671
1854 1855 206504
1855 1856 527186
1856 1857 757788
1857 1858 323462
1858 1859 554460
1859 1860 801897
1860 1861 755657
1861 1862 184910
1862 1863 645871
1863 1864 498601
1864 1865 840790
1865 1866 221926
1866 1867 61800
1867 1868 585638
1868 1869 252858
1869 1870 473430
1870 1871 708793
1871 1872 139950
1872 1873 842994
1873 1874 539395
1874 1875 143741
1875 1876 891914
1876 1877 178375
1877 1878 455722
1878 1879 86011
1879 1880 512380
1880 1881 921165
1881 1882 551074
1882 1883 426595
1883 1884 565633
1884 1885 321119
1885 1886 553116
1886 1887 753677
1887 1888 591246
1888 1889 338662
1889 1890 732836
1890 1891 565247
1891 1892 449749
1892 1893 276817
1893 1894 499038
1894 1895 658341
1895 1896 646590
1896 1897 296668
1897 1898 444939
1898 1899 801688
1899 1900 711600
1900 1901 994123
1901 1902 170756
1902 1903 831450
1903 1904 818247
1904 1905 495917
1905 1906 813435
1906 1907 99094
1907 1908 404957
1908 1909 701531
1909 1910 786943
1910 1911 339426
1911 1912 176771
1912 1913 944568
1913 1914 860662
1914 1915 213053
1915 1916 801734
1916 1917 282352
1917 1918 167265
1918 1919 771795
1919 1920 102252
1920 1921 544058
1921 1922 948061
1922 1923 70262
1923 1924 491894
1924 1925 279768
1925 1926 160991
1926 1927 356132
1927 1928 369054
1928 1929 106772
1929 1930 559733
1930 1931 877637
1931 1932 287000
1932 1933 54787
1933 1934 82761
1934 1935 140396
1935 1936 948498
1936 1937 541763
1937 1938 157150
1938 1939 928787
1939 1940 119285
1940 1941 338109
1941 1942 652499
1942 1943 219809
1943 1944 740323
1944 1945 516133
1945 1946 540957
1946 1947 30501
1947 1948 985401
1948 1949 765431
1949 1950 662862
1950 1951 50201
1951 1952 684748
1952 1953 926906
1953 1954 658578
1954 1955 627425
1955 1956 470189
1956 1957 79166
1957 1958 218414
1958 1959 653899
1959 1960 385511
1960 1961 363615
1961 1962 553154
1962 1963 343567
1963 1964 218685
1964 1965 622849
1965 1966 492037
1966 1967 305870
1967 1968 597486
1968 1969 668627
1969 1970 112845
1970 1971 155221
1971 1972 611059
1972 1973 66830
1973 1974 412230
1974 1975 747032
1975 1976 6845
1976 1977 635061
1977 1978 394551
1978 1979 162489
1979 1980 11769
1980 1981 679957
1981 1982 510787
1982 1983 576768
1983 1984 621197
1984 1985 513027
1985 1986 688675
1986 1987 247970
1987 1988 184026
1988 1989 50466
1989 1990 552238
1990 1991 193980
1991 1992 463738
1992 1993 83036
1993 1994 962322
1994 1995 881046
1995 1996 316352
1996 1997 56742
1997 1998 228826
1998 1999 392482
1999 2000 841468
2000 2001 177022
2001 2002 364648
2002 2003 337339
2003 2004 82870
2004 2005 991022
2005 2006 296441
2006 2007 721321
2007 2008 190704
2008 2009 871048
2009 2010 866406
2010 2011 431514
2011 2012 217255
2012 2013 284969
2013 2014 310879
2014 2015 257704
2015 2016 403216
2016 2017 287352
2017 2018 930287
2018 2019 553750
2019 2020 649372
2020 2021 682981
2021 2022 303485
2022 2023 802708
2023 2024 841590
2024 2025 942892
2025 2026 474118
2026 2027 657849
2027 2028 44161
2028 2029 105554
2029 2030 2086
2030 2031 790022
2031 2032 650972
2032 2033 507876
2033 2034 9806
2034 2035 912359
2035 2036 936480
2036 2037 371196
2037 2038 459404
2038 2039 717618
2039 2040 63454
2040 2041 903421
2041 2042 27720
2042 2043 494951
2043 2044 627042
2044 2045 212
2045 2046 560386
2046 2047 736688
2047 2048 13749
2048 2049 990647
2049 2050 129495
2050 2051 26208
2051 2052 672916
2052 2053 999399
2053 2054 99579
2054 2055 282294
2055 2056 819068
2056 2057 239279
2057 2058 134654
2058 2059 831960
2059 2060 910879
2060 2061 152932
2061 2062 420937
2062 2063 721178
2063 2064 79405
2064 2065 922468
2065 2066 306975
2066 2067 325174
2067 2068 340686
2068 2069 662617
2069 2070 269918
2070 2071 579411
2071 2072 610148
2072 2073 821365
2073 2074 33853
2074 2075 587073
2075 2076 673676
2076 2077 649269
2077 2078 190606
2078 2079 312376
2079 2080 287899
2080 2081 508704
2081 2082 208123
2082 2083 388958
2083 2084 280674
2084 2085 247623
2085 2086 605770
2086 2087 344575
2087 2088 735403
2088 2089 269124
2089 2090 274714
2090 2091 577301
2091 2092 996219
2092 2093 466365
2093 2094 432612
2094 2095 168703
2095 2096 509072
2096 2097 437343
2097 2098 475197
2098 2099 909003
2099 2100 961763
2100 2101 549349
2101 2102 788881
2102 2103 374190
2103 2104 91365
2104 2105 855632
2105 2106 6055
2106 2107 287303
2107 2108 644418
2108 2109 309742
2109 2110 762337
2110 2111 401058
2111 2112 775778
2112 2113 282453
2113 2114 152378
2114 2115 865521
2115 2116 991205
2116 2117 233126
2117 2118 80327
2118 2119 406546
2119 2120 597476
2120 2121 63308
2121 2122 453561
2122 2123 110669
2123 2124 742197
2124 2125 157692
2125 2126 163927
2126 2127 497877
2127 2128 191141
2128 2129 704501
2129 2130 727750
2130 2131 363588
2131 2132 759165
2132 2133 330623
2133 2134 600514
2134 2135 832801
2135 2136 411007
2136 2137 967277
2137 2138 845860
2138 2139 457755
2139 2140 399143
2140 2141 174492
2141 2142 666331
2142 2143 808076
2143 2144 102252
2144 2145 338484
2145 2146 774069
2146 2147 165432
2147 2148 787070
2148 2149 974435
2149 2150 791125
2150 2151 195597
2151 2152 474055
2152 2153 213991
2153 2154 38139
2154 2155 771555
2155 2156 690156
2156 2157 164162
2157 2158 179073
2158 2159 135547
2159 2160 168267
2160 2161 76037
2161 2162 266650
2162 2163 894210
2163 2164 810428
2164 2165 633672
2165 2166 3988
2166 2167 684236
2167 2168 648466
2168 2169 419501
2169 2170 921684
2170 2171 279322
2171 2172 554201
2172 2173 839266
2173 2174 451038
2174 2175 715607
2175 2176 538711
2176 2177 639581
2177 2178 766795
2178 2179 395348
2179 2180 9100
2180 2181 646303
2181 2182 869202
2182 2183 100305
2183 2184 314228
2184 2185 611380
2185 2186 719874
2186 2187 858677
2187 2188 467649
2188 2189 864879
2189 2190 869060
2190 2191 740562
2191 2192 273891
2192 2193 518128
2193 2194 86107
2194 2195 502052
2195 2196 687554
2196 2197 418591
2197 2198 981668
2198 2199 705808
2199 2200 404671
2200 2201 662191
2201 2202 50392
2202 2203 140455
2203 2204 876537
2204 2205 754462
2205 2206 482759
2206 2207 293026
2207 2208 8899
2208 2209 177009
2209 2210 662301
2210 2211 232997
2211 2212 394352
2212 2213 563706
2213 2214 585759
2214 2215 779325
2215 2216 337994
2216 2217 627540
2217 2218 389676
2218 2219 547748
2219 2220 77780
2220 2221 317666
2221 2222 634941
2222 2223 528506
2223 2224 366220
2224 2225 475797
2225 2226 360935
2226 2227 308491
2227 2228 418925
2228 2229 878629
2229 2230 958997
2230 2231 648461
2231 2232 690726
2232 2233 411348
2233 2234 311440
2234 2235 460384
2235 2236 506854
2236 2237 32753
2237 2238 594233
2238 2239 728718
2239 2240 949202
2240 2241 221840
2241 2242 111947
2242 2243 741258
2243 2244 737418
2244 2245 698387
2245 2246 501531
2246 2247 947059
2247 2248 737385
2248 2249 496678
2249 2250 107161
2250 2251 414095
2251 2252 403908
2252 2253 378364
2253 2254 870734
2254 2255 635090
2255 2256 333735
2256 2257 531093
2257 2258 505822
2258 2259 111126
2259 2260 494621
2260 2261 864762
2261 2262 386117
2262 2263 469666
2263 2264 809511
2264 2265 308348
2265 2266 276571
2266 2267 860902
2267 2268 543745
2268 2269 635194
2269 2270 507090
2270 2271 259770
2271 2272 769058
2272 2273 876569
2273 2274 292916
2274 2275 896036
2275 2276 189305
2276 2277 439755
2277 2278 586471
2278 2279 706448
2279 2280 126259
2280 2281 631243
2281 2282 614058
2282 2283 14231
2283 2284 880881
2284 2285 117277
2285 2286 719639
2286 2287 663995
2287 2288 557012
2288 2289 110160
2289 2290 749025
2290 2291 316326
2291 2292 939955
2292 2293 953149
2293 2294 571925
2294 2295 685744
2295 2296 426465
2296 2297 622599
2297 2298 993690
2298 2299 154968
2299 2300 588073
2300 2301 369242
2301 2302 169459
2302 2303 68935
2303 2304 971795
2304 2305 675629
2305 2306 286713
2306 2307 182354
2307 2308 791198
2308 2309 822914
2309 2310 10083
2310 2311 723831
2311 2312 814789
2312 2313 252899
2313 2314 342335
2314 2315 319132
2315 2316 421245
2316 2317 899556
2317 2318 607096
2318 2319 48788
2319 2320 361522
2320 2321 266405
2321 2322 429328
2322 2323 461467
2323 2324 735375
2324 2325 956879
2325 2326 62884
2326 2327 540439
2327 2328 367157
2328 2329 352980
2329 2330 512749
2330 2331 454167
2331 2332 748992
2332 2333 20400
2333 2334 824123
2334 2335 958229
2335 2336 155718
2336 2337 427692
2337 2338 65658
2338 2339 541557
2339 2340 868185
2340 2341 998871
2341 2342 612462
2342 2343 484997
2343 2344 564930
2344 2345 488077
2345 2346 861112
2346 2347 848509
2347 2348 831046
2348 2349 24754
2349 2350 865104
2350 2351 289406
2351 2352 898786
2352 2353 809461
2353 2354 986890
2354 2355 317205
2355 2356 77840
2356 2357 226383
2357 2358 322324
2358 2359 638070
2359 2360 336706
2360 2361 55107
2361 2362 372083
2362 2363 123139
2363 2364 88739
2364 2365 928349
2365 2366 758155
2366 2367 675076
2367 2368 652379
2368 2369 364149
2369 2370 550550
2370 2371 304173
2371 2372 438025
2372 2373 12715
2373 2374 212457
2374 2375 670301
2375 2376 301960
2376 2377 290026
2377 2378 266292
2378 2379 672347
2379 2380 795244
2380 2381 742887
2381 2382 77440
2382 2383 980825
2383 2384 345924
2384 2385 56736
2385 2386 284144
2386 2387 237427
2387 2388 136535
2388 2389 227678
2389 2390 752770
2390 2391 992622
2391 2392 473961
2392 2393 183413
2393 2394 359821
2394 2395 853243
2395 2396 539317
2396 2397 916161
2397 2398 243907
2398 2399 612403
2399 2400 891441
2400 2401 788841
2401 2402 81901
2402 2403 316698
2403 2404 82319
2404 2405 134238
2405 2406 926131
2406 2407 122205
2407 2408 259512
2408 2409 502745
2409 2410 862996
2410 2411 878806
2411 2412 523921
2412 2413 925602
2413 2414 574247
2414 2415 433604
2415 2416 266807
2416 2417 956165
2417 2418 444066
2418 2419 202325
2419 2420 590340
2420 2421 997916
2421 2422 240400
2422 2423 918879
2423 2424 87561
2424 2425 524106
2425 2426 578331
2426 2427 71584
2427 2428 431892
2428 2429 104124
2429 2430 488898
2430 2431 612226
2431 2432 803817
2432 2433 774120
2433 2434 342753
2434 2435 968922
2435 2436 679050
2436 2437 554063
2437 2438 564270
2438 2439 607014
2439 2440 991665
2440 2441 935612
2441 2442 261559
2442 2443 959821
2443 2444 56338
2444 2445 609539
2445 2446 801190
2446 2447 199712
2447 2448 263644
2448 2449 619781
2449 2450 167423
2450 2451 10653
2451 2452 969334
2452 2453 752681
2453 2454 831134
2454 2455 493544
2455 2456 599300
2456 2457 687266
2457 2458 40636
2458 2459 693457
2459 2460 29024
2460 2461 411949
2461 2462 343849
2462 2463 324243
2463 2464 477219
2464 2465 172177
2465 2466 418256
2466 2467 188816
2467 2468 151324
2468 2469 675358
2469 2470 592183
2470 2471 456471
2471 2472 992852
2472 2473 17840
2473 2474 184958
2474 2475 532256
2475 2476 913362
2476 2477 391980
2477 2478 984157
2478 2479 361997
2479 2480 75026
2480 2481 218623
2481 2482 249832
2482 2483 62249
2483 2484 326734
2484 2485 292196
2485 2486 850636
2486 2487 583401
2487 2488 802744
2488 2489 394908
2489 2490 809041
2490 2491 331119
2491 2492 392827
2492 2493 600820
2493 2494 835415
2494 2495 544963
2495 2496 986302
2496 2497 234372
2497 2498 810395
2498 2499 982170
2499 2500 65442
2500 2501 191469
2501 2502 530865
2502 2503 328018
2503 2504 162369
2504 2505 357848
2505 2506 309000
2506 2507 699569
2507 2508 556655
2508 2509 13499
2509 2510 917739
2510 2511 605418
2511 2512 820602
2512 2513 94420
2513 2514 479676
2514 2515 254489
2515 2516 249324
2516 2517 756077
2517 2518 483385
2518 2519 396164
2519 2520 512965
2520 2521 263768
2521 2522 255353
2522 2523 956890
2523 2524 382211
2524 2525 648435
2525 2526 712173
2526 2527 814005
2527 2528 397019
2528 2529 339171
2529 2530 690145
2530 2531 721113
2531 2532 829119
2532 2533 456922
2533 2534 630842
2534 2535 789748
2535 2536 843607
2536 2537 61906
2537 2538 199479
2538 2539 124318
2539 2540 717322
2540 2541 862672
2541 2542 303601
2542 2543 515288
2543 2544 961716
2544 2545 620324
2545 2546 828828
2546 2547 768462
2547 2548 344111
2548 2549 610214
2549 2550 956998
2550 2551 837143
2551 2552 78796
2552 2553 238648
2553 2554 757717
2554 2555 690033
2555 2556 232536
2556 2557 401480
2557 2558 73995
2558 2559 548231
2559 2560 336218
2560 2561 453772
2561 2562 787587
2562 2563 236461
2563 2564 421841
2564 2565 964677
2565 2566 206450
2566 2567 429472
2567 2568 193719
2568 2569 566462
2569 2570 314792
2570 2571 189576
2571 2572 27394
2572 2573 504845
2573 2574 82191
2574 2575 833782
2575 2576 157279
2576 2577 706894
2577 2578 354600
2578 2579 326632
2579 2580 436600
2580 2581 218796
2581 2582 293586
2582 2583 189826
2583 2584 784045
2584 2585 612890
2585 2586 639237
2586 2587 942037
2587 2588 468251
2588 2589 337683
2589 2590 277072
2590 2591 450202
2591 2592 710042
2592 2593 659615
2593 2594 96096
2594 2595 34613
2595 2596 888888
2596 2597 571855
2597 2598 694138
2598 2599 730739
2599 2600 995393
2600 2601 146814
2601 2602 810814
2602 2603 339662
2603 2604 785912
2604 2605 266127
2605 2606 76772
2606 2607 665894
2607 2608 585628
2608 2609 533107
2609 2610 454400
2610 2611 775
2611 2612 119206
2612 2613 368930
2613 2614 153150
2614 2615 332967
2615 2616 577735
2616 2617 236446
2617 2618 309544
2618 2619 429158
2619 2620 504300
2620 2621 20597
2621 2622 592349
2622 2623 550413
2623 2624 85691
2624 2625 428734
2625 2626 300570
2626 2627 71250
2627 2628 383061
2628 2629 456984
2629 2630 695666
2630 2631 248784
2631 2632 355028
2632 2633 708336
2633 2634 356055
2634 2635 978449
2635 2636 694732
2636 2637 375545
2637 2638 376657
2638 2639 704709
2639 2640 181899
2640 2641 650739
2641 2642 993346
2642 2643 669898
2643 2644 119258
2644 2645 171558
2645 2646 948714
2646 2647 724260
2647 2648 542203
2648 2649 660966
2649 2650 789215
2650 2651 288643
2651 2652 300395
2652 2653 424206
2653 2654 718802
2654 2655 957249
2655 2656 202271
2656 2657 495495
2657 2658 11470
2658 2659 258915
2659 2660 662344
2660 2661 339520
2661 2662 198842
2662 2663 127125
2663 2664 958865
2664 2665 948532
2665 2666 763860
2666 2667 5232
2667 2668 497437
2668 2669 371625
2669 2670 496885
2670 2671 950070
2671 2672 120139
2672 2673 801965
2673 2674 978257
2674 2675 373201
2675 2676 843764
2676 2677 486489
2677 2678 177013
2678 2679 835801
2679 2680 722537
2680 2681 704335
2681 2682 749193
2682 2683 702093
2683 2684 326199
2684 2685 117310
2685 2686 674830
2686 2687 270294
2687 2688 167268
2688 2689 434266
2689 2690 219551
2690 2691 368265
2691 2692 979057
2692 2693 251814
2693 2694 820977
2694 2695 763747
2695 2696 541143
2696 2697 83947
2697 2698 400660
2698 2699 321292
2699 2700 807052
2700 2701 910336
2701 2702 742257
2702 2703 614807
2703 2704 414461
2704 2705 463362
2705 2706 426891
2706 2707 739326
2707 2708 970515
2708 2709 15898
2709 2710 174976
2710 2711 302375
2711 2712 427504
2712 2713 171324
2713 2714 429511
2714 2715 914659
2715 2716 884912
2716 2717 906788
2717 2718 957618
2718 2719 770283
2719 2720 583338
2720 2721 748760
2721 2722 654891
2722 2723 692963
2723 2724 50223
2724 2725 913770
2725 2726 411128
2726 2727 742297
2727 2728 796167
2728 2729 237877
2729 2730 8568
2730 2731 568581
2731 2732 715896
2732 2733 745053
2733 2734 965029
2734 2735 545416
2735 2736 684544
2736 2737 493777
2737 2738 877329
2738 2739 531886
2739 2740 928536
2740 2741 181770
2741 2742 514347
2742 2743 98926
2743 2744 546289
2744 2745 46475
2745 2746 191033
2746 2747 698534
2747 2748 789560
2748 2749 196832
2749 2750 652509
2750 2751 768097
2751 2752 317779
2752 2753 385377
2753 2754 373522
2754 2755 317267
2755 2756 270114
2756 2757 188334
2757 2758 350574
2758 2759 368153
2759 2760 172417
2760 2761 354738
2761 2762 200415
2762 2763 630074
2763 2764 748290
2764 2765 460321
2765 2766 129584
2766 2767 139242
2767 2768 594357
2768 2769 281275
2769 2770 716547
2770 2771 168068
2771 2772 915810
2772 2773 321161
2773 2774 825045
2774 2775 974797
2775 2776 885771
2776 2777 4637
2777 2778 493759
2778 2779 177014
2779 2780 108461
2780 2781 48980
2781 2782 273712
2782 2783 833624
2783 2784 313213
2784 2785 987924
2785 2786 702262
2786 2787 447287
2787 2788 336556
2788 2789 221008
2789 2790 584244
2790 2791 764608
2791 2792 410980
2792 2793 397761
2793 2794 651243
2794 2795 717260
2795 2796 347978
2796 2797 757484
2797 2798 262707
2798 2799 15837
2799 2800 848060
2800 2801 760096
2801 2802 71680
2802 2803 439390
2803 2804 338642
2804 2805 333238
2805 2806 735199
2806 2807 473509
