cc61ad56a4797fb3f5c9529f73ce6fcedd85669b
1
2775 1628 2116 119358
0 1 815865
1 2 451060
2 3 381411
3 4 962826
4 5 316023
5 6 912590
6 7 146037
7 8 536110
8 9 560340
9 10 585798
10 11 444260
11 12 375512
12 13 335836
13 14 727105
14 15 577616
15 16 311763
16 17 736588
17 18 299176
18 19 125206
19 20 88141
20 21 455117
21 22 420618
22 23 943367
23 24 606465
24 25 176909
25 26 731343
26 27 193363
27 28 112396
28 29 666033
29 30 921121
30 31 301828
31 32 902582
32 33 197229
33 34 358515
34 35 803541
35 36 861135
36 37 531449
37 38 302577
38 39 746301
39 40 607496
40 41 100935
41 42 890025
42 43 455234
43 44 67508
44 45 417109
45 46 959262
46 47 890827
47 48 256271
48 49 64479
49 50 90759
50 51 446849
51 52 75623
52 53 145923
53 54 407871
54 55 289336
55 56 744970
56 57 721168
57 58 188508
58 59 529239
59 60 582844
60 61 510898
61 62 580525
62 63 379409
63 64 974288
64 65 303861
65 66 466385
66 67 237218
67 68 662478
68 69 308137
69 70 613146
70 71 882445
71 72 490976
72 73 615623
73 74 165479
74 75 938469
75 76 904906
76 77 362282
77 78 65283
78 79 359181
79 80 291976
80 81 137045
81 82 502104
82 83 659088
83 84 663210
84 85 361377
85 86 875862
86 87 997589
87 88 320098
88 89 286380
89 90 605476
90 91 920973
91 92 370186
92 93 104982
93 94 590126
94 95 760144
95 96 879447
96 97 947011
97 98 485919
98 99 337835
99 100 295549
100 101 139144
101 102 940121
102 103 792340
103 104 700587
104 105 298021
105 106 969379
106 107 901650
107 108 585640
108 109 354460
109 110 146547
110 111 408823
111 112 802801
112 113 850645
113 114 964569
114 115 822478
115 116 898709
116 117 196152
117 118 450046
118 119 410793
119 120 730489
120 121 379893
121 122 553439
122 123 446503
123 124 367018
124 125 776560
125 126 98857
126 127 455179
127 128 679768
128 129 275909
129 130 354450
130 131 414272
131 132 739736
132 133 928289
133 134 369029
134 135 326049
135 136 335249
136 137 160088
137 138 678427
138 139 516112
139 140 501973
140 141 952349
141 142 941194
142 143 593050
143 144 622790
144 145 410390
145 146 667551
146 147 654678
147 148 505195
148 149 593512
149 150 95267
150 151 576900
151 152 601717
152 153 646608
153 154 492569
154 155 705934
155 156 550869
156 157 923107
157 158 102896
158 159 532910
159 160 939996
160 161 498435
161 162 253215
162 163 573976
163 164 840990
164 165 455403
165 166 868783
166 167 236363
167 168 261126
168 169 296661
169 170 298247
170 171 860652
171 172 604889
172 173 418470
173 174 753922
174 175 442592
175 176 890684
176 177 636270
177 178 759143
178 179 876396
179 180 425607
180 181 708263
181 182 100510
182 183 463967
183 184 563377
184 185 163378
185 186 929119
186 187 62740
187 188 614308
188 189 649141
189 190 334620
190 191 222367
191 192 894814
192 193 735524
193 194 118860
194 195 547807
195 196 586100
196 197 119808
197 198 964959
198 199 851957
199 200 524968
200 201 328719
201 202 732336
202 203 676518
203 204 952085
204 205 758110
205 206 489885
206 207 238488
207 208 733798
208 209 554332
209 210 780584
210 211 320651
211 212 577395
212 213 805830
213 214 241912
214 215 215937
215 216 507777
216 217 596246
217 218 107093
218 219 393169
219 220 536422
220 221 136325
221 222 327080
222 223 193956
223 224 319796
224 225 111245
225 226 968544
226 227 717142
227 228 851815
228 229 935837
229 230 567034
230 231 623689
231 232 829649
232 233 340780
233 234 214570
234 235 373801
235 236 737110
236 237 584746
237 238 921205
238 239 560557
239 240 144841
240 241 648835
241 242 927023
242 243 83396
243 244 564184
244 245 365797
245 246 440578
246 247 380525
247 248 114970
248 249 213329
249 250 344861
250 251 274218
251 252 386125
252 253 499220
253 254 728327
254 255 456544
255 256 712957
256 257 553856
257 258 705580
258 259 129032
259 260 574668
260 261 837785
261 262 914177
262 263 663936
263 264 849375
264 265 92349
265 266 443321
266 267 649682
267 268 465263
268 269 791724
269 270 794257
270 271 775558
271 272 160070
272 273 851262
273 274 360920
274 275 729543
275 276 640017
276 277 747559
277 278 353510
278 279 340740
279 280 979250
280 281 790601
281 282 280700
282 283 954833
283 284 527014
284 285 636709
285 286 805050
286 287 780413
287 288 791408
288 289 165654
289 290 246635
290 291 985640
291 292 249299
292 293 821626
293 294 672271
294 295 306535
295 296 67427
296 297 863517
297 298 523422
298 299 331247
299 300 366007
300 301 350935
301 302 406841
302 303 254632
303 304 842087
304 305 308729
305 306 839872
306 307 241943
307 308 346377
308 309 203730
309 310 760375
310 311 373670
311 312 305610
312 313 290603
313 314 707633
314 315 603034
315 316 333998
316 317 158531
317 318 653915
318 319 970982
319 320 216939
320 321 125140
321 322 932706
322 323 252293
323 324 221715
324 325 477883
325 326 692989
326 327 267866
327 328 84622
328 329 235766
329 330 669144
330 331 601340
331 332 996336
332 333 736990
333 334 531085
334 335 713115
335 336 296390
336 337 439587
337 338 508862
338 339 702705
339 340 599965
340 341 760442
341 342 469324
342 343 157804
343 344 307888
344 345 567400
345 346 297659
346 347 898441
347 348 505591
348 349 540558
349 350 531041
350 351 384883
351 352 267637
352 353 514897
353 354 240363
354 355 640687
355 356 298651
356 357 961827
357 358 732151
358 359 864368
359 360 470240
360 361 809461
361 362 354883
362 363 134561
363 364 859937
364 365 477633
365 366 220216
366 367 389337
367 368 103744
368 369 434739
369 370 941826
370 371 332658
371 372 665923
372 373 610586
373 374 950756
374 375 383154
375 376 397736
376 377 521589
377 378 804825
378 379 906210
379 380 386589
380 381 94383
381 382 76325
382 383 412911
383 384 260997
384 385 589473
385 386 250647
386 387 747511
387 388 892687
388 389 191871
389 390 854080
390 391 663654
391 392 460332
392 393 301367
393 394 359692
394 395 824676
395 396 327869
396 397 696182
397 398 556589
398 399 435634
399 400 85333
400 401 853176
401 402 976901
402 403 318031
403 404 574816
404 405 528339
405 406 823267
406 407 697013
407 408 656140
408 409 881779
409 410 660304
410 411 963393
411 412 544634
412 413 158457
413 414 138263
414 415 808134
415 416 352720
416 417 141309
417 418 892509
418 419 597448
419 420 400002
420 421 633054
421 422 678209
422 423 919361
423 424 253377
424 425 645109
425 426 426630
426 427 171869
427 428 109998
428 429 483489
429 430 248563
430 431 858703
431 432 877352
432 433 544125
433 434 619932
434 435 739634
435 436 489601
436 437 88484
437 438 962306
438 439 811555
439 440 560147
440 441 827858
441 442 862406
442 443 377631
443 444 612415
444 445 503848
445 446 788172
446 447 333130
447 448 925883
448 449 318344
449 450 129085
450 451 252777
451 452 501115
452 453 589364
453 454 632154
454 455 235455
455 456 662236
456 457 309110
457 458 463386
458 459 979865
459 460 692675
460 461 122103
461 462 647753
462 463 568448
463 464 521997
464 465 691256
465 466 924484
466 467 981900
467 468 199784
468 469 763632
469 470 552648
470 471 248554
471 472 940976
472 473 806859
473 474 548540
474 475 881209
475 476 929165
476 477 744893
477 478 417227
478 479 434553
479 480 166178
480 481 226562
481 482 950516
482 483 309993
483 484 744491
484 485 788209
485 486 727936
486 487 362879
487 488 427513
488 489 501862
489 490 185094
490 491 664230
491 492 91654
492 493 797051
493 494 536211
494 495 837464
495 496 564174
496 497 97346
497 498 321052
498 499 934226
499 500 173804
500 501 981287
501 502 944367
502 503 230446
503 504 95838
504 505 343965
505 506 329355
506 507 618611
507 508 128470
508 509 196565
509 510 303473
510 511 801414
511 512 452308
512 513 961136
513 514 80187
514 515 937118
515 516 671151
516 517 91541
517 518 87062
518 519 587764
519 520 158971
520 521 946934
521 522 445271
522 523 414821
523 524 679565
524 525 93997
525 526 603080
526 527 450601
527 528 493032
528 529 585031
529 530 451324
530 531 590316
531 532 674738
532 533 140444
533 534 646063
534 535 588236
535 536 738572
536 537 863964
537 538 790097
538 539 544356
539 540 832273
540 541 203845
541 542 996865
542 543 360358
543 544 577682
544 545 701491
545 546 493664
546 547 894973
547 548 687235
548 549 486839
549 550 394773
550 551 567935
551 552 351629
552 553 831887
553 554 738302
554 555 78805
555 556 251432
556 557 548604
557 558 479083
558 559 429054
559 560 374930
560 561 757524
561 562 562517
562 563 535605
563 564 706553
564 565 248430
565 566 412658
566 567 783837
567 568 708666
568 569 336647
569 570 939845
570 571 663781
571 572 582787
572 573 956806
573 574 95781
574 575 775186
575 576 838034
576 577 834186
577 578 293408
578 579 404435
579 580 130178
580 581 145911
581 582 351862
582 583 274875
583 584 696988
584 585 866314
585 586 605523
586 587 360036
587 588 72780
588 589 677399
589 590 69187
590 591 940171
591 592 92553
592 593 686865
593 594 985972
594 595 472418
595 596 916422
596 597 483173
597 598 355921
598 599 550070
599 600 942971
600 601 576753
601 602 791610
602 603 661127
603 604 961423
604 605 265724
605 606 959534
606 607 656897
607 608 478081
608 609 269116
609 610 380881
610 611 595414
611 612 691891
612 613 327724
613 614 799299
614 615 652486
615 616 779075
616 617 756579
617 618 623721
618 619 565115
619 620 763702
620 621 95533
621 622 957299
622 623 749390
623 624 152694
624 625 590282
625 626 800948
626 627 652246
627 628 525367
628 629 380204
629 630 154699
630 631 680984
631 632 479458
632 633 619485
633 634 709329
634 635 953608
635 636 481801
636 637 591914
637 638 124103
638 639 402645
639 640 374974
640 641 325319
641 642 797843
642 643 187509
643 644 146873
644 645 198762
645 646 881595
646 647 469577
647 648 497926
648 649 378681
649 650 223503
650 651 164991
651 652 985217
652 653 288836
653 654 683937
654 655 818087
655 656 816015
656 657 504947
657 658 86671
658 659 346814
659 660 798797
660 661 722048
661 662 443720
662 663 193071
663 664 344929
664 665 963131
665 666 319412
666 667 153889
667 668 974964
668 669 108125
669 670 697935
670 671 107133
671 672 84782
672 673 938714
673 674 650926
674 675 741539
675 676 767261
676 677 386396
677 678 627491
678 679 79287
679 680 874326
680 681 958213
681 682 184626
682 683 485250
683 684 260276
684 685 342289
685 686 914446
686 687 270906
687 688 307025
688 689 574940
689 690 686030
690 691 917837
691 692 761043
692 693 149966
693 694 954353
694 695 383638
695 696 233661
696 697 337358
697 698 341990
698 699 651239
699 700 358653
700 701 470169
701 702 118069
702 703 127808
703 704 834191
704 705 603984
705 706 552874
706 707 412204
707 708 133385
708 709 657028
709 710 581577
710 711 961950
711 712 615726
712 713 479397
713 714 346323
714 715 384425
715 716 273619
716 717 807477
717 718 776333
718 719 901059
719 720 637159
720 721 244444
721 722 938598
722 723 165273
723 724 838885
724 725 428817
725 726 883085
726 727 781928
727 728 628309
728 729 350523
729 730 633744
730 731 260929
731 732 534615
732 733 463929
733 734 72417
734 735 638340
735 736 233022
736 737 621304
737 738 683121
738 739 657853
739 740 667085
740 741 330740
741 742 813612
742 743 986651
743 744 275696
744 745 888846
745 746 368716
746 747 163961
747 748 508449
748 749 171197
749 750 392780
750 751 782719
751 752 509796
752 753 608905
753 754 290713
754 755 794706
755 756 791240
756 757 310049
757 758 770293
758 759 771074
759 760 180620
760 761 707800
761 762 327811
762 763 134084
763 764 401083
764 765 984912
765 766 484407
766 767 389590
767 768 981824
768 769 716613
769 770 89641
770 771 85402
771 772 604732
772 773 561984
773 774 615519
774 775 90789
775 776 181641
776 777 138049
777 778 236626
778 779 645973
779 780 232671
780 781 921621
781 782 281098
782 783 261547
783 784 906056
784 785 744529
785 786 899642
786 787 124887
787 788 542759
788 789 930733
789 790 621421
790 791 131341
791 792 782697
792 793 671171
793 794 154896
794 795 896844
795 796 973701
796 797 845895
797 798 149090
798 799 817805
799 800 889254
800 801 386577
801 802 563264
802 803 819711
803 804 202056
804 805 313818
805 806 114421
806 807 156023
807 808 196422
808 809 360273
809 810 588020
810 811 739648
811 812 931233
812 813 755274
813 814 164886
814 815 234583
815 816 613840
816 817 384043
817 818 953394
818 819 759090
819 820 491554
820 821 827632
821 822 510606
822 823 823889
823 824 841346
824 825 273737
825 826 77303
826 827 537332
827 828 925589
828 829 605407
829 830 306614
830 831 829204
831 832 321633
832 833 354208
833 834 369331
834 835 965074
835 836 384575
836 837 556368
837 838 201657
838 839 185218
839 840 692961
840 841 766825
841 842 608833
842 843 306364
843 844 118770
844 845 441507
845 846 451727
846 847 281016
847 848 826759
848 849 984001
849 850 877434
850 851 340921
851 852 62594
852 853 688015
853 854 485123
854 855 711366
855 856 495446
856 857 245984
857 858 447787
858 859 794785
859 860 493562
860 861 131662
861 862 665251
862 863 734526
863 864 258665
864 865 412769
865 866 385752
866 867 288975
867 868 135449
868 869 186865
869 870 407803
870 871 456674
871 872 344235
872 873 680384
873 874 722260
874 875 297662
875 876 292693
876 877 654092
877 878 668202
878 879 479895
879 880 213317
880 881 604429
881 882 425409
882 883 800228
883 884 300149
884 885 778430
885 886 617229
886 887 527167
887 888 633072
888 889 804210
889 890 459863
890 891 545667
891 892 653198
892 893 232329
893 894 267379
894 895 75901
895 896 742269
896 897 416276
897 898 60252
898 899 268316
899 900 661600
900 901 984706
901 902 301108
902 903 343604
903 904 609474
904 905 885798
905 906 354011
906 907 709899
907 908 260165
908 909 943343
909 910 207319
910 911 497685
911 912 844086
912 913 768143
913 914 261596
914 915 550499
915 916 768665
916 917 114786
917 918 822934
918 919 621864
919 920 102014
920 921 155962
921 922 581141
922 923 668859
923 924 510236
924 925 417689
925 926 385066
926 927 173366
927 928 634827
928 929 949694
929 930 209510
930 931 762006
931 932 437175
932 933 170851
933 934 484795
934 935 809177
935 936 265972
936 937 451339
937 938 577848
938 939 198070
939 940 483165
940 941 364860
941 942 216083
942 943 897532
943 944 225942
944 945 853663
945 946 190861
946 947 914407
947 948 654064
948 949 87602
949 950 935225
950 951 817694
951 952 135617
952 953 678915
953 954 717754
954 955 517392
955 956 576088
956 957 941662
957 958 983049
958 959 373290
959 960 140824
960 961 818375
961 962 533142
962 963 154622
963 964 131416
964 965 835893
965 966 759678
966 967 854413
967 968 527701
968 969 704840
969 970 509262
970 971 118561
971 972 526365
972 973 574358
973 974 675033
974 975 482369
975 976 410623
976 977 632924
977 978 995492
978 979 179938
979 980 126754
980 981 893768
981 982 133201
982 983 925241
983 984 611780
984 985 516344
985 986 924215
986 987 881565
987 988 667030
988 989 235097
989 990 728898
990 991 454791
991 992 235894
992 993 435517
993 994 732027
994 995 99572
995 996 342504
996 997 987873
997 998 975350
998 999 849801
999 1000 344899
1000 1001 412207
1001 1002 221191
1002 1003 545375
1003 1004 873498
1004 1005 691940
1005 1006 410061
1006 1007 953639
1007 1008 207133
1008 1009 239552
1009 1010 656126
1010 1011 485042
1011 1012 551842
1012 1013 639226
1013 1014 911588
1014 1015 382259
1015 1016 918610
1016 1017 545394
1017 1018 626333
1018 1019 390139
1019 1020 164969
1020 1021 501723
1021 1022 587872
1022 1023 352336
1023 1024 817599
1024 1025 592009
1025 1026 674610
1026 1027 877007
1027 1028 355284
1028 1029 300702
1029 1030 786956
1030 1031 312856
1031 1032 317104
1032 1033 283718
1033 1034 324265
1034 1035 455319
1035 1036 279131
1036 1037 575178
1037 1038 83522
1038 1039 607555
1039 1040 763019
1040 1041 242719
1041 1042 493185
1042 1043 874392
1043 1044 195276
1044 1045 549642
1045 1046 491838
1046 1047 164303
1047 1048 346672
1048 1049 623701
1049 1050 946933
1050 1051 602608
1051 1052 211366
1052 1053 300085
1053 1054 893912
1054 1055 864905
1055 1056 302195
1056 1057 760100
1057 1058 743594
1058 1059 777520
1059 1060 479066
1060 1061 118858
1061 1062 79419
1062 1063 456263
1063 1064 877391
1064 1065 231679
1065 1066 777553
1066 1067 562359
1067 1068 507102
1068 1069 690949
1069 1070 98525
1070 1071 479696
1071 1072 228879
1072 1073 286420
1073 1074 588543
1074 1075 542458
1075 1076 366598
1076 1077 373030
1077 1078 480661
1078 1079 100120
1079 1080 434596
1080 1081 301504
1081 1082 800485
1082 1083 524769
1083 1084 192574
1084 1085 74126
1085 1086 535472
1086 1087 629840
1087 1088 506794
1088 1089 748653
1089 1090 132417
1090 1091 416788
1091 1092 113051
1092 1093 146264
1093 1094 209336
1094 1095 646963
1095 1096 118069
1096 1097 587054
1097 1098 836092
1098 1099 655457
1099 1100 743114
1100 1101 370428
1101 1102 402068
1102 1103 234056
1103 1104 998738
1104 1105 427944
1105 1106 260316
1106 1107 756390
1107 1108 487399
1108 1109 688664
1109 1110 150282
1110 1111 80203
1111 1112 569657
1112 1113 908230
1113 1114 213020
1114 1115 144915
1115 1116 159862
1116 1117 965052
1117 1118 532209
1118 1119 115755
1119 1120 130499
1120 1121 465055
1121 1122 519680
1122 1123 720717
1123 1124 100258
1124 1125 217149
1125 1126 561855
1126 1127 646802
1127 1128 601362
1128 1129 275850
1129 1130 313742
1130 1131 725901
1131 1132 578204
1132 1133 549228
1133 1134 481068
1134 1135 478352
1135 1136 333235
1136 1137 128068
1137 1138 442434
1138 1139 945590
1139 1140 365318
1140 1141 373911
1141 1142 748698
1142 1143 927101
1143 1144 662596
1144 1145 284876
1145 1146 781707
1146 1147 270806
1147 1148 496806
1148 1149 298162
1149 1150 546138
1150 1151 325795
1151 1152 819776
1152 1153 84600
1153 1154 957150
1154 1155 875648
1155 1156 610177
1156 1157 853584
1157 1158 726989
1158 1159 112491
1159 1160 951317
1160 1161 655157
1161 1162 627926
1162 1163 963363
1163 1164 153013
1164 1165 579853
1165 1166 483317
1166 1167 764471
1167 1168 133504
1168 1169 264627
1169 1170 982554
1170 1171 392580
1171 1172 222872
1172 1173 895849
1173 1174 503415
1174 1175 163108
1175 1176 378590
1176 1177 925797
1177 1178 329502
1178 1179 577055
1179 1180 806759
1180 1181 546089
1181 1182 264125
1182 1183 582987
1183 1184 265869
1184 1185 985179
1185 1186 744267
1186 1187 684370
1187 1188 671573
1188 1189 919542
1189 1190 205749
1190 1191 496619
1191 1192 752645
1192 1193 810793
1193 1194 373485
1194 1195 829559
1195 1196 142302
1196 1197 361684
1197 1198 451005
1198 1199 905061
1199 1200 114970
1200 1201 80872
1201 1202 634554
1202 1203 632497
1203 1204 323750
1204 1205 147051
1205 1206 184476
1206 1207 131251
1207 1208 186435
1208 1209 65205
1209 1210 976430
1210 1211 647035
1211 1212 130620
1212 1213 774301
1213 1214 815653
1214 1215 204162
1215 1216 787983
1216 1217 951683
1217 1218 874951
1218 1219 839100
1219 1220 290847
1220 1221 636467
1221 1222 349171
1222 1223 193102
1223 1224 644347
1224 1225 80137
1225 1226 695040
1226 1227 827046
1227 1228 878797
1228 1229 799624
1229 1230 605746
1230 1231 902175
1231 1232 330554
1232 1233 954671
1233 1234 331004
1234 1235 369245
1235 1236 120985
1236 1237 859930
1237 1238 205210
1238 1239 122063
1239 1240 967314
1240 1241 607177
1241 1242 509736
1242 1243 532057
1243 1244 448038
1244 1245 521297
1245 1246 406537
1246 1247 743485
1247 1248 317902
1248 1249 550899
1249 1250 369759
1250 1251 906636
1251 1252 725632
1252 1253 485496
1253 1254 401156
1254 1255 651527
1255 1256 348067
1256 1257 745489
1257 1258 169209
1258 1259 454604
1259 1260 960201
1260 1261 78330
1261 1262 370392
1262 1263 167612
1263 1264 303886
1264 1265 175995
1265 1266 74255
1266 1267 106596
1267 1268 919613
1268 1269 401194
1269 1270 782456
1270 1271 430873
1271 1272 212542
1272 1273 541576
1273 1274 147667
1274 1275 945516
1275 1276 396902
1276 1277 411484
1277 1278 566418
1278 1279 934343
1279 1280 227336
1280 1281 226799
1281 1282 806891
1282 1283 995937
1283 1284 989625
1284 1285 635314
1285 1286 448151
1286 1287 475299
1287 1288 965686
1288 1289 347069
1289 1290 911185
1290 1291 321034
1291 1292 283725
1292 1293 495164
1293 1294 782561
1294 1295 753072
1295 1296 509151
1296 1297 209443
1297 1298 729709
1298 1299 94693
1299 1300 859445
1300 1301 747536
1301 1302 835618
1302 1303 303577
1303 1304 71167
1304 1305 703188
1305 1306 922454
1306 1307 968898
1307 1308 772302
1308 1309 314217
1309 1310 729251
1310 1311 672058
1311 1312 412979
1312 1313 235430
1313 1314 818729
1314 1315 310102
1315 1316 783762
1316 1317 260897
1317 1318 924979
1318 1319 573927
1319 1320 543729
1320 1321 167077
1321 1322 432529
1322 1323 814366
1323 1324 949649
1324 1325 872335
1325 1326 437400
1326 1327 146284
1327 1328 111015
1328 1329 938665
1329 1330 997322
1330 1331 644804
1331 1332 516908
1332 1333 354733
1333 1334 849105
1334 1335 157554
1335 1336 160193
1336 1337 546152
1337 1338 860737
1338 1339 272623
1339 1340 423761
1340 1341 637789
1341 1342 499158
1342 1343 921414
1343 1344 294545
1344 1345 296085
1345 1346 529842
1346 1347 407441
1347 1348 324272
1348 1349 439622
1349 1350 323857
1350 1351 524922
1351 1352 709671
1352 1353 984073
1353 1354 691435
1354 1355 709325
1355 1356 485106
1356 1357 137498
1357 1358 164874
1358 1359 276832
1359 1360 756722
1360 1361 338440
1361 1362 689988
1362 1363 405035
1363 1364 383256
1364 1365 411015
1365 1366 631504
1366 1367 936433
1367 1368 939332
1368 1369 690071
1369 1370 524135
1370 1371 511569
1371 1372 619578
1372 1373 866180
1373 1374 740470
1374 1375 729632
1375 1376 593893
1376 1377 293212
1377 1378 170423
1378 1379 85646
1379 1380 150834
1380 1381 557722
1381 1382 637373
1382 1383 943780
1383 1384 836477
1384 1385 525998
1385 1386 123512
1386 1387 477259
1387 1388 191957
1388 1389 161723
1389 1390 906739
1390 1391 582370
1391 1392 209738
1392 1393 683733
1393 1394 553049
1394 1395 959934
1395 1396 567328
1396 1397 957561
1397 1398 648158
1398 1399 762212
1399 1400 745732
1400 1401 438885
1401 1402 875303
1402 1403 311687
1403 1404 414647
1404 1405 291487
1405 1406 528102
1406 1407 138116
1407 1408 162395
1408 1409 213459
1409 1410 722417
1410 1411 754920
1411 1412 430481
1412 1413 326484
1413 1414 897496
1414 1415 899104
1415 1416 978959
1416 1417 331066
1417 1418 131664
1418 1419 968660
1419 1420 714967
1420 1421 486464
1421 1422 705238
1422 1423 126190
1423 1424 177916
1424 1425 465987
1425 1426 545552
1426 1427 118949
1427 1428 748245
1428 1429 205686
1429 1430 613061
1430 1431 647877
1431 1432 81445
1432 1433 148723
1433 1434 499219
1434 1435 502033
1435 1436 280577
1436 1437 861857
1437 1438 155358
1438 1439 85356
1439 1440 294227
1440 1441 442910
1441 1442 468755
1442 1443 998195
1443 1444 366339
1444 1445 99385
1445 1446 84395
1446 1447 131969
1447 1448 67798
1448 1449 872744
1449 1450 449221
1450 1451 435534
1451 1452 374221
1452 1453 615681
1453 1454 911294
1454 1455 539134
1455 1456 643951
1456 1457 817098
1457 1458 841657
1458 1459 336199
1459 1460 477130
1460 1461 619029
1461 1462 292022
1462 1463 895800
1463 1464 966424
1464 1465 346945
1465 1466 75890
1466 1467 494676
1467 1468 832747
1468 1469 398644
1469 1470 342133
1470 1471 731810
1471 1472 191280
1472 1473 104703
1473 1474 425885
1474 1475 523433
1475 1476 429519
1476 1477 727649
1477 1478 794542
1478 1479 921987
1479 1480 191261
1480 1481 463051
1481 1482 244771
1482 1483 706736
1483 1484 927345
1484 1485 425881
1485 1486 191352
1486 1487 827458
1487 1488 783580
1488 1489 294011
1489 1490 691212
1490 1491 210398
1491 1492 805353
1492 1493 343355
1493 1494 568296
1494 1495 133480
1495 1496 107623
1496 1497 462931
1497 1498 509841
1498 1499 291354
1499 1500 86213
1500 1501 85709
1501 1502 445794
1502 1503 618158
1503 1504 920362
1504 1505 387372
1505 1506 887410
1506 1507 671425
1507 1508 66090
1508 1509 852199
1509 1510 875608
1510 1511 490661
1511 1512 776182
1512 1513 582107
1513 1514 399867
1514 1515 212345
1515 1516 218176
1516 1517 465009
1517 1518 929528
1518 1519 882207
1519 1520 859808
1520 1521 212719
1521 1522 647054
1522 1523 791923
1523 1524 874457
1524 1525 191020
1525 1526 146047
1526 1527 473654
1527 1528 520350
1528 1529 324407
1529 1530 611661
1530 1531 656560
1531 1532 135094
1532 1533 506297
1533 1534 743152
1534 1535 267513
1535 1536 511493
1536 1537 834714
1537 1538 504689
1538 1539 421680
1539 1540 965748
1540 1541 788706
1541 1542 486698
1542 1543 479820
1543 1544 945240
1544 1545 984291
1545 1546 296762
1546 1547 775066
1547 1548 203395
1548 1549 752543
1549 1550 819745
1550 1551 836536
1551 1552 115272
1552 1553 280617
1553 1554 679525
1554 1555 584554
1555 1556 273365
1556 1557 505059
1557 1558 964469
1558 1559 186914
1559 1560 203186
1560 1561 331437
1561 1562 283654
1562 1563 136944
1563 1564 973029
1564 1565 131613
1565 1566 198594
1566 1567 744045
1567 1568 928439
1568 1569 420901
1569 1570 738163
1570 1571 195815
1571 1572 96675
1572 1573 506570
1573 1574 275603
1574 1575 370131
1575 1576 542960
1576 1577 121932
1577 1578 821211
1578 1579 953286
1579 1580 848704
1580 1581 440694
1581 1582 499700
1582 1583 392581
1583 1584 752290
1584 1585 450404
1585 1586 616655
1586 1587 819518
1587 1588 577496
1588 1589 835259
1589 1590 212046
1590 1591 622709
1591 1592 879847
1592 1593 720495
1593 1594 271505
1594 1595 518394
1595 1596 764141
1596 1597 483146
1597 1598 863368
1598 1599 243529
1599 1600 120870
1600 1601 961696
1601 1602 76079
1602 1603 272227
1603 1604 83071
1604 1605 553078
1605 1606 216850
1606 1607 498571
1607 1608 673066
1608 1609 677950
1609 1610 322751
1610 1611 514963
1611 1612 581252
1612 1613 974185
1613 1614 258934
1614 1615 955817
1615 1616 552411
1616 1617 329926
1617 1618 343179
1618 1619 987396
1619 1620 180269
1620 1621 987946
1621 1622 808004
1622 1623 140662
1623 1624 341909
1624 1625 594042
1625 1626 681685
1626 1627 814986
1627 1628 63661
1628 1629 59807
1629 1630 1
1630 1631 1
1631 1632 1
1632 1633 1
1633 1634 1
1634 1635 1
1635 1636 1
1636 1637 1
1637 1638 1
1638 1639 1
1639 1640 1
1640 1641 1
1641 1642 1
1642 1643 1
1643 1644 1
1644 1645 1
1645 1646 1
1646 1647 1
1647 1648 1
1648 1649 1
1649 1650 1
1650 1651 1
1651 1652 1
1652 1653 1
1653 1654 1
1654 1655 1
1655 1656 1
1656 1657 1
1657 1658 1
1658 1659 1
1659 1660 1
1660 1661 1
1661 1662 1
1662 1663 1
1663 1664 1
1664 1665 1
1665 1666 1
1666 1667 1
1667 1668 1
1668 1669 1
1669 1670 1
1670 1671 1
1671 1672 1
1672 1673 1
1673 1674 1
1674 1675 1
1675 1676 1
1676 1677 1
1677 1678 1
1678 1679 1
1679 1680 1
1680 1681 1
1681 1682 1
1682 1683 1
1683 1684 1
1684 1685 1
1685 1686 1
1686 1687 1
1687 1688 1
1688 1689 1
1689 1690 1
1690 1691 1
1691 1692 1
1692 1693 1
1693 1694 1
1694 1695 1
1695 1696 1
1696 1697 1
1697 1698 1
1698 1699 1
1699 1700 1
1700 1701 1
1701 1702 1
1702 1703 1
1703 1704 1
1704 1705 1
1705 1706 1
1706 1707 1
1707 1708 1
1708 1709 1
1709 1710 1
1710 1711 1
1711 1712 1
1712 1713 1
1713 1714 1
1714 1715 1
1715 1716 1
1716 1717 1
1717 1718 1
1718 1719 1
1719 1720 1
1720 1721 1
1721 1722 1
1722 1723 1
1723 1724 1
1724 1725 1
1725 1726 1
1726 1727 1
1727 1728 1
1728 1729 1
1729 1730 1
1730 1731 1
1731 1732 1
1732 1733 1
1733 1734 1
1734 1735 1
1735 1736 1
1736 1737 1
1737 1738 1
1738 1739 1
1739 1740 1
1740 1741 1
1741 1742 1
1742 1743 1
1743 1744 1
1744 1745 1
1745 1746 1
1746 1747 1
1747 1748 1
1748 1749 1
1749 1750 1
1750 1751 1
1751 1752 1
1752 1753 1
1753 1754 1
1754 1755 1
1755 1756 1
1756 1757 1
1757 1758 1
1758 1759 1
1759 1760 1
1760 1761 1
1761 1762 1
1762 1763 1
1763 1764 1
1764 1765 1
1765 1766 1
1766 1767 1
1767 1768 1
1768 1769 1
1769 1770 1
1770 1771 1
1771 1772 1
1772 1773 1
1773 1774 1
1774 1775 1
1775 1776 1
1776 1777 1
1777 1778 1
1778 1779 1
1779 1780 1
1780 1781 1
1781 1782 1
1782 1783 1
1783 1784 1
1784 1785 1
1785 1786 1
1786 1787 1
1787 1788 1
1788 1789 1
1789 1790 1
1790 1791 1
1791 1792 1
1792 1793 1
1793 1794 1
1794 1795 1
1795 1796 1
1796 1797 1
1797 1798 1
1798 1799 1
1799 1800 1
1800 1801 1
1801 1802 1
1802 1803 1
1803 1804 1
1804 1805 1
1805 1806 1
1806 1807 1
1807 1808 1
1808 1809 1
1809 1810 1
1810 1811 1
1811 1812 1
1812 1813 1
1813 1814 1
1814 1815 1
1815 1816 1
1816 1817 1
1817 1818 1
1818 1819 1
1819 1820 1
1820 1821 1
1821 1822 1
1822 1823 1
1823 1824 1
1824 1825 1
1825 1826 1
1826 1827 1
1827 1828 1
1828 1829 1
1829 1830 1
1830 1831 1
1831 1832 1
1832 1833 1
1833 1834 1
1834 1835 1
1835 1836 1
1836 1837 1
1837 1838 1
1838 1839 1
1839 1840 1
1840 1841 1
1841 1842 1
1842 1843 1
1843 1844 1
1844 1845 1
1845 1846 1
1846 1847 1
1847 1848 1
1848 1849 1
1849 1850 1
1850 1851 1
1851 1852 1
1852 1853 1
1853 1854 1
1854 1855 1
1855 1856 1
1856 1857 1
1857 1858 1
1858 1859 1
1859 1860 1
1860 1861 1
1861 1862 1
1862 1863 1
1863 1864 1
1864 1865 1
1865 1866 1
1866 1867 1
1867 1868 1
1868 1869 1
1869 1870 1
1870 1871 1
1871 1872 1
1872 1873 1
1873 1874 1
1874 1875 1
1875 1876 1
1876 1877 1
1877 1878 1
1878 1879 1
1879 1880 1
1880 1881 1
1881 1882 1
1882 1883 1
1883 1884 1
1884 1885 1
1885 1886 1
1886 1887 1
1887 1888 1
1888 1889 1
1889 1890 1
1890 1891 1
1891 1892 1
1892 1893 1
1893 1894 1
1894 1895 1
1895 1896 1
1896 1897 1
1897 1898 1
1898 1899 1
1899 1900 1
1900 1901 1
1901 1902 1
1902 1903 1
1903 1904 1
1904 1905 1
1905 1906 1
1906 1907 1
1907 1908 1
1908 1909 1
1909 1910 1
1910 1911 1
1911 1912 1
1912 1913 1
1913 1914 1
1914 1915 1
1915 1916 1
1916 1917 1
1917 1918 1
1918 1919 1
1919 1920 1
1920 1921 1
1921 1922 1
1922 1923 1
1923 1924 1
1924 1925 1
1925 1926 1
1926 1927 1
1927 1928 1
1928 1929 1
1929 1930 1
1930 1931 1
1931 1932 1
1932 1933 1
1933 1934 1
1934 1935 1
1935 1936 1
1936 1937 1
1937 1938 1
1938 1939 1
1939 1940 1
1940 1941 1
1941 1942 1
1942 1943 1
1943 1944 1
1944 1945 1
1945 1946 1
1946 1947 1
1947 1948 1
1948 1949 1
1949 1950 1
1950 1951 1
1951 1952 1
1952 1953 1
1953 1954 1
1954 1955 1
1955 1956 1
1956 1957 1
1957 1958 1
1958 1959 1
1959 1960 1
1960 1961 1
1961 1962 1
1962 1963 1
1963 1964 1
1964 1965 1
1965 1966 1
1966 1967 1
1967 1968 1
1968 1969 1
1969 1970 1
1970 1971 1
1971 1972 1
1972 1973 1
1973 1974 1
1974 1975 1
1975 1976 1
1976 1977 1
1977 1978 1
1978 1979 1
1979 1980 1
1980 1981 1
1981 1982 1
1982 1983 1
1983 1984 1
1984 1985 1
1985 1986 1
1986 1987 1
1987 1988 1
1988 1989 1
1989 1990 1
1990 1991 1
1991 1992 1
1992 1993 1
1993 1994 1
1994 1995 1
1995 1996 1
1996 1997 1
1997 1998 1
1998 1999 1
1999 2000 1
2000 2001 1
2001 2002 1
2002 2003 1
2003 2004 1
2004 2005 1
2005 2006 1
2006 2007 1
2007 2008 1
2008 2009 1
2009 2010 1
2010 2011 1
2011 2012 1
2012 2013 1
2013 2014 1
2014 2015 1
2015 2016 1
2016 2017 1
2017 2018 1
2018 2019 1
2019 2020 1
2020 2021 1
2021 2022 1
2022 2023 1
2023 2024 1
2024 2025 1
2025 2026 1
2026 2027 1
2027 2028 1
2028 2029 1
2029 2030 1
2030 2031 1
2031 2032 1
2032 2033 1
2033 2034 1
2034 2035 1
2035 2036 1
2036 2037 1
2037 2038 1
2038 2039 1
2039 2040 1
2040 2041 1
2041 2042 1
2042 2043 1
2043 2044 1
2044 2045 1
2045 2046 1
2046 2047 1
2047 2048 1
2048 2049 1
2049 2050 1
2050 2051 1
2051 2052 1
2052 2053 1
2053 2054 1
2054 2055 1
2055 2056 1
2056 2057 1
2057 2058 1
2058 2059 1
2059 2060 1
2060 2061 1
2061 2062 1
2062 2063 1
2063 2064 1
2064 2065 1
2065 2066 1
2066 2067 1
2067 2068 1
2068 2069 1
2069 2070 1
2070 2071 1
2071 2072 1
2072 2073 1
2073 2074 1
2074 2075 1
2075 2076 1
2076 2077 1
2077 2078 1
2078 2079 1
2079 2080 1
2080 2081 1
2081 2082 1
2082 2083 1
2083 2084 1
2084 2085 1
2085 2086 1
2086 2087 1
2087 2088 1
2088 2089 1
2089 2090 1
2090 2091 1
2091 2092 1
2092 2093 1
2093 2094 1
2094 2095 1
2095 2096 1
2096 2097 1
2097 2098 1
2098 2099 1
2099 2100 1
2100 2101 1
2101 2102 1
2102 2103 1
2103 2104 1
2104 2105 1
2105 2106 1
2106 2107 1
2107 2108 1
2108 2109 1
2109 2110 1
2110 2111 1
2111 2112 1
2112 2113 1
2113 2114 1
2114 2115 1
2115 2116 59679
2116 2117 195870
2117 2118 733239
2118 2119 106717
2119 2120 399282
2120 2121 468928
2121 2122 79967
2122 2123 235726
2123 2124 343852
2124 2125 388481
2125 2126 851545
2126 2127 149800
2127 2128 882605
2128 2129 179456
2129 2130 416161
2130 2131 679456
2131 2132 126458
2132 2133 900753
2133 2134 492986
2134 2135 283905
2135 2136 740268
2136 2137 570956
2137 2138 808206
2138 2139 179115
2139 2140 251020
2140 2141 972891
2141 2142 553533
2142 2143 820510
2143 2144 428904
2144 2145 457835
2145 2146 884394
2146 2147 137392
2147 2148 328749
2148 2149 715894
2149 2150 157470
2150 2151 718332
2151 2152 60184
2152 2153 299721
2153 2154 753776
2154 2155 552543
2155 2156 609476
2156 2157 429075
2157 2158 419039
2158 2159 724909
2159 2160 877353
2160 2161 981345
2161 2162 629285
2162 2163 574044
2163 2164 761069
2164 2165 451104
2165 2166 291914
2166 2167 644758
2167 2168 727013
2168 2169 398687
2169 2170 782856
2170 2171 89046
2171 2172 798970
2172 2173 421543
2173 2174 906208
2174 2175 330625
2175 2176 722324
2176 2177 489398
2177 2178 283528
2178 2179 256581
2179 2180 460396
2180 2181 120465
2181 2182 292900
2182 2183 584258
2183 2184 848227
2184 2185 862032
2185 2186 922719
2186 2187 820397
2187 2188 439048
2188 2189 306471
2189 2190 261517
2190 2191 445937
2191 2192 564376
2192 2193 599278
2193 2194 665269
2194 2195 804243
2195 2196 614502
2196 2197 757683
2197 2198 811253
2198 2199 731024
2199 2200 738767
2200 2201 611107
2201 2202 293812
2202 2203 197687
2203 2204 611950
2204 2205 878327
2205 2206 398301
2206 2207 836002
2207 2208 750056
2208 2209 665234
2209 2210 927116
2210 2211 681271
2211 2212 847697
2212 2213 663169
2213 2214 702631
2214 2215 884615
2215 2216 413451
2216 2217 546308
2217 2218 835234
2218 2219 711637
2219 2220 625746
2220 2221 121947
2221 2222 161965
2222 2223 619352
2223 2224 102316
2224 2225 823146
2225 2226 280522
2226 2227 763348
2227 2228 371381
2228 2229 369415
2229 2230 419166
2230 2231 280334
2231 2232 449779
2232 2233 357165
2233 2234 735679
2234 2235 304375
2235 2236 878872
2236 2237 81322
2237 2238 376245
2238 2239 601870
2239 2240 346808
2240 2241 898474
2241 2242 750918
2242 2243 632444
2243 2244 238957
2244 2245 114187
2245 2246 483378
2246 2247 721001
2247 2248 988775
2248 2249 447439
2249 2250 900488
2250 2251 762082
2251 2252 611657
2252 2253 823031
2253 2254 264706
2254 2255 935673
2255 2256 144581
2256 2257 276393
2257 2258 298788
2258 2259 462823
2259 2260 809951
2260 2261 574923
2261 2262 623275
2262 2263 887403
2263 2264 298321
2264 2265 546756
2265 2266 562834
2266 2267 64483
2267 2268 358497
2268 2269 719788
2269 2270 779139
2270 2271 644597
2271 2272 519111
2272 2273 939985
2273 2274 229534
2274 2275 96761
2275 2276 795863
2276 2277 148094
2277 2278 926242
2278 2279 464643
2279 2280 118502
2280 2281 455080
2281 2282 119028
2282 2283 132768
2283 2284 882145
2284 2285 861211
2285 2286 459307
2286 2287 324893
2287 2288 890173
2288 2289 898124
2289 2290 511564
2290 2291 576960
2291 2292 665829
2292 2293 777383
2293 2294 347679
2294 2295 272608
2295 2296 336166
2296 2297 223543
2297 2298 642451
2298 2299 776724
2299 2300 519274
2300 2301 626232
2301 2302 788497
2302 2303 240058
2303 2304 396520
2304 2305 455915
2305 2306 818649
2306 2307 790431
2307 2308 940369
2308 2309 510401
2309 2310 431983
2310 2311 953136
2311 2312 502669
2312 2313 614974
2313 2314 320176
2314 2315 337304
2315 2316 948155
2316 2317 884215
2317 2318 145733
2318 2319 413241
2319 2320 322439
2320 2321 140424
2321 2322 568426
2322 2323 290307
2323 2324 647733
2324 2325 224754
2325 2326 887303
2326 2327 885694
2327 2328 128173
2328 2329 839809
2329 2330 593907
2330 2331 425418
2331 2332 519320
2332 2333 490491
2333 2334 966668
2334 2335 500771
2335 2336 192963
2336 2337 738941
2337 2338 859337
2338 2339 329543
2339 2340 176094
2340 2341 467761
2341 2342 925503
2342 2343 311929
2343 2344 838767
2344 2345 407242
2345 2346 157523
2346 2347 912539
2347 2348 319101
2348 2349 572638
2349 2350 768161
2350 2351 360814
2351 2352 385866
2352 2353 152027
2353 2354 626950
2354 2355 183665
2355 2356 950404
2356 2357 543397
2357 2358 217386
2358 2359 229465
2359 2360 487173
2360 2361 894612
2361 2362 809465
2362 2363 940148
2363 2364 681898
2364 2365 664460
2365 2366 356937
2366 2367 484638
2367 2368 535231
2368 2369 74238
2369 2370 378820
2370 2371 304194
2371 2372 330719
2372 2373 970270
2373 2374 470720
2374 2375 855353
2375 2376 399858
2376 2377 393585
2377 2378 237421
2378 2379 169985
2379 2380 683369
2380 2381 738928
2381 2382 733299
2382 2383 556280
2383 2384 994390
2384 2385 450528
2385 2386 892421
2386 2387 277533
2387 2388 732079
2388 2389 390940
2389 2390 308675
2390 2391 235772
2391 2392 305701
2392 2393 635685
2393 2394 402869
2394 2395 386173
2395 2396 647672
2396 2397 804942
2397 2398 387350
2398 2399 917433
2399 2400 577497
2400 2401 173489
2401 2402 977718
2402 2403 426781
2403 2404 534492
2404 2405 488795
2405 2406 824270
2406 2407 754104
2407 2408 739279
2408 2409 355687
2409 2410 204606
2410 2411 644423
2411 2412 879103
2412 2413 860169
2413 2414 792198
2414 2415 209178
2415 2416 130618
2416 2417 380600
2417 2418 376872
2418 2419 340608
2419 2420 657343
2420 2421 113125
2421 2422 318738
2422 2423 966950
2423 2424 974687
2424 2425 862993
2425 2426 429690
2426 2427 580171
2427 2428 769529
2428 2429 838509
2429 2430 859212
2430 2431 582162
2431 2432 458747
2432 2433 654277
2433 2434 943483
2434 2435 420188
2435 2436 239214
2436 2437 650803
2437 2438 574533
2438 2439 930675
2439 2440 452757
2440 2441 321079
2441 2442 305330
2442 2443 461218
2443 2444 597996
2444 2445 346410
2445 2446 125347
2446 2447 418123
2447 2448 777055
2448 2449 570272
2449 2450 409904
2450 2451 681983
2451 2452 104933
2452 2453 199742
2453 2454 703391
2454 2455 947753
2455 2456 82382
2456 2457 871620
2457 2458 826029
2458 2459 604385
2459 2460 642642
2460 2461 388121
2461 2462 528347
2462 2463 96399
2463 2464 146252
2464 2465 211814
2465 2466 555496
2466 2467 76994
2467 2468 875020
2468 2469 754700
2469 2470 820904
2470 2471 87481
2471 2472 417066
2472 2473 220222
2473 2474 741909
2474 2475 600330
2475 2476 601911
2476 2477 291954
2477 2478 708008
2478 2479 887709
2479 2480 166720
2480 2481 548231
2481 2482 912156
2482 2483 408033
2483 2484 192157
2484 2485 295786
2485 2486 530079
2486 2487 617098
2487 2488 149403
2488 2489 459743
2489 2490 856333
2490 2491 365254
2491 2492 397259
2492 2493 818099
2493 2494 801743
2494 2495 170150
2495 2496 990729
2496 2497 272369
2497 2498 943835
2498 2499 374724
2499 2500 857250
2500 2501 465731
2501 2502 921795
2502 2503 969770
2503 2504 469249
2504 2505 220165
2505 2506 496887
2506 2507 347626
2507 2508 683899
2508 2509 496892
2509 2510 786980
2510 2511 847253
2511 2512 285741
2512 2513 800473
2513 2514 540882
2514 2515 731674
2515 2516 717778
2516 2517 413480
2517 2518 379204
2518 2519 673340
2519 2520 550407
2520 2521 847455
2521 2522 780129
2522 2523 147059
2523 2524 795281
2524 2525 85729
2525 2526 793340
2526 2527 974923
2527 2528 815345
2528 2529 621685
2529 2530 220334
2530 2531 644378
2531 2532 462689
2532 2533 597663
2533 2534 787046
2534 2535 926445
2535 2536 210033
2536 2537 532909
2537 2538 507077
2538 2539 680363
2539 2540 176619
2540 2541 549871
2541 2542 255838
2542 2543 300046
2543 2544 630291
2544 2545 408891
2545 2546 83453
2546 2547 171264
2547 2548 117273
2548 2549 293598
2549 2550 705471
2550 2551 836142
2551 2552 231251
2552 2553 445685
2553 2554 128015
2554 2555 189663
2555 2556 460769
2556 2557 647251
2557 2558 220762
2558 2559 445255
2559 2560 926787
2560 2561 249218
2561 2562 305478
2562 2563 237457
2563 2564 327069
2564 2565 190637
2565 2566 191374
2566 2567 565971
2567 2568 453751
2568 2569 377486
2569 2570 774686
2570 2571 112652
2571 2572 94451
2572 2573 986737
2573 2574 149579
2574 2575 838657
2575 2576 523757
2576 2577 900972
2577 2578 150172
2578 2579 631640
2579 2580 639740
2580 2581 374937
2581 2582 131394
2582 2583 125216
2583 2584 731267
2584 2585 285652
2585 2586 918554
2586 2587 468258
2587 2588 616483
2588 2589 197823
2589 2590 144197
2590 2591 924682
2591 2592 956549
2592 2593 739867
2593 2594 785936
2594 2595 680446
2595 2596 621120
2596 2597 79670
2597 2598 445451
2598 2599 562163
2599 2600 995394
2600 2601 591586
2601 2602 144056
2602 2603 382102
2603 2604 530822
2604 2605 548623
2605 2606 208608
2606 2607 909195
2607 2608 124146
2608 2609 75546
2609 2610 640644
2610 2611 155516
2611 2612 518126
2612 2613 269818
2613 2614 787505
2614 2615 836627
2615 2616 468909
2616 2617 743920
2617 2618 866927
2618 2619 725691
2619 2620 839698
2620 2621 75435
2621 2622 147229
2622 2623 989199
2623 2624 939158
2624 2625 418987
2625 2626 176517
2626 2627 675406
2627 2628 575066
2628 2629 680502
2629 2630 656543
2630 2631 202710
2631 2632 774208
2632 2633 227530
2633 2634 316828
2634 2635 340109
2635 2636 77049
2636 2637 858106
2637 2638 166425
2638 2639 829420
2639 2640 498467
2640 2641 200318
2641 2642 899889
2642 2643 231069
2643 2644 550616
2644 2645 451326
2645 2646 983209
2646 2647 117554
2647 2648 858766
2648 2649 813538
2649 2650 605084
2650 2651 662165
2651 2652 963336
2652 2653 484720
2653 2654 707940
2654 2655 397383
2655 2656 972015
2656 2657 67550
2657 2658 642004
2658 2659 917957
2659 2660 372037
2660 2661 955540
2661 2662 880937
2662 2663 304680
2663 2664 784968
2664 2665 649770
2665 2666 776589
2666 2667 109294
2667 2668 128968
2668 2669 429541
2669 2670 674243
2670 2671 149351
2671 2672 513992
2672 2673 573665
2673 2674 259554
2674 2675 958035
2675 2676 992217
2676 2677 324129
2677 2678 438294
2678 2679 501305
2679 2680 623764
2680 2681 760233
2681 2682 212964
2682 2683 178620
2683 2684 985339
2684 2685 639858
2685 2686 876355
2686 2687 833830
2687 2688 949878
2688 2689 470465
2689 2690 517714
2690 2691 955854
2691 2692 234335
2692 2693 947953
2693 2694 447388
2694 2695 407158
2695 2696 334759
2696 2697 390931
2697 2698 671022
2698 2699 457338
2699 2700 152218
2700 2701 226533
2701 2702 628751
2702 2703 108243
2703 2704 969752
2704 2705 368614
2705 2706 927836
2706 2707 170520
2707 2708 935466
2708 2709 203512
2709 2710 371214
2710 2711 304120
2711 2712 660063
2712 2713 281291
2713 2714 360332
2714 2715 938667
2715 2716 511761
2716 2717 596446
2717 2718 472544
2718 2719 274511
2719 2720 651002
2720 2721 600776
2721 2722 101665
2722 2723 971362
2723 2724 615718
2724 2725 861577
2725 2726 931286
2726 2727 687387
2727 2728 694387
2728 2729 897315
2729 2730 678663
2730 2731 622786
2731 2732 583744
2732 2733 481458
2733 2734 608525
2734 2735 276764
2735 2736 569080
2736 2737 767772
2737 2738 546117
2738 2739 137653
2739 2740 647395
2740 2741 990880
2741 2742 811059
2742 2743 422180
2743 2744 439024
2744 2745 92071
2745 2746 837907
2746 2747 371613
2747 2748 130306
2748 2749 210533
2749 2750 659914
2750 2751 554267
2751 2752 665374
2752 2753 932465
2753 2754 825114
2754 2755 184728
2755 2756 758262
2756 2757 682713
2757 2758 567420
2758 2759 487573
2759 2760 620937
2760 2761 974340
2761 2762 897565
2762 2763 995005
2763 2764 198691
2764 2765 315129
2765 2766 672170
2766 2767 868609
2767 2768 564816
2768 2769 697797
2769 2770 173109
2770 2771 105973
2771 2772 133963
2772 2773 123062
2773 2774 858085
