cc61ad56a4797fb3f5c9529f73ce6fcedd85669b
1
3000 0 2999 1062928849033
0 1 998984
1 2 998391
2 3 997359
3 4 996971
4 5 996259
5 6 995283
6 7 994397
7 8 994350
8 9 993341
9 10 992541
10 11 992084
11 12 991307
12 13 990600
13 14 990276
14 15 989400
15 16 988934
16 17 988034
17 18 987540
18 19 986977
19 20 986286
20 21 985339
21 22 984774
22 23 984287
23 24 983660
24 25 982649
25 26 982225
26 27 981295
27 28 980825
28 29 979779
29 30 979420
30 31 978982
31 32 978036
32 33 977400
33 34 976746
34 35 976023
35 36 975128
36 37 974495
37 38 974384
38 39 973511
39 40 973028
40 41 971925
41 42 971741
42 43 970451
43 44 970081
44 45 969152
45 46 968960
46 47 967713
47 48 967283
48 49 966956
49 50 966397
50 51 965379
51 52 964680
52 53 964283
53 54 963234
54 55 962447
55 56 962058
56 57 961175
57 58 960877
58 59 960260
59 60 959377
60 61 958839
61 62 958046
62 63 957510
63 64 956955
64 65 955824
65 66 955524
66 67 954507
67 68 954018
68 69 953259
69 70 953024
70 71 952376
71 72 951385
72 73 950548
73 74 950036
74 75 949494
75 76 948746
76 77 948178
77 78 947745
78 79 946525
79 80 945869
80 81 945737
81 82 944696
82 83 944185
83 84 943371
84 85 942909
85 86 941910
86 87 941639
87 88 940504
88 89 939864
89 90 939179
90 91 938675
91 92 938106
92 93 937635
93 94 936493
94 95 936132
95 96 935312
96 97 934690
97 98 933829
98 99 933146
99 100 932555
100 101 932223
101 102 931196
102 103 931014
103 104 929975
104 105 929700
105 106 928466
106 107 927809
107 108 927237
108 109 926670
109 110 926393
110 111 925335
111 112 924787
112 113 924144
113 114 923260
114 115 922553
115 116 922285
116 117 921677
117 118 920517
118 119 920069
119 120 919662
120 121 919060
121 122 917802
122 123 917329
123 124 917148
124 125 915777
125 126 915282
126 127 914891
127 128 914281
128 129 913509
129 130 912648
130 131 912005
131 132 911293
132 133 910445
133 134 910063
134 135 909369
135 136 909041
136 137 907921
137 138 907613
138 139 906545
139 140 905883
140 141 905328
141 142 904573
142 143 903840
143 144 903236
144 145 902706
145 146 902217
146 147 901708
147 148 900563
148 149 900500
149 150 899653
150 151 898898
151 152 898248
152 153 897704
153 154 897118
154 155 895920
155 156 895543
156 157 895135
157 158 893811
158 159 893619
159 160 892806
160 161 891882
161 162 891423
162 163 891030
163 164 890346
164 165 889801
165 166 888769
166 167 888432
167 168 887177
168 169 887112
169 170 886369
170 171 885668
171 172 884936
172 173 884305
173 174 883495
174 175 883066
175 176 881894
176 177 881455
177 178 880821
178 179 880359
179 180 879795
180 181 878854
181 182 878325
182 183 877220
183 184 876622
184 185 875981
185 186 875585
186 187 875073
187 188 874529
188 189 873522
189 190 872994
190 191 872394
191 192 871533
192 193 870542
193 194 869993
194 195 869683
195 196 868502
196 197 867882
197 198 867615
198 199 866638
199 200 866310
200 201 865265
201 202 864905
202 203 864057
203 204 863790
204 205 863031
205 206 862081
206 207 861272
207 208 860792
208 209 860396
209 210 859697
210 211 858686
211 212 858371
212 213 857700
213 214 856918
214 215 855921
215 216 855592
216 217 854720
217 218 853910
218 219 853714
219 220 852742
220 221 852067
221 222 851361
222 223 851186
223 224 850330
224 225 849369
225 226 848536
226 227 848198
227 228 847505
228 229 846743
229 230 846221
230 231 845684
231 232 845017
232 233 844453
233 234 843346
234 235 843231
235 236 841996
236 237 841615
237 238 841150
238 239 839989
239 240 839241
240 241 839056
241 242 838301
242 243 837845
243 244 837170
244 245 836104
245 246 835568
246 247 834773
247 248 833988
248 249 833419
249 250 832845
250 251 832500
251 252 831447
252 253 830876
253 254 830429
254 255 829337
255 256 828640
256 257 828391
257 258 827595
258 259 827209
259 260 826091
260 261 825276
261 262 825113
262 263 824535
263 264 823392
264 265 822626
265 266 821866
266 267 821799
267 268 821093
268 269 819872
269 270 819574
270 271 819171
271 272 818007
272 273 817272
273 274 816700
274 275 816542
275 276 815782
276 277 815126
277 278 813982
278 279 813252
279 280 812702
280 281 812544
281 282 811439
282 283 810663
283 284 810185
284 285 809352
285 286 808968
286 287 807965
287 288 807266
288 289 806641
289 290 806076
290 291 805547
291 292 804683
292 293 804064
293 294 803281
294 295 802935
295 296 802225
296 297 801382
297 298 801114
298 299 800373
299 300 799635
300 301 798987
301 302 798434
302 303 797562
303 304 796834
304 305 796458
305 306 795885
306 307 794906
307 308 794170
308 309 793717
309 310 793050
310 311 792183
311 312 791468
312 313 790714
313 314 790346
314 315 789686
315 316 789236
316 317 788408
317 318 787545
318 319 787211
319 320 786151
320 321 785329
321 322 784815
322 323 784094
323 324 783257
324 325 783092
325 326 782048
326 327 781543
327 328 781035
328 329 780069
329 330 779316
330 331 778741
331 332 778250
332 333 777571
333 334 776711
334 335 776074
335 336 775671
336 337 774618
337 338 774594
338 339 773904
339 340 772915
340 341 772297
341 342 771774
342 343 771067
343 344 769989
344 345 769520
345 346 769130
346 347 768612
347 348 767366
348 349 767074
349 350 766244
350 351 765326
351 352 765210
352 353 764152
353 354 763325
354 355 762661
355 356 762287
356 357 761434
357 358 761199
358 359 760123
359 360 759843
360 361 759097
361 362 758326
362 363 757880
363 364 756713
364 365 756150
365 366 755571
366 367 755138
367 368 754031
368 369 753675
369 370 753230
370 371 752442
371 372 751531
372 373 750659
373 374 749991
374 375 749602
375 376 748748
376 377 748631
377 378 747826
378 379 747176
379 380 746172
380 381 745692
381 382 745220
382 383 744097
383 384 743377
384 385 743248
385 386 742224
386 387 741435
387 388 740861
388 389 740509
389 390 739908
390 391 739248
391 392 738475
392 393 737765
393 394 737309
394 395 736303
395 396 735725
396 397 734968
397 398 734521
398 399 733911
399 400 733046
400 401 732264
401 402 731415
402 403 730659
403 404 730598
404 405 729989
405 406 729293
406 407 728063
407 408 727379
408 409 726709
409 410 726574
410 411 725562
411 412 725239
412 413 724542
413 414 723577
414 415 723257
415 416 722325
416 417 721365
417 418 721113
418 419 720075
419 420 719504
420 421 718760
421 422 718390
422 423 717432
423 424 717023
424 425 716202
425 426 715991
426 427 715101
427 428 714488
428 429 713546
429 430 712659
430 431 712281
431 432 711834
432 433 711155
433 434 710313
434 435 709428
435 436 708984
436 437 708382
437 438 707987
438 439 707048
439 440 706544
440 441 705759
441 442 705048
442 443 704422
443 444 703514
444 445 702985
445 446 702549
446 447 701389
447 448 700856
448 449 700277
449 450 699658
450 451 699362
451 452 698153
452 453 697403
453 454 696981
454 455 696525
455 456 695591
456 457 695218
457 458 694231
458 459 693421
459 460 693142
460 461 692242
461 462 691435
462 463 691295
463 464 690086
464 465 689841
465 466 689102
466 467 688199
467 468 687393
468 469 687153
469 470 686446
470 471 685809
471 472 684762
472 473 684598
473 474 683709
474 475 683010
475 476 682480
476 477 682018
477 478 681134
478 479 680323
479 480 679656
480 481 678942
481 482 678390
482 483 677635
483 484 676941
484 485 676264
485 486 675697
486 487 674830
487 488 674557
488 489 673906
489 490 673074
490 491 672543
491 492 671585
492 493 671200
493 494 670446
494 495 669914
495 496 669255
496 497 668162
497 498 667703
498 499 667012
499 500 666131
500 501 665380
501 502 664762
502 503 664628
503 504 663956
504 505 663320
505 506 662363
506 507 661476
507 508 661210
508 509 660129
509 510 660018
510 511 659035
511 512 658239
512 513 657438
513 514 657117
514 515 656569
515 516 655831
516 517 655348
517 518 654336
518 519 653596
519 520 653331
520 521 652102
521 522 651902
522 523 650860
523 524 650281
524 525 649370
525 526 648916
526 527 648598
527 528 647791
528 529 647172
529 530 646626
530 531 645553
531 532 645048
532 533 644148
533 534 643734
534 535 643229
535 536 642072
536 537 641778
537 538 640943
538 539 640678
539 540 639741
540 541 639001
541 542 638236
542 543 638080
543 544 637341
544 545 636506
545 546 635533
546 547 634877
547 548 634134
548 549 633587
549 550 633325
550 551 632413
551 552 631507
552 553 631203
553 554 630166
554 555 630000
555 556 629340
556 557 628521
557 558 627585
558 559 627087
559 560 626132
560 561 625804
561 562 625049
562 563 624097
563 564 623533
564 565 623097
565 566 622561
566 567 621464
567 568 620809
568 569 620567
569 570 620062
570 571 618827
571 572 618121
572 573 617903
573 574 617221
574 575 616438
575 576 615439
576 577 614842
577 578 614666
578 579 613815
579 580 613184
580 581 612517
581 582 611808
582 583 611159
583 584 610561
584 585 610013
585 586 609151
586 587 608463
587 588 607736
588 589 607035
589 590 606668
590 591 605663
591 592 605259
592 593 604546
593 594 604035
594 595 603337
595 596 602758
596 597 601987
597 598 601131
598 599 600564
599 600 599770
600 601 599257
601 602 598374
602 603 597972
603 604 597100
604 605 596427
605 606 595719
606 607 595161
607 608 594223
608 609 593457
609 610 593135
610 611 592351
611 612 591607
612 613 591129
613 614 590186
614 615 590022
615 616 589149
616 617 588563
617 618 587810
618 619 587220
619 620 586469
620 621 585545
621 622 585093
622 623 584219
623 624 584039
624 625 583243
625 626 582394
626 627 582001
627 628 581360
628 629 580535
629 630 579663
630 631 579128
631 632 578774
632 633 577939
633 634 576870
634 635 576439
635 636 575683
636 637 575237
637 638 574524
638 639 573775
639 640 573206
640 641 572227
641 642 571646
642 643 570879
643 644 570726
644 645 569648
645 646 569380
646 647 568248
647 648 567725
648 649 567296
649 650 566705
650 651 565760
651 652 565397
652 653 564123
653 654 563633
654 655 563068
655 656 562602
656 657 561817
657 658 561267
658 659 560542
659 660 559988
660 661 559210
661 662 558749
662 663 558007
663 664 557002
664 665 556282
665 666 555622
666 667 555363
667 668 554581
668 669 554059
669 670 553003
670 671 552546
671 672 552198
672 673 551072
673 674 550730
674 675 549882
675 676 549403
676 677 548548
677 678 548081
678 679 547287
679 680 546647
680 681 545979
681 682 545181
682 683 544451
683 684 543952
684 685 543279
685 686 542396
686 687 541504
687 688 541312
688 689 540211
689 690 539539
690 691 539267
691 692 538396
692 693 537573
693 694 537192
694 695 536864
695 696 535965
696 697 535170
697 698 534289
698 699 533583
699 700 533124
700 701 532836
701 702 532072
702 703 531054
703 704 530463
704 705 530080
705 706 529277
706 707 528675
707 708 528126
708 709 527037
709 710 526275
710 711 526078
711 712 525265
712 713 524379
713 714 523886
714 715 523161
715 716 522409
716 717 522041
717 718 521435
718 719 520550
719 720 520144
720 721 519476
721 722 518304
722 723 517610
723 724 517165
724 725 516527
725 726 516069
726 727 515257
727 728 514581
728 729 513685
729 730 513537
730 731 512551
731 732 512158
732 733 511468
733 734 510351
734 735 510092
735 736 509091
736 737 508729
737 738 507794
738 739 507070
739 740 506264
740 741 506088
741 742 504951
742 743 504394
743 744 503749
744 745 503539
745 746 502612
746 747 501763
747 748 501017
748 749 500316
749 750 500088
750 751 499570
751 752 498423
752 753 497746
753 754 497490
754 755 496683
755 756 495817
756 757 495148
757 758 494870
758 759 493673
759 760 492943
760 761 492201
761 762 492055
762 763 491435
763 764 490513
764 765 489732
765 766 488883
766 767 488643
767 768 488030
768 769 487299
769 770 486636
770 771 485615
771 772 485167
772 773 484289
773 774 483693
774 775 483213
775 776 482841
776 777 481936
777 778 481362
778 779 480774
779 780 480043
780 781 479071
781 782 478661
782 783 478125
783 784 477487
784 785 476322
785 786 475897
786 787 475374
787 788 474796
788 789 474142
789 790 473048
790 791 472434
791 792 471777
792 793 471043
793 794 470506
794 795 469688
795 796 469019
796 797 468534
797 798 467823
798 799 467371
799 800 466590
800 801 465647
801 802 465124
802 803 464913
803 804 463974
804 805 463500
805 806 462696
806 807 462158
807 808 461469
808 809 460718
809 810 460280
810 811 459349
811 812 458620
812 813 457719
813 814 457034
814 815 456266
815 816 455828
816 817 455450
817 818 454350
818 819 454142
819 820 453235
820 821 452916
821 822 451912
822 823 451415
823 824 450556
824 825 450117
825 826 449145
826 827 448479
827 828 448156
828 829 447517
829 830 446541
830 831 445938
831 832 445562
832 833 444453
833 834 444052
834 835 443637
835 836 442694
836 837 441643
837 838 441173
838 839 440496
839 840 440193
840 841 439354
841 842 438341
842 843 437683
843 844 437159
844 845 436657
845 846 435816
846 847 435284
847 848 434351
848 849 434163
849 850 433283
850 851 432500
851 852 431869
852 853 431003
853 854 430597
854 855 429703
855 856 428988
856 857 428624
857 858 428290
858 859 427410
859 860 426881
860 861 425833
861 862 425268
862 863 424936
863 864 424014
864 865 423052
865 866 422637
866 867 421955
867 868 421329
868 869 420342
869 870 420106
870 871 419271
871 872 418497
872 873 417753
873 874 417422
874 875 416941
875 876 415707
876 877 415635
877 878 414459
878 879 414223
879 880 413441
880 881 412765
881 882 411736
882 883 411487
883 884 410346
884 885 410260
885 886 409273
886 887 408926
887 888 407701
888 889 407170
889 890 406331
890 891 406047
891 892 405348
892 893 404367
893 894 404173
894 895 403600
895 896 402427
896 897 401708
897 898 401323
898 899 400615
899 900 400167
900 901 399133
901 902 398568
902 903 397818
903 904 397167
904 905 396953
905 906 395697
906 907 395271
907 908 394385
908 909 393910
909 910 393179
910 911 392647
911 912 392120
912 913 391612
913 914 390654
914 915 389817
915 916 389278
916 917 388622
917 918 387706
918 919 387316
919 920 386848
920 921 386271
921 922 385031
922 923 384648
923 924 384067
924 925 383625
925 926 382325
926 927 381904
927 928 381371
928 929 380461
929 930 379958
930 931 379230
931 932 378754
932 933 377821
933 934 377279
934 935 376424
935 936 375997
936 937 375233
937 938 375048
938 939 373722
939 940 373412
940 941 372870
941 942 371877
942 943 371679
943 944 370858
944 945 369977
945 946 369181
946 947 368914
947 948 367986
948 949 367522
949 950 366547
950 951 366177
951 952 365440
952 953 364728
953 954 363757
954 955 363142
955 956 362982
956 957 362042
957 958 361728
958 959 360862
959 960 360284
960 961 359463
961 962 358493
962 963 358192
963 964 357262
964 965 356418
965 966 356091
966 967 355592
967 968 354961
968 969 354338
969 970 353209
970 971 352520
971 972 352167
972 973 351473
973 974 350933
974 975 350010
975 976 349280
976 977 348846
977 978 348132
978 979 347081
979 980 347027
980 981 345969
981 982 345453
982 983 344764
983 984 344060
984 985 343071
985 986 342933
986 987 342250
987 988 341387
988 989 340877
989 990 339727
990 991 339478
991 992 338732
992 993 337970
993 994 337206
994 995 336531
995 996 335733
996 997 335547
997 998 334581
998 999 334059
999 1000 333491
1000 1001 332648
1001 1002 331850
1002 1003 331232
1003 1004 330799
1004 1005 330074
1005 1006 329310
1006 1007 328747
1007 1008 328131
1008 1009 327582
1009 1010 326561
1010 1011 326112
1011 1012 325221
1012 1013 324611
1013 1014 323925
1014 1015 323093
1015 1016 323018
1016 1017 322097
1017 1018 321225
1018 1019 320782
1019 1020 320159
1020 1021 319247
1021 1022 318426
1022 1023 318326
1023 1024 317421
1024 1025 317060
1025 1026 316337
1026 1027 315338
1027 1028 314805
1028 1029 314256
1029 1030 313209
1030 1031 312716
1031 1032 312447
1032 1033 311479
1033 1034 310498
1034 1035 309940
1035 1036 309509
1036 1037 308953
1037 1038 307965
1038 1039 307411
1039 1040 306761
1040 1041 306156
1041 1042 305291
1042 1043 304831
1043 1044 303988
1044 1045 303670
1045 1046 302982
1046 1047 301867
1047 1048 301486
1048 1049 300755
1049 1050 299844
1050 1051 299522
1051 1052 299062
1052 1053 298230
1053 1054 297578
1054 1055 296825
1055 1056 295901
1056 1057 295138
1057 1058 294885
1058 1059 293839
1059 1060 293183
1060 1061 292592
1061 1062 291820
1062 1063 291332
1063 1064 290585
1064 1065 290331
1065 1066 289300
1066 1067 288572
1067 1068 287920
1068 1069 287511
1069 1070 286514
1070 1071 285856
1071 1072 285716
1072 1073 284776
1073 1074 284084
1074 1075 283692
1075 1076 282454
1076 1077 282335
1077 1078 281706
1078 1079 280809
1079 1080 280334
1080 1081 279655
1081 1082 278682
1082 1083 278188
1083 1084 277284
1084 1085 276963
1085 1086 275855
1086 1087 275310
1087 1088 275015
1088 1089 273902
1089 1090 273718
1090 1091 272941
1091 1092 272158
1092 1093 271450
1093 1094 270650
1094 1095 269967
1095 1096 269413
1096 1097 268611
1097 1098 268234
1098 1099 267230
1099 1100 266657
1100 1101 265881
1101 1102 265164
1102 1103 264867
1103 1104 263883
1104 1105 263746
1105 1106 262675
1106 1107 262181
1107 1108 261325
1108 1109 260912
1109 1110 260240
1110 1111 259450
1111 1112 259115
1112 1113 258441
1113 1114 257648
1114 1115 256905
1115 1116 255880
1116 1117 255752
1117 1118 255089
1118 1119 254405
1119 1120 253601
1120 1121 252819
1121 1122 251887
1122 1123 251595
1123 1124 250834
1124 1125 250239
1125 1126 249458
1126 1127 249016
1127 1128 248511
1128 1129 247794
1129 1130 247151
1130 1131 246394
1131 1132 245319
1132 1133 244809
1133 1134 244321
1134 1135 243220
1135 1136 242775
1136 1137 241945
1137 1138 241532
1138 1139 240992
1139 1140 240275
1140 1141 239211
1141 1142 239150
1142 1143 238021
1143 1144 237616
1144 1145 237173
1145 1146 235998
1146 1147 235167
1147 1148 234637
1148 1149 234190
1149 1150 233333
1150 1151 233000
1151 1152 232380
1152 1153 231579
1153 1154 230896
1154 1155 230033
1155 1156 229521
1156 1157 228566
1157 1158 228350
1158 1159 227384
1159 1160 226793
1160 1161 226366
1161 1162 225785
1162 1163 224768
1163 1164 223855
1164 1165 223619
1165 1166 222685
1166 1167 221890
1167 1168 221755
1168 1169 220901
1169 1170 220334
1170 1171 219414
1171 1172 219118
1172 1173 218224
1173 1174 217341
1174 1175 216597
1175 1176 216085
1176 1177 215779
1177 1178 215166
1178 1179 214236
1179 1180 213799
1180 1181 212766
1181 1182 212105
1182 1183 211680
1183 1184 210717
1184 1185 209956
1185 1186 209455
1186 1187 208854
1187 1188 207946
1188 1189 207701
1189 1190 207094
1190 1191 205917
1191 1192 205264
1192 1193 205098
1193 1194 204259
1194 1195 203248
1195 1196 202674
1196 1197 202259
1197 1198 201219
1198 1199 201069
1199 1200 200478
1200 1201 199375
1201 1202 198998
1202 1203 197849
1203 1204 197156
1204 1205 196819
1205 1206 196395
1206 1207 195804
1207 1208 195065
1208 1209 194116
1209 1210 193699
1210 1211 192680
1211 1212 191964
1212 1213 191749
1213 1214 190950
1214 1215 190028
1215 1216 189694
1216 1217 188787
1217 1218 188343
1218 1219 187249
1219 1220 186693
1220 1221 186151
1221 1222 185280
1222 1223 184606
1223 1224 184413
1224 1225 183453
1225 1226 182553
1226 1227 182270
1227 1228 181489
1228 1229 180905
1229 1230 179935
1230 1231 179653
1231 1232 179117
1232 1233 177928
1233 1234 177834
1234 1235 177068
1235 1236 175921
1236 1237 175572
1237 1238 174766
1238 1239 174289
1239 1240 173382
1240 1241 172848
1241 1242 172481
1242 1243 171378
1243 1244 170638
1244 1245 170438
1245 1246 169591
1246 1247 168890
1247 1248 168401
1248 1249 167673
1249 1250 166717
1250 1251 166148
1251 1252 165844
1252 1253 164852
1253 1254 164343
1254 1255 163268
1255 1256 162933
1256 1257 162101
1257 1258 161363
1258 1259 160673
1259 1260 160025
1260 1261 159542
1261 1262 158842
1262 1263 158477
1263 1264 157501
1264 1265 156947
1265 1266 156581
1266 1267 155719
1267 1268 154971
1268 1269 154105
1269 1270 153421
1270 1271 152923
1271 1272 152306
1272 1273 151429
1273 1274 150836
1274 1275 150275
1275 1276 149381
1276 1277 149012
1277 1278 148095
1278 1279 147601
1279 1280 147242
1280 1281 145940
1281 1282 145737
1282 1283 144889
1283 1284 144339
1284 1285 143389
1285 1286 143155
1286 1287 142439
1287 1288 141757
1288 1289 141015
1289 1290 140504
1290 1291 139547
1291 1292 138947
1292 1293 138409
1293 1294 137875
1294 1295 136662
1295 1296 135987
1296 1297 135846
1297 1298 134791
1298 1299 134478
1299 1300 133723
1300 1301 133243
1301 1302 132557
1302 1303 131630
1303 1304 131113
1304 1305 130321
1305 1306 129365
1306 1307 128769
1307 1308 128589
1308 1309 127772
1309 1310 126721
1310 1311 126391
1311 1312 125848
1312 1313 125075
1313 1314 124263
1314 1315 123763
1315 1316 122895
1316 1317 121993
1317 1318 121871
1318 1319 120584
1319 1320 120022
1320 1321 119530
1321 1322 118972
1322 1323 118542
1323 1324 117408
1324 1325 116706
1325 1326 116128
1326 1327 115338
1327 1328 115018
1328 1329 114532
1329 1330 113558
1330 1331 113141
1331 1332 112244
1332 1333 111736
1333 1334 111218
1334 1335 110392
1335 1336 109771
1336 1337 108823
1337 1338 108104
1338 1339 107653
1339 1340 107202
1340 1341 106102
1341 1342 105313
1342 1343 104880
1343 1344 104106
1344 1345 103439
1345 1346 102834
1346 1347 102439
1347 1348 101310
1348 1349 100673
1349 1350 100352
1350 1351 99324
1351 1352 99253
1352 1353 98528
1353 1354 97592
1354 1355 96667
1355 1356 96397
1356 1357 95824
1357 1358 94908
1358 1359 94044
1359 1360 93481
1360 1361 92899
1361 1362 92005
1362 1363 91884
1363 1364 90705
1364 1365 90625
1365 1366 89916
1366 1367 89217
1367 1368 88301
1368 1369 87454
1369 1370 86996
1370 1371 86381
1371 1372 85533
1372 1373 84900
1373 1374 84378
1374 1375 83417
1375 1376 82889
1376 1377 82304
1377 1378 81389
1378 1379 80857
1379 1380 80146
1380 1381 79549
1381 1382 79251
1382 1383 78378
1383 1384 77583
1384 1385 76702
1385 1386 76371
1386 1387 75494
1387 1388 75229
1388 1389 74360
1389 1390 73875
1390 1391 73085
1391 1392 72183
1392 1393 71767
1393 1394 71245
1394 1395 70473
1395 1396 69817
1396 1397 69044
1397 1398 68192
1398 1399 67686
1399 1400 67289
1400 1401 66088
1401 1402 65614
1402 1403 65284
1403 1404 64079
1404 1405 63725
1405 1406 63059
1406 1407 62164
1407 1408 61995
1408 1409 61292
1409 1410 60319
1410 1411 59729
1411 1412 58938
1412 1413 58669
1413 1414 57468
1414 1415 57151
1415 1416 56305
1416 1417 55512
1417 1418 54711
1418 1419 54427
1419 1420 53660
1420 1421 53036
1421 1422 52199
1422 1423 51299
1423 1424 50881
1424 1425 50086
1425 1426 49928
1426 1427 49053
1427 1428 48399
1428 1429 47782
1429 1430 46861
1430 1431 46332
1431 1432 45501
1432 1433 45198
1433 1434 44463
1434 1435 43606
1435 1436 43011
1436 1437 42229
1437 1438 41708
1438 1439 40741
1439 1440 40433
1440 1441 39495
1441 1442 38704
1442 1443 38130
1443 1444 37663
1444 1445 36730
1445 1446 36164
1446 1447 35590
1447 1448 35075
1448 1449 34171
1449 1450 33739
1450 1451 33121
1451 1452 32284
1452 1453 31747
1453 1454 30675
1454 1455 30050
1455 1456 29386
1456 1457 29027
1457 1458 28099
1458 1459 27830
1459 1460 27035
1460 1461 26133
1461 1462 26003
1462 1463 24773
1463 1464 24651
1464 1465 23577
1465 1466 23175
1466 1467 22258
1467 1468 21507
1468 1469 20765
1469 1470 20329
1470 1471 20048
1471 1472 18968
1472 1473 18676
1473 1474 17703
1474 1475 17131
1475 1476 16114
1476 1477 15992
1477 1478 14848
1478 1479 14328
1479 1480 13584
1480 1481 13121
1481 1482 12159
1482 1483 11451
1483 1484 11093
1484 1485 10186
1485 1486 9549
1486 1487 9176
1487 1488 8183
1488 1489 7666
1489 1490 7304
1490 1491 6113
1491 1492 5911
1492 1493 5374
1493 1494 4159
1494 1495 3567
1495 1496 2861
1496 1497 2757
1497 1498 1866
1498 1499 1138
1499 1500 629
1500 1501 1170
1501 1502 1815
1502 1503 2710
1503 1504 2825
1504 1505 3599
1505 1506 4135
1506 1507 5304
1507 1508 5964
1508 1509 6145
1509 1510 7325
1510 1511 7727
1511 1512 8194
1512 1513 9188
1513 1514 9467
1514 1515 10153
1515 1516 11132
1516 1517 11403
1517 1518 12114
1518 1519 13137
1519 1520 13609
1520 1521 14356
1521 1522 14821
1522 1523 16029
1523 1524 16118
1524 1525 17143
1525 1526 17738
1526 1527 18612
1527 1528 18952
1528 1529 20000
1529 1530 20344
1530 1531 20800
1531 1532 21514
1532 1533 22218
1533 1534 23142
1534 1535 23637
1535 1536 24658
1536 1537 24690
1537 1538 26023
1538 1539 26180
1539 1540 27093
1540 1541 27857
1541 1542 28054
1542 1543 29066
1543 1544 29448
1544 1545 30036
1545 1546 30681
1546 1547 31761
1547 1548 32257
1548 1549 33075
1549 1550 33691
1550 1551 34185
1551 1552 35042
1552 1553 35579
1553 1554 36126
1554 1555 36749
1555 1556 37571
1556 1557 38106
1557 1558 38707
1558 1559 39480
1559 1560 40508
1560 1561 40720
1561 1562 41717
1562 1563 42160
1563 1564 42992
1564 1565 43581
1565 1566 44493
1566 1567 45191
1567 1568 45415
1568 1569 46349
1569 1570 46844
1570 1571 47759
1571 1572 48409
1572 1573 49034
1573 1574 50021
1574 1575 50081
1575 1576 50914
1576 1577 51356
1577 1578 52210
1578 1579 53037
1579 1580 53633
1580 1581 54441
1581 1582 54643
1582 1583 55474
1583 1584 56315
1584 1585 57149
1585 1586 57548
1586 1587 58606
1587 1588 58899
1588 1589 59739
1589 1590 60306
1590 1591 61216
1591 1592 62020
1592 1593 62127
1593 1594 63007
1594 1595 63751
1595 1596 64107
1596 1597 65260
1597 1598 65583
1598 1599 66032
1599 1600 67266
1600 1601 67696
1601 1602 68232
1602 1603 69128
1603 1604 69852
1604 1605 70481
1605 1606 71267
1606 1607 71829
1607 1608 72215
1608 1609 73105
1609 1610 73827
1610 1611 74339
1611 1612 75272
1612 1613 75489
1613 1614 76357
1614 1615 76714
1615 1616 77612
1616 1617 78343
1617 1618 79249
1618 1619 79549
1619 1620 80167
1620 1621 80831
1621 1622 81403
1622 1623 82289
1623 1624 82858
1624 1625 83376
1625 1626 84388
1626 1627 84894
1627 1628 85523
1628 1629 86384
1629 1630 86959
1630 1631 87395
1631 1632 88329
1632 1633 89183
1633 1634 89883
1634 1635 90652
1635 1636 90680
1636 1637 91921
1637 1638 92021
1638 1639 92893
1639 1640 93493
1640 1641 94043
1641 1642 94888
1642 1643 95802
1643 1644 96458
1644 1645 96673
1645 1646 97614
1646 1647 98568
1647 1648 99158
1648 1649 99401
1649 1650 100375
1650 1651 100646
1651 1652 101380
1652 1653 102403
1653 1654 102745
1654 1655 103432
1655 1656 104138
1656 1657 104927
1657 1658 105298
1658 1659 106143
1659 1660 107259
1660 1661 107573
1661 1662 108110
1662 1663 108823
1663 1664 109706
1664 1665 110419
1665 1666 111233
1666 1667 111739
1667 1668 112260
1668 1669 113189
1669 1670 113592
1670 1671 114537
1671 1672 115061
1672 1673 115272
1673 1674 116197
1674 1675 116778
1675 1676 117432
1676 1677 118535
1677 1678 118943
1678 1679 119443
1679 1680 119986
1680 1681 120663
1681 1682 121936
1682 1683 121997
1683 1684 122901
1684 1685 123783
1685 1686 124257
1686 1687 125077
1687 1688 125779
1688 1689 126381
1689 1690 126809
1690 1691 127758
1691 1692 128520
1692 1693 128691
1693 1694 129365
1694 1695 130354
1695 1696 131143
1696 1697 131632
1697 1698 132568
1698 1699 133212
1699 1700 133688
1700 1701 134432
1701 1702 134795
1702 1703 135827
1703 1704 135945
1704 1705 136679
1705 1706 137837
1706 1707 138396
1707 1708 138937
1708 1709 139499
1709 1710 140499
1710 1711 140992
1711 1712 141727
1712 1713 142438
1713 1714 143218
1714 1715 143319
1715 1716 144326
1716 1717 144872
1717 1718 145758
1718 1719 146014
1719 1720 147236
1720 1721 147675
1721 1722 148173
1722 1723 149068
1723 1724 149339
1724 1725 150293
1725 1726 150872
1726 1727 151401
1727 1728 152335
1728 1729 152918
1729 1730 153416
1730 1731 154142
1731 1732 154993
1732 1733 155687
1733 1734 156542
1734 1735 156883
1735 1736 157525
1736 1737 158524
1737 1738 158837
1738 1739 159535
1739 1740 160035
1740 1741 160674
1741 1742 161415
1742 1743 162188
1743 1744 162947
1744 1745 163258
1745 1746 164323
1746 1747 164845
1747 1748 165840
1748 1749 166083
1749 1750 166711
1750 1751 167640
1751 1752 168438
1752 1753 168907
1753 1754 169637
1754 1755 170427
1755 1756 170671
1756 1757 171388
1757 1758 172483
1758 1759 172824
1759 1760 173386
1760 1761 174336
1761 1762 174712
1762 1763 175599
1763 1764 175995
1764 1765 177049
1765 1766 177829
1766 1767 177980
1767 1768 179113
1768 1769 179664
1769 1770 179874
1770 1771 180929
1771 1772 181505
1772 1773 182252
1773 1774 182562
1774 1775 183444
1775 1776 184434
1776 1777 184572
1777 1778 185311
1778 1779 186177
1779 1780 186638
1780 1781 187262
1781 1782 188401
1782 1783 188826
1783 1784 189730
1784 1785 190082
1785 1786 190910
1786 1787 191740
1787 1788 191995
1788 1789 192710
1789 1790 193668
1790 1791 194099
1791 1792 195108
1792 1793 195840
1793 1794 196377
1794 1795 196810
1795 1796 197219
1796 1797 197869
1797 1798 199002
1798 1799 199357
1799 1800 200501
1800 1801 201126
1801 1802 201207
1802 1803 202233
1803 1804 202660
1804 1805 203251
1805 1806 204293
1806 1807 205099
1807 1808 205312
1808 1809 205918
1809 1810 207114
1810 1811 207661
1811 1812 208030
1812 1813 208835
1813 1814 209532
1814 1815 210036
1815 1816 210776
1816 1817 211706
1817 1818 212011
1818 1819 212722
1819 1820 213804
1820 1821 214333
1821 1822 215125
1822 1823 215767
1823 1824 216140
1824 1825 216625
1825 1826 217358
1826 1827 218237
1827 1828 219181
1828 1829 219372
1829 1830 220357
1830 1831 220976
1831 1832 221753
1832 1833 221842
1833 1834 222677
1834 1835 223609
1835 1836 223832
1836 1837 224751
1837 1838 225827
1838 1839 226319
1839 1840 226768
1840 1841 227366
1841 1842 228376
1842 1843 228604
1843 1844 229566
1844 1845 230044
1845 1846 230840
1846 1847 231602
1847 1848 232427
1848 1849 233015
1849 1850 233339
1850 1851 234181
1851 1852 234610
1852 1853 235264
1853 1854 235996
1854 1855 237160
1855 1856 237665
1856 1857 238026
1857 1858 239079
1858 1859 239185
1859 1860 240255
1860 1861 241037
1861 1862 241496
1862 1863 241954
1863 1864 242744
1864 1865 243151
1865 1866 244283
1866 1867 244764
1867 1868 245311
1868 1869 246426
1869 1870 247087
1870 1871 247772
1871 1872 248441
1872 1873 248999
1873 1874 249453
1874 1875 250240
1875 1876 250844
1876 1877 251550
1877 1878 251880
1878 1879 252743
1879 1880 253623
1880 1881 254382
1881 1882 255161
1882 1883 255792
1883 1884 255831
1884 1885 256884
1885 1886 257701
1886 1887 258381
1887 1888 259048
1888 1889 259391
1889 1890 260277
1890 1891 260916
1891 1892 261309
1892 1893 262187
1893 1894 262677
1894 1895 263736
1895 1896 263856
1896 1897 264785
1897 1898 265198
1898 1899 265884
1899 1900 266727
1900 1901 267242
1901 1902 268150
1902 1903 268578
1903 1904 269435
1904 1905 269915
1905 1906 270699
1906 1907 271456
1907 1908 272200
1908 1909 273014
1909 1910 273738
1910 1911 273834
1911 1912 275075
1912 1913 275348
1913 1914 275822
1914 1915 276993
1915 1916 277222
1916 1917 278228
1917 1918 278738
1918 1919 279718
1919 1920 280366
1920 1921 280735
1921 1922 281710
1922 1923 282367
1923 1924 282451
1924 1925 283713
1925 1926 284076
1926 1927 284784
1927 1928 285728
1928 1929 285916
1929 1930 286541
1930 1931 287424
1931 1932 287929
1932 1933 288593
1933 1934 289300
1934 1935 290343
1935 1936 290633
1936 1937 291319
1937 1938 291818
1938 1939 292549
1939 1940 293218
1940 1941 293861
1941 1942 294885
1942 1943 295143
1943 1944 295893
1944 1945 296810
1945 1946 297564
1946 1947 298225
1947 1948 299047
1948 1949 299529
1949 1950 299859
1950 1951 300766
1951 1952 301504
1952 1953 301928
1953 1954 302970
1954 1955 303736
1955 1956 303969
1956 1957 304838
1957 1958 305256
1958 1959 306116
1959 1960 306776
1960 1961 307411
1961 1962 307957
1962 1963 308922
1963 1964 309528
1964 1965 309985
1965 1966 310479
1966 1967 311531
1967 1968 312378
1968 1969 312755
1969 1970 313230
1970 1971 314207
1971 1972 314721
1972 1973 315353
1973 1974 316309
1974 1975 317080
1975 1976 317500
1976 1977 318268
1977 1978 318519
1978 1979 319216
1979 1980 320202
1980 1981 320750
1981 1982 321266
1982 1983 322104
1983 1984 322987
1984 1985 323039
1985 1986 323925
1986 1987 324585
1987 1988 325203
1988 1989 326113
1989 1990 326623
1990 1991 327625
1991 1992 328112
1992 1993 328757
1993 1994 329362
1994 1995 330116
1995 1996 330741
1996 1997 331190
1997 1998 331832
1998 1999 332726
1999 2000 333526
2000 2001 334128
2001 2002 334575
2002 2003 335569
2003 2004 335761
2004 2005 336571
2005 2006 337185
2006 2007 337928
2007 2008 338770
2008 2009 339467
2009 2010 339718
2010 2011 340855
2011 2012 341313
2012 2013 342224
2013 2014 342969
2014 2015 343015
2015 2016 344089
2016 2017 344782
2017 2018 345505
2018 2019 345997
2019 2020 347065
2020 2021 347167
2021 2022 348185
2022 2023 348769
2023 2024 349280
2024 2025 350024
2025 2026 350866
2026 2027 351443
2027 2028 352204
2028 2029 352450
2029 2030 353192
2030 2031 354268
2031 2032 354967
2032 2033 355642
2033 2034 356163
2034 2035 356505
2035 2036 357291
2036 2037 358222
2037 2038 358432
2038 2039 359372
2039 2040 360238
2040 2041 360880
2041 2042 361718
2042 2043 362030
2043 2044 362982
2044 2045 363129
2045 2046 363732
2046 2047 364642
2047 2048 365392
2048 2049 366160
2049 2050 366554
2050 2051 367591
2051 2052 367905
2052 2053 368855
2053 2054 369096
2054 2055 369966
2055 2056 370858
2056 2057 371698
2057 2058 371875
2058 2059 372861
2059 2060 373411
2060 2061 373709
2061 2062 375000
2062 2063 375233
2063 2064 376049
2064 2065 376384
2065 2066 377236
2066 2067 377875
2067 2068 378679
2068 2069 379256
2069 2070 380013
2070 2071 380556
2071 2072 381308
2072 2073 381840
2073 2074 382346
2074 2075 383643
2075 2076 384042
2076 2077 384654
2077 2078 384985
2078 2079 386198
2079 2080 386787
2080 2081 387295
2081 2082 387721
2082 2083 388653
2083 2084 389250
2084 2085 389852
2085 2086 390714
2086 2087 391602
2087 2088 392155
2088 2089 392611
2089 2090 393133
2090 2091 393920
2091 2092 394371
2092 2093 395250
2093 2094 395649
2094 2095 397005
2095 2096 397158
2096 2097 397778
2097 2098 398515
2098 2099 399156
2099 2100 400145
2100 2101 400548
2101 2102 401270
2102 2103 401670
2103 2104 402418
2104 2105 403573
2105 2106 404172
2106 2107 404375
2107 2108 405365
2108 2109 406045
2109 2110 406351
2110 2111 407188
2111 2112 407648
2112 2113 408886
2113 2114 409224
2114 2115 410258
2115 2116 410402
2116 2117 411481
2117 2118 411662
2118 2119 412753
2119 2120 413502
2120 2121 414161
2121 2122 414454
2122 2123 415543
2123 2124 415715
2124 2125 416914
2125 2126 417410
2126 2127 417698
2127 2128 418524
2128 2129 419242
2129 2130 420043
2130 2131 420352
2131 2132 421323
2132 2133 422007
2133 2134 422579
2134 2135 423028
2135 2136 424040
2136 2137 424976
2137 2138 425326
2138 2139 425850
2139 2140 426913
2140 2141 427374
2141 2142 428205
2142 2143 428666
2143 2144 429001
2144 2145 429711
2145 2146 430615
2146 2147 431040
2147 2148 431838
2148 2149 432567
2149 2150 433338
2150 2151 434151
2151 2152 434332
2152 2153 435229
2153 2154 435796
2154 2155 436637
2155 2156 437198
2156 2157 437656
2157 2158 438343
2158 2159 439348
2159 2160 440135
2160 2161 440491
2161 2162 441200
2162 2163 441674
2163 2164 442753
2164 2165 443591
2165 2166 444002
2166 2167 444412
2167 2168 445560
2168 2169 445907
2169 2170 446518
2170 2171 447460
2171 2172 448219
2172 2173 448444
2173 2174 449142
2174 2175 450055
2175 2176 450636
2176 2177 451388
2177 2178 451938
2178 2179 452829
2179 2180 453152
2180 2181 454072
2181 2182 454335
2182 2183 455397
2183 2184 455824
2184 2185 456293
2185 2186 457095
2186 2187 457664
2187 2188 458622
2188 2189 459379
2189 2190 460246
2190 2191 460709
2191 2192 461422
2192 2193 462123
2193 2194 462608
2194 2195 463499
2195 2196 463958
2196 2197 464935
2197 2198 465129
2198 2199 465584
2199 2200 466574
2200 2201 467331
2201 2202 467847
2202 2203 468537
2203 2204 469012
2204 2205 469763
2205 2206 470518
2206 2207 470977
2207 2208 471757
2208 2209 472390
2209 2210 473086
2210 2211 474173
2211 2212 474802
2212 2213 475330
2213 2214 475864
2214 2215 476357
2215 2216 477458
2216 2217 478156
2217 2218 478715
2218 2219 479068
2219 2220 480003
2220 2221 480764
2221 2222 481361
2222 2223 481943
2223 2224 482865
2224 2225 483239
2225 2226 483688
2226 2227 484329
2227 2228 485200
2228 2229 485596
2229 2230 486654
2230 2231 487338
2231 2232 488066
2232 2233 488584
2233 2234 488941
2234 2235 489770
2235 2236 490449
2236 2237 491476
2237 2238 492018
2238 2239 492202
2239 2240 493022
2240 2241 493707
2241 2242 494820
2242 2243 495092
2243 2244 495836
2244 2245 496749
2245 2246 497459
2246 2247 497731
2247 2248 498461
2248 2249 499511
2249 2250 500114
2250 2251 500399
2251 2252 501032
2252 2253 501759
2253 2254 502652
2254 2255 503493
2255 2256 503820
2256 2257 504343
2257 2258 504907
2258 2259 506111
2259 2260 506221
2260 2261 507027
2261 2262 507775
2262 2263 508754
2263 2264 509086
2264 2265 510116
2265 2266 510304
2266 2267 511419
2267 2268 512084
2268 2269 512570
2269 2270 513507
2270 2271 513671
2271 2272 514615
2272 2273 515238
2273 2274 516091
2274 2275 516529
2275 2276 517164
2276 2277 517597
2277 2278 518290
2278 2279 519482
2279 2280 520093
2280 2281 520630
2281 2282 521458
2282 2283 522071
2283 2284 522343
2284 2285 523088
2285 2286 523955
2286 2287 524384
2287 2288 525280
2288 2289 526082
2289 2290 526285
2290 2291 526989
2291 2292 528164
2292 2293 528690
2293 2294 529258
2294 2295 530076
2295 2296 530513
2296 2297 531027
2297 2298 532100
2298 2299 532798
2299 2300 533129
2300 2301 533599
2301 2302 534301
2302 2303 535203
2303 2304 535882
2304 2305 536790
2305 2306 537265
2306 2307 537514
2307 2308 538392
2308 2309 539213
2309 2310 539480
2310 2311 540227
2311 2312 541341
2312 2313 541575
2313 2314 542332
2314 2315 543195
2315 2316 543976
2316 2317 544464
2317 2318 545214
2318 2319 545950
2319 2320 546704
2320 2321 547298
2321 2322 548081
2322 2323 548599
2323 2324 549370
2324 2325 549869
2325 2326 550763
2326 2327 551114
2327 2328 552123
2328 2329 552554
2329 2330 553045
2330 2331 554117
2331 2332 554592
2332 2333 555297
2333 2334 555589
2334 2335 556284
2335 2336 556998
2336 2337 557917
2337 2338 558786
2338 2339 559253
2339 2340 559896
2340 2341 560546
2341 2342 561249
2342 2343 561826
2343 2344 562645
2344 2345 563111
2345 2346 563569
2346 2347 564179
2347 2348 565376
2348 2349 565728
2349 2350 566723
2350 2351 567251
2351 2352 567689
2352 2353 568295
2353 2354 569341
2354 2355 569660
2355 2356 570784
2356 2357 570836
2357 2358 571706
2358 2359 572268
2359 2360 573162
2360 2361 573771
2361 2362 574485
2362 2363 575225
2363 2364 575669
2364 2365 576526
2365 2366 576864
2366 2367 577944
2367 2368 578705
2368 2369 579092
2369 2370 579691
2370 2371 580491
2371 2372 581377
2372 2373 582032
2373 2374 582350
2374 2375 583178
2375 2376 584049
2376 2377 584199
2377 2378 585058
2378 2379 585619
2379 2380 586454
2380 2381 587278
2381 2382 587792
2382 2383 588632
2383 2384 589168
2384 2385 590083
2385 2386 590117
2386 2387 591100
2387 2388 591642
2388 2389 592380
2389 2390 593207
2390 2391 593500
2391 2392 594146
2392 2393 595069
2393 2394 595690
2394 2395 596428
2395 2396 597149
2396 2397 597906
2397 2398 598375
2398 2399 599255
2399 2400 599764
2400 2401 600550
2401 2402 601195
2402 2403 601985
2403 2404 602708
2404 2405 603317
2405 2406 604092
2406 2407 604582
2407 2408 605225
2408 2409 605676
2409 2410 606705
2410 2411 607084
2411 2412 607724
2412 2413 608460
2413 2414 609167
2414 2415 610005
2415 2416 610552
2416 2417 611121
2417 2418 611872
2418 2419 612577
2419 2420 613184
2420 2421 613854
2421 2422 614614
2422 2423 614848
2423 2424 615429
2424 2425 616430
2425 2426 617215
2426 2427 617987
2427 2428 618156
2428 2429 618761
2429 2430 620046
2430 2431 620547
2431 2432 620827
2432 2433 621456
2433 2434 622593
2434 2435 623079
2435 2436 623611
2436 2437 624088
2437 2438 625036
2438 2439 625770
2439 2440 626181
2440 2441 627153
2441 2442 627580
2442 2443 628440
2443 2444 629363
2444 2445 630027
2445 2446 630146
2446 2447 631173
2447 2448 631505
2448 2449 632409
2449 2450 633280
2450 2451 633579
2451 2452 634163
2452 2453 634821
2453 2454 635536
2454 2455 636570
2455 2456 637354
2456 2457 638003
2457 2458 638241
2458 2459 638950
2459 2460 639734
2460 2461 640695
2461 2462 640961
2462 2463 641800
2463 2464 642080
2464 2465 643145
2465 2466 643677
2466 2467 644184
2467 2468 645099
2468 2469 645502
2469 2470 646659
2470 2471 647118
2471 2472 647843
2472 2473 648664
2473 2474 648979
2474 2475 649400
2475 2476 650274
2476 2477 650891
2477 2478 651943
2478 2479 652129
2479 2480 653356
2480 2481 653637
2481 2482 654328
2482 2483 655421
2483 2484 655868
2484 2485 656518
2485 2486 657196
2486 2487 657440
2487 2488 658255
2488 2489 659118
2489 2490 660002
2490 2491 660109
2491 2492 661254
2492 2493 661509
2493 2494 662368
2494 2495 663329
2495 2496 663975
2496 2497 664625
2497 2498 664709
2498 2499 665464
2499 2500 666179
2500 2501 667036
2501 2502 667666
2502 2503 668259
2503 2504 669281
2504 2505 669930
2505 2506 670462
2506 2507 671136
2507 2508 671577
2508 2509 672556
2509 2510 673028
2510 2511 673902
2511 2512 674545
2512 2513 674777
2513 2514 675715
2514 2515 676288
2515 2516 676974
2516 2517 677601
2517 2518 678337
2518 2519 678986
2519 2520 679699
2520 2521 680257
2521 2522 681073
2522 2523 682010
2523 2524 682443
2524 2525 682978
2525 2526 683736
2526 2527 684563
2527 2528 684749
2528 2529 685765
2529 2530 686429
2530 2531 687147
2531 2532 687406
2532 2533 688207
2533 2534 689070
2534 2535 689914
2535 2536 690084
2536 2537 691267
2537 2538 691416
2538 2539 692249
2539 2540 693181
2540 2541 693361
2541 2542 694273
2542 2543 695254
2543 2544 695539
2544 2545 696524
2545 2546 696925
2546 2547 697348
2547 2548 698087
2548 2549 699374
2549 2550 699724
2550 2551 700216
2551 2552 700839
2552 2553 701388
2553 2554 702558
2554 2555 703016
2555 2556 703536
2556 2557 704426
2557 2558 705050
2558 2559 705775
2559 2560 706614
2560 2561 707085
2561 2562 708010
2562 2563 708345
2563 2564 708941
2564 2565 709428
2565 2566 710347
2566 2567 711151
2567 2568 711779
2568 2569 712315
2569 2570 712708
2570 2571 713543
2571 2572 714453
2572 2573 715087
2573 2574 715942
2574 2575 716247
2575 2576 716961
2576 2577 717486
2577 2578 718392
2578 2579 718804
2579 2580 719579
2580 2581 720079
2581 2582 721087
2582 2583 721374
2583 2584 722287
2584 2585 723264
2585 2586 723581
2586 2587 724601
2587 2588 725240
2588 2589 725617
2589 2590 726519
2590 2591 726703
2591 2592 727404
2592 2593 728064
2593 2594 729284
2594 2595 729994
2595 2596 730599
2596 2597 730704
2597 2598 731379
2598 2599 732212
2599 2600 733114
2600 2601 733961
2601 2602 734491
2602 2603 735049
2603 2604 735732
2604 2605 736325
2605 2606 737277
2606 2607 737691
2607 2608 738420
2608 2609 739286
2609 2610 739935
2610 2611 740506
2611 2612 740785
2612 2613 741414
2613 2614 742178
2614 2615 743184
2615 2616 743385
2616 2617 744085
2617 2618 745219
2618 2619 745694
2619 2620 746171
2620 2621 747184
2621 2622 747777
2622 2623 748583
2623 2624 748720
2624 2625 749572
2625 2626 750069
2626 2627 750699
2627 2628 751481
2628 2629 752430
2629 2630 753219
2630 2631 753717
2631 2632 754102
2632 2633 755085
2633 2634 755558
2634 2635 756108
2635 2636 756707
2636 2637 757835
2637 2638 758330
2638 2639 759081
2639 2640 759847
2640 2641 760060
2641 2642 761275
2642 2643 761458
2643 2644 762288
2644 2645 762631
2645 2646 763347
2646 2647 764170
2647 2648 765262
2648 2649 765312
2649 2650 766322
2650 2651 767052
2651 2652 767355
2652 2653 768543
2653 2654 769096
2654 2655 769461
2655 2656 769952
2656 2657 770984
2657 2658 771765
2658 2659 772268
2659 2660 772834
2660 2661 773829
2661 2662 774585
2662 2663 774600
2663 2664 775686
2664 2665 776086
2665 2666 776734
2666 2667 777577
2667 2668 778255
2668 2669 778700
2669 2670 779325
2670 2671 780052
2671 2672 781015
2672 2673 781592
2673 2674 782046
2674 2675 783105
2675 2676 783282
2676 2677 784142
2677 2678 784868
2678 2679 785330
2679 2680 786186
2680 2681 787230
2681 2682 787514
2682 2683 788441
2683 2684 789196
2684 2685 789673
2685 2686 790291
2686 2687 790698
2687 2688 791466
2688 2689 792233
2689 2690 793056
2690 2691 793644
2691 2692 794194
2692 2693 794890
2693 2694 795882
2694 2695 796447
2695 2696 796772
2696 2697 797571
2697 2698 798438
2698 2699 799003
2699 2700 799638
2700 2701 800318
2701 2702 801172
2702 2703 801376
2703 2704 802260
2704 2705 802943
2705 2706 803310
2706 2707 804093
2707 2708 804637
2708 2709 805531
2709 2710 806097
2710 2711 806708
2711 2712 807252
2712 2713 807947
2713 2714 809019
2714 2715 809366
2715 2716 810224
2716 2717 810689
2717 2718 811510
2718 2719 812468
2719 2720 812735
2720 2721 813287
2721 2722 813984
2722 2723 815083
2723 2724 815841
2724 2725 816508
2725 2726 816711
2726 2727 817258
2727 2728 818048
2728 2729 819168
2729 2730 819591
2730 2731 819868
2731 2732 821055
2732 2733 821759
2733 2734 821889
2734 2735 822588
2735 2736 823365
2736 2737 824567
2737 2738 825107
2738 2739 825206
2739 2740 826157
2740 2741 827152
2741 2742 827544
2742 2743 828404
2743 2744 828681
2744 2745 829424
2745 2746 830383
2746 2747 830845
2747 2748 831504
2748 2749 832522
2749 2750 832864
2750 2751 833455
2751 2752 834048
2752 2753 834749
2753 2754 835581
2754 2755 836086
2755 2756 837202
2756 2757 837834
2757 2758 838290
2758 2759 839007
2759 2760 839260
2760 2761 839980
2761 2762 841124
2762 2763 841628
2763 2764 842068
2764 2765 843148
2765 2766 843318
2766 2767 844500
2767 2768 845022
2768 2769 845726
2769 2770 846232
2770 2771 846704
2771 2772 847528
2772 2773 848257
2773 2774 848501
2774 2775 849344
2775 2776 850326
2776 2777 851124
2777 2778 851426
2778 2779 852032
2779 2780 852742
2780 2781 853747
2781 2782 853935
2782 2783 854697
2783 2784 855643
2784 2785 855932
2785 2786 857003
2786 2787 857688
2787 2788 858356
2788 2789 858643
2789 2790 859659
2790 2791 860336
2791 2792 860887
2792 2793 861243
2793 2794 862132
2794 2795 863044
2795 2796 863781
2796 2797 863994
2797 2798 864905
2798 2799 865244
2799 2800 866314
2800 2801 866677
2801 2802 867676
2802 2803 867860
2803 2804 868493
2804 2805 869684
2805 2806 870025
2806 2807 870536
2807 2808 871560
2808 2809 872377
2809 2810 872905
2810 2811 873550
2811 2812 874459
2812 2813 875019
2813 2814 875509
2814 2815 876032
2815 2816 876628
2816 2817 877177
2817 2818 878290
2818 2819 878833
2819 2820 879812
2820 2821 880320
2821 2822 880809
2822 2823 881425
2823 2824 881916
2824 2825 883079
2825 2826 883494
2826 2827 884327
2827 2828 884914
2828 2829 885627
2829 2830 886350
2830 2831 887149
2831 2832 887200
2832 2833 888404
2833 2834 888760
2834 2835 889782
2835 2836 890338
2836 2837 891055
2837 2838 891399
2838 2839 891922
2839 2840 892888
2840 2841 893640
2841 2842 893881
2842 2843 895119
2843 2844 895516
2844 2845 895880
2845 2846 897057
2846 2847 897776
2847 2848 898274
2848 2849 898862
2849 2850 899621
2850 2851 900421
2851 2852 900545
2852 2853 901690
2853 2854 902234
2854 2855 902740
2855 2856 903257
2856 2857 903793
2857 2858 904561
2858 2859 905246
2859 2860 905919
2860 2861 906511
2861 2862 907663
2862 2863 907993
2863 2864 909051
2864 2865 909434
2865 2866 910075
2866 2867 910479
2867 2868 911226
2868 2869 912000
2869 2870 912700
2870 2871 913537
2871 2872 914359
2872 2873 914801
2873 2874 915282
2874 2875 915808
2875 2876 917135
2876 2877 917338
2877 2878 917832
2878 2879 919087
2879 2880 919702
2880 2881 920066
2881 2882 920562
2882 2883 921751
2883 2884 922304
2884 2885 922530
2885 2886 923207
2886 2887 924149
2887 2888 924779
2888 2889 925313
2889 2890 926438
2890 2891 926689
2891 2892 927276
2892 2893 927869
2893 2894 928492
2894 2895 929691
2895 2896 929964
2896 2897 930978
2897 2898 931186
2898 2899 932260
2899 2900 932552
2900 2901 933186
2901 2902 933864
2902 2903 934671
2903 2904 935309
2904 2905 936173
2905 2906 936524
2906 2907 937706
2907 2908 938084
2908 2909 938675
2909 2910 939199
2910 2911 939915
2911 2912 940484
2912 2913 941615
2913 2914 941910
2914 2915 942960
2915 2916 943323
2916 2917 944252
2917 2918 944721
2918 2919 945786
2919 2920 945877
2920 2921 946492
2921 2922 947690
2922 2923 948245
2923 2924 948704
2924 2925 949518
2925 2926 949995
2926 2927 950554
2927 2928 951406
2928 2929 952392
2929 2930 952953
2930 2931 953201
2931 2932 954036
2932 2933 954452
2933 2934 955552
2934 2935 955892
2935 2936 956958
2936 2937 957516
2937 2938 958020
2938 2939 958857
2939 2940 959366
2940 2941 960257
2941 2942 960836
2942 2943 961154
2943 2944 962141
2944 2945 962489
2945 2946 963234
2946 2947 964315
2947 2948 964688
2948 2949 965416
2949 2950 966431
2950 2951 966964
2951 2952 967238
2952 2953 967741
2953 2954 968973
2954 2955 969149
2955 2956 970097
2956 2957 970404
2957 2958 971708
2958 2959 971998
2959 2960 973019
2960 2961 973469
2961 2962 974378
2962 2963 974481
2963 2964 975118
2964 2965 975945
2965 2966 976737
2966 2967 977345
2967 2968 978055
2968 2969 978999
2969 2970 979481
2970 2971 979794
2971 2972 980820
2972 2973 981286
2973 2974 982271
2974 2975 982601
2975 2976 983601
2976 2977 984221
2977 2978 984725
2978 2979 985309
2979 2980 986267
2980 2981 987016
2981 2982 987572
2982 2983 988042
2983 2984 988984
2984 2985 989424
2985 2986 990351
2986 2987 990540
2987 2988 991274
2988 2989 992045
2989 2990 992573
2990 2991 993317
2991 2992 994388
2992 2993 994351
2993 2994 995299
2994 2995 996322
2995 2996 996938
2996 2997 997358
2997 2998 998337
2998 2999 999029
