cc61ad56a4797fb3f5c9529f73ce6fcedd85669b
1
3000 0 2999 1101971987741
0 1 998795
1 2 998275
2 3 997641
3 4 996834
4 5 996149
5 6 995533
6 7 994744
7 8 993821
8 9 993107
9 10 992900
10 11 992045
11 12 991158
12 13 990526
13 14 989914
14 15 989575
15 16 988493
16 17 988188
17 18 987611
18 19 986580
19 20 986215
20 21 985297
21 22 984702
22 23 984139
23 24 983527
24 25 982483
25 26 981834
26 27 981414
27 28 980951
28 29 980235
29 30 979687
30 31 979024
31 32 978056
32 33 977185
33 34 976803
34 35 976090
35 36 975606
36 37 974626
37 38 974126
38 39 973718
39 40 972932
40 41 972279
41 42 971227
42 43 970637
43 44 970117
44 45 969413
45 46 968868
46 47 967779
47 48 967590
48 49 966502
49 50 966403
50 51 965343
51 52 964509
52 53 964066
53 54 963595
54 55 962830
55 56 962116
56 57 961634
57 58 960991
58 59 959752
59 60 959152
60 61 958980
61 62 957944
62 63 957384
63 64 956703
64 65 956005
65 66 955584
66 67 954982
67 68 953917
68 69 953340
69 70 952597
70 71 952143
71 72 951557
72 73 951061
73 74 949960
74 75 949574
75 76 948544
76 77 947824
77 78 947192
78 79 946494
79 80 946260
80 81 945226
81 82 944894
82 83 944288
83 84 943359
84 85 942977
85 86 942092
86 87 941269
87 88 940596
88 89 940284
89 90 939340
90 91 938618
91 92 938427
92 93 937735
93 94 936664
94 95 935843
95 96 935393
96 97 934568
97 98 933947
98 99 933539
99 100 933025
100 101 931880
101 102 931249
102 103 930853
103 104 930339
104 105 929637
105 106 928716
106 107 928353
107 108 927417
108 109 926841
109 110 926482
110 111 925424
111 112 925022
112 113 924164
113 114 923315
114 115 923046
115 116 921915
116 117 921627
117 118 920766
118 119 920023
119 120 919656
120 121 918835
121 122 917912
122 123 917670
123 124 917132
124 125 916291
125 126 915723
126 127 915079
127 128 913772
128 129 913249
129 130 912753
130 131 912444
131 132 911503
132 133 910869
133 134 910014
134 135 909696
135 136 908768
136 137 908352
137 138 907632
138 139 907051
139 140 906095
140 141 905798
141 142 905097
142 143 903875
143 144 903153
144 145 903015
145 146 902070
146 147 901229
147 148 900677
148 149 899983
149 150 899264
150 151 898970
151 152 898444
152 153 897516
153 154 897034
154 155 895854
155 156 895187
156 157 894970
157 158 894389
158 159 893319
159 160 892563
160 161 892192
161 162 891626
162 163 890993
163 164 890472
164 165 889715
165 166 888819
166 167 888021
167 168 887357
168 169 887033
169 170 886397
170 171 885236
171 172 884666
172 173 884176
173 174 883665
174 175 882971
175 176 882328
176 177 881807
177 178 880685
178 179 880485
179 180 879761
180 181 878749
181 182 877960
182 183 877530
183 184 876791
184 185 876124
185 186 875608
186 187 875123
187 188 874189
188 189 873559
189 190 872555
190 191 871878
191 192 871263
192 193 871050
193 194 870458
194 195 869270
195 196 868937
196 197 868001
197 198 867673
198 199 866981
199 200 865921
200 201 865443
201 202 864611
202 203 863972
203 204 863368
204 205 862609
205 206 862516
206 207 861678
207 208 860991
208 209 860321
209 210 859363
210 211 859113
211 212 858103
212 213 857831
213 214 857226
214 215 856319
215 216 855285
216 217 854823
217 218 854280
218 219 853602
219 220 852805
220 221 851975
221 222 851441
222 223 851086
223 224 850302
224 225 849511
225 226 848587
226 227 847969
227 228 847778
228 229 846569
229 230 846102
230 231 845741
231 232 844662
232 233 844084
233 234 843695
234 235 842852
235 236 842445
236 237 841482
237 238 840612
238 239 839952
239 240 839318
240 241 838917
241 242 838448
242 243 837476
243 244 837192
244 245 836328
245 246 835415
246 247 834759
247 248 834245
248 249 833774
249 250 832983
250 251 832246
251 252 831596
252 253 831196
253 254 829992
254 255 829301
255 256 829098
256 257 827934
257 258 827257
258 259 826940
259 260 826291
260 261 825243
261 262 824653
262 263 824360
263 264 823336
264 265 822794
265 266 821899
266 267 821820
267 268 820684
268 269 820334
269 270 819406
270 271 818769
271 272 818064
272 273 817712
273 274 817021
274 275 816160
275 276 815363
276 277 814648
277 278 813916
278 279 813842
279 280 812748
280 281 812025
281 282 811664
282 283 810790
283 284 810166
284 285 809799
285 286 809228
286 287 808275
287 288 807508
288 289 807204
289 290 806319
290 291 805453
291 292 804719
292 293 803999
293 294 803691
294 295 802665
295 296 802355
296 297 801847
297 298 800674
298 299 800440
299 300 799518
300 301 798869
301 302 798255
302 303 797707
303 304 797205
304 305 796235
305 306 795265
306 307 795207
307 308 794160
308 309 793422
309 310 792768
310 311 792398
311 312 791603
312 313 790780
313 314 789947
314 315 789472
315 316 789169
316 317 788180
317 318 787572
318 319 787275
319 320 786193
320 321 785590
321 322 785255
322 323 784200
323 324 783493
324 325 782686
325 326 781996
326 327 781331
327 328 780788
328 329 780342
329 330 779304
330 331 778892
331 332 778419
332 333 777630
333 334 776831
334 335 776312
335 336 775602
336 337 775045
337 338 774345
338 339 773729
339 340 773125
340 341 772148
341 342 771559
342 343 770658
343 344 770582
344 345 769710
345 346 769141
346 347 768334
347 348 767664
348 349 766673
349 350 765943
350 351 765814
351 352 764661
352 353 764188
353 354 763402
354 355 763326
355 356 762265
356 357 761897
357 358 760671
358 359 760209
359 360 759378
360 361 758597
361 362 758106
362 363 757936
363 364 756935
364 365 756068
365 366 755398
366 367 754634
367 368 753996
368 369 753727
369 370 752816
370 371 752362
371 372 751368
372 373 750912
373 374 750068
374 375 749991
375 376 749298
376 377 748324
377 378 747559
378 379 747245
379 380 746478
380 381 745863
381 382 744789
382 383 744549
383 384 743486
384 385 742876
385 386 742369
386 387 741360
387 388 741106
388 389 739987
389 390 739951
390 391 738966
391 392 738219
392 393 737295
393 394 737278
394 395 736210
395 396 735593
396 397 735291
397 398 734638
398 399 733519
399 400 733038
400 401 732206
401 402 731845
402 403 730839
403 404 730063
404 405 729335
405 406 729309
406 407 728409
407 408 727392
408 409 726725
409 410 726278
410 411 725396
411 412 724732
412 413 724131
413 414 723634
414 415 723011
415 416 722406
416 417 721349
417 418 720696
418 419 720309
419 420 719963
420 421 719172
421 422 717980
422 423 717439
423 424 716783
424 425 716392
425 426 715906
426 427 715052
427 428 714060
428 429 713369
429 430 712678
430 431 712031
431 432 711999
432 433 710766
433 434 710674
434 435 709950
435 436 708858
436 437 708517
437 438 707765
438 439 707003
439 440 706471
440 441 705930
441 442 704720
442 443 704137
443 444 703779
444 445 703047
445 446 702318
446 447 701667
447 448 701144
448 449 700277
449 450 699495
450 451 698910
451 452 698493
452 453 697624
453 454 696713
454 455 696391
455 456 695705
456 457 695207
457 458 694418
458 459 693615
459 460 693225
460 461 692466
461 462 691385
462 463 691135
463 464 690503
464 465 689448
465 466 688941
466 467 688151
467 468 687792
468 469 687299
469 470 686094
470 471 685669
471 472 684868
472 473 684127
473 474 683856
474 475 682896
475 476 682222
476 477 681633
477 478 680982
478 479 680051
479 480 679706
480 481 679375
481 482 678407
482 483 678021
483 484 677119
484 485 676282
485 486 675519
486 487 675306
487 488 674388
488 489 673613
489 490 672836
490 491 672282
491 492 671641
492 493 671080
493 494 670232
494 495 669911
495 496 668903
496 497 668234
497 498 667674
498 499 667022
499 500 666076
500 501 665849
501 502 665392
502 503 664513
503 504 663904
504 505 662932
505 506 662248
506 507 661703
507 508 661029
508 509 660580
509 510 659475
510 511 658736
511 512 658292
512 513 657962
513 514 657258
514 515 656370
515 516 655784
516 517 654915
517 518 654404
518 519 653635
519 520 653204
520 521 652726
521 522 651430
522 523 651416
523 524 650135
524 525 649740
525 526 649033
526 527 648229
527 528 647839
528 529 646816
529 530 646356
530 531 645511
531 532 645306
532 533 644611
533 534 643587
534 535 642738
535 536 642702
536 537 641530
537 538 640982
538 539 640263
539 540 639632
540 541 639184
541 542 638387
542 543 637847
543 544 637236
544 545 636356
545 546 636061
546 547 634823
547 548 634188
548 549 633498
549 550 633144
550 551 632163
551 552 631793
552 553 631195
553 554 630521
554 555 629912
555 556 628810
556 557 628647
557 558 627593
558 559 627346
559 560 626572
560 561 625589
561 562 624805
562 563 624224
563 564 623864
564 565 622875
565 566 622392
566 567 621659
567 568 620845
568 569 620395
569 570 619650
570 571 619281
571 572 618336
572 573 617780
573 574 617011
574 575 616547
575 576 616034
576 577 615210
577 578 614296
578 579 613588
579 580 613113
580 581 612337
581 582 611975
582 583 611290
583 584 610524
584 585 610086
585 586 609083
586 587 608345
587 588 607765
588 589 607099
589 590 606576
590 591 605597
591 592 605401
592 593 604575
593 594 604002
594 595 603023
595 596 602596
596 597 601949
597 598 600918
598 599 600547
599 600 599996
600 601 599423
601 602 598710
602 603 598023
603 604 597303
604 605 596121
605 606 595719
606 607 595330
607 608 594439
608 609 594031
609 610 593146
610 611 592257
611 612 591610
612 613 591331
613 614 590426
614 615 589662
615 616 588988
616 617 588372
617 618 587893
618 619 586833
619 620 586313
620 621 585567
621 622 585348
622 623 584676
623 624 583583
624 625 582960
625 626 582593
626 627 581509
627 628 580856
628 629 580623
629 630 579799
630 631 579116
631 632 578479
632 633 578000
633 634 577092
634 635 576455
635 636 575895
636 637 574882
637 638 574510
638 639 574036
639 640 573154
640 641 572439
641 642 571610
642 643 571181
643 644 570730
644 645 570073
645 646 569351
646 647 568290
647 648 568077
648 649 567291
649 650 566591
650 651 566151
651 652 565120
652 653 564654
653 654 563574
654 655 563284
655 656 562609
656 657 561536
657 658 561257
658 659 560624
659 660 559915
660 661 559058
661 662 558308
662 663 558068
663 664 556839
664 665 556731
665 666 555546
666 667 555105
667 668 554800
668 669 553999
669 670 553181
670 671 552733
671 672 552157
672 673 551314
673 674 550277
674 675 549829
675 676 549276
676 677 548549
677 678 547999
678 679 546881
679 680 546654
680 681 545926
681 682 545153
682 683 544222
683 684 543551
684 685 543387
685 686 542583
686 687 542095
687 688 540990
688 689 540362
689 690 539848
690 691 539262
691 692 538772
692 693 537618
693 694 537290
694 695 536477
695 696 535990
696 697 535363
697 698 534429
698 699 533887
699 700 533212
700 701 532661
701 702 531722
702 703 531027
703 704 530640
704 705 529572
705 706 528965
706 707 528316
707 708 527692
708 709 527058
709 710 526704
710 711 526077
711 712 525309
712 713 524552
713 714 523763
714 715 523536
715 716 522315
716 717 521727
717 718 521233
718 719 520191
719 720 519719
720 721 518846
721 722 518650
722 723 517510
723 724 517333
724 725 516536
725 726 516065
726 727 515322
727 728 514575
728 729 514102
729 730 512929
730 731 512747
731 732 511692
732 733 511505
733 734 510719
734 735 509852
735 736 508966
736 737 508412
737 738 507928
738 739 507096
739 740 506726
740 741 505588
741 742 505415
742 743 504318
743 744 503841
744 745 503132
745 746 502383
746 747 502132
747 748 501527
748 749 500383
749 750 499779
750 751 499105
751 752 498724
752 753 497983
753 754 497426
754 755 496569
755 756 495911
756 757 495057
757 758 494347
758 759 493786
759 760 493373
760 761 492611
761 762 491631
762 763 491429
763 764 490297
764 765 489590
765 766 489269
766 767 488518
767 768 488058
768 769 487038
769 770 486493
770 771 485909
771 772 485547
772 773 484888
773 774 484041
774 775 483047
775 776 482576
776 777 481580
777 778 481237
778 779 480723
779 780 479570
780 781 479053
781 782 478841
782 783 477756
783 784 476888
784 785 476540
785 786 475850
786 787 475095
787 788 474393
788 789 473869
789 790 472988
790 791 472267
791 792 472185
792 793 471152
793 794 470344
794 795 469714
795 796 469241
796 797 468378
797 798 468133
798 799 466960
799 800 466285
800 801 465750
801 802 465370
802 803 464796
803 804 463947
804 805 463412
805 806 462728
806 807 461743
807 808 461312
808 809 460589
809 810 459772
810 811 459019
811 812 458545
812 813 457716
813 814 457303
814 815 456514
815 816 456225
816 817 455317
817 818 454812
818 819 453700
819 820 453387
820 821 452728
821 822 452055
822 823 451219
823 824 450614
824 825 450293
825 826 449197
826 827 448359
827 828 447872
828 829 447579
829 830 446534
830 831 445608
831 832 445149
832 833 444633
833 834 443792
834 835 443162
835 836 442580
836 837 442274
837 838 441559
838 839 440558
839 840 440075
840 841 439167
841 842 438454
842 843 438158
843 844 437448
844 845 436738
845 846 436206
846 847 435587
847 848 434636
848 849 433995
849 850 433029
850 851 432801
851 852 431777
852 853 431307
853 854 430349
854 855 429910
855 856 429527
856 857 428599
857 858 427934
858 859 426977
859 860 426547
860 861 425803
861 862 425123
862 863 424773
863 864 423818
864 865 423047
865 866 422365
866 867 422075
867 868 421537
868 869 420827
869 870 419836
870 871 419408
871 872 418757
872 873 418218
873 874 417022
874 875 416529
875 876 415821
876 877 415007
877 878 414721
878 879 414081
879 880 413421
880 881 412826
881 882 412067
882 883 411243
883 884 410775
884 885 409790
885 886 409278
886 887 408616
887 888 407963
888 889 407404
889 890 406520
890 891 406233
891 892 405636
892 893 404781
893 894 404109
894 895 403562
895 896 402470
896 897 401694
897 898 401184
898 899 400859
899 900 399686
900 901 399301
901 902 398698
902 903 397818
903 904 397160
904 905 396670
905 906 396313
906 907 395556
907 908 394524
908 909 393772
909 910 393449
910 911 392574
911 912 392151
912 913 391078
913 914 390662
914 915 390332
915 916 389427
916 917 388405
917 918 387929
918 919 387359
919 920 386551
920 921 386135
921 922 385654
922 923 384402
923 924 384243
924 925 383290
925 926 382612
926 927 382001
927 928 381611
928 929 380433
929 930 380201
930 931 379240
931 932 378422
932 933 377915
933 934 377599
934 935 376725
935 936 375814
936 937 375289
937 938 374799
938 939 373925
939 940 373389
940 941 372651
941 942 372055
942 943 371534
943 944 370853
944 945 369792
945 946 369035
946 947 368526
947 948 368057
948 949 367272
949 950 366880
950 951 366077
951 952 365229
952 953 364393
953 954 364126
954 955 363277
955 956 362981
956 957 361696
957 958 361509
958 959 360843
959 960 359949
960 961 359427
961 962 358510
962 963 358397
963 964 357334
964 965 356632
965 966 355768
966 967 355668
967 968 355057
968 969 354164
969 970 353511
970 971 352815
971 972 352289
972 973 351360
973 974 350699
974 975 350309
975 976 349492
976 977 348995
977 978 347866
978 979 347632
979 980 346449
980 981 346148
981 982 345435
982 983 344949
983 984 344011
984 985 343544
985 986 342793
986 987 341948
987 988 341579
988 989 340795
989 990 339955
990 991 339217
991 992 338709
992 993 338172
993 994 337556
994 995 336392
995 996 336159
996 997 335430
997 998 334394
998 999 334334
999 1000 333539
1000 1001 332419
1001 1002 332135
1002 1003 331483
1003 1004 330419
1004 1005 329838
1005 1006 329522
1006 1007 328501
1007 1008 328206
1008 1009 327185
1009 1010 326419
1010 1011 326121
1011 1012 325411
1012 1013 324666
1013 1014 323801
1014 1015 323361
1015 1016 323007
1016 1017 322323
1017 1018 321335
1018 1019 320997
1019 1020 320248
1020 1021 319274
1021 1022 318496
1022 1023 318429
1023 1024 317598
1024 1025 316491
1025 1026 316211
1026 1027 315636
1027 1028 314856
1028 1029 313946
1029 1030 313057
1030 1031 312801
1031 1032 311803
1032 1033 311307
1033 1034 310974
1034 1035 310113
1035 1036 309661
1036 1037 308720
1037 1038 308142
1038 1039 307630
1039 1040 306909
1040 1041 306338
1041 1042 305365
1042 1043 304944
1043 1044 304191
1044 1045 303666
1045 1046 302757
1046 1047 302325
1047 1048 301170
1048 1049 300767
1049 1050 300268
1050 1051 299306
1051 1052 298948
1052 1053 298404
1053 1054 297684
1054 1055 296630
1055 1056 296224
1056 1057 295209
1057 1058 294603
1058 1059 294202
1059 1060 293332
1060 1061 292876
1061 1062 291980
1062 1063 291395
1063 1064 290853
1064 1065 289817
1065 1066 289593
1066 1067 288847
1067 1068 288181
1068 1069 287544
1069 1070 286795
1070 1071 285854
1071 1072 285203
1072 1073 284497
1073 1074 283914
1074 1075 283372
1075 1076 282559
1076 1077 282333
1077 1078 281304
1078 1079 280825
1079 1080 279974
1080 1081 279232
1081 1082 278953
1082 1083 278469
1083 1084 277485
1084 1085 277057
1085 1086 275804
1086 1087 275273
1087 1088 274907
1088 1089 274087
1089 1090 273467
1090 1091 272749
1091 1092 271937
1092 1093 271212
1093 1094 270474
1094 1095 270280
1095 1096 269443
1096 1097 269043
1097 1098 268419
1098 1099 267427
1099 1100 266828
1100 1101 266001
1101 1102 265607
1102 1103 264737
1103 1104 263843
1104 1105 263572
1105 1106 262857
1106 1107 262194
1107 1108 261548
1108 1109 260667
1109 1110 260193
1110 1111 259180
1111 1112 258564
1112 1113 258307
1113 1114 257213
1114 1115 256594
1115 1116 256324
1116 1117 255782
1117 1118 254548
1118 1119 254231
1119 1120 253247
1120 1121 252915
1121 1122 252464
1122 1123 251504
1123 1124 250587
1124 1125 250368
1125 1126 249767
1126 1127 249034
1127 1128 247875
1128 1129 247771
1129 1130 246711
1130 1131 246211
1131 1132 245514
1132 1133 244688
1133 1134 244353
1134 1135 243705
1135 1136 242558
1136 1137 241862
1137 1138 241514
1138 1139 241089
1139 1140 239942
1140 1141 239121
1141 1142 239009
1142 1143 238385
1143 1144 237736
1144 1145 237161
1145 1146 236284
1146 1147 235328
1147 1148 234498
1148 1149 234273
1149 1150 233331
1150 1151 232695
1151 1152 232460
1152 1153 231377
1153 1154 230615
1154 1155 229983
1155 1156 229635
1156 1157 228768
1157 1158 228309
1158 1159 227378
1159 1160 226768
1160 1161 226374
1161 1162 225314
1162 1163 224665
1163 1164 224202
1164 1165 223209
1165 1166 222849
1166 1167 221832
1167 1168 221782
1168 1169 220560
1169 1170 220244
1170 1171 219528
1171 1172 218641
1172 1173 218455
1173 1174 217275
1174 1175 216721
1175 1176 215962
1176 1177 215480
1177 1178 214994
1178 1179 214416
1179 1180 213263
1180 1181 212804
1181 1182 211981
1182 1183 211812
1183 1184 210824
1184 1185 210412
1185 1186 209538
1186 1187 208508
1187 1188 208431
1188 1189 207307
1189 1190 206686
1190 1191 206024
1191 1192 205361
1192 1193 204833
1193 1194 203982
1194 1195 203590
1195 1196 202662
1196 1197 202107
1197 1198 201294
1198 1199 200952
1199 1200 200177
1200 1201 199748
1201 1202 199051
1202 1203 198425
1203 1204 197272
1204 1205 196707
1205 1206 196257
1206 1207 195435
1207 1208 194707
1208 1209 194211
1209 1210 193836
1210 1211 193150
1211 1212 192513
1212 1213 191408
1213 1214 190816
1214 1215 190539
1215 1216 189900
1216 1217 189034
1217 1218 188069
1218 1219 187821
1219 1220 186889
1220 1221 186135
1221 1222 185578
1222 1223 185069
1223 1224 183966
1224 1225 183676
1225 1226 182737
1226 1227 182323
1227 1228 181683
1228 1229 181072
1229 1230 180308
1230 1231 179782
1231 1232 178759
1232 1233 178445
1233 1234 177595
1234 1235 177172
1235 1236 176166
1236 1237 175404
1237 1238 174784
1238 1239 174032
1239 1240 173300
1240 1241 172669
1241 1242 172042
1242 1243 171388
1243 1244 170650
1244 1245 170477
1245 1246 169634
1246 1247 168745
1247 1248 168017
1248 1249 167609
1249 1250 166675
1250 1251 166165
1251 1252 165711
1252 1253 164843
1253 1254 164299
1254 1255 163389
1255 1256 162621
1256 1257 162005
1257 1258 161513
1258 1259 161254
1259 1260 160004
1260 1261 159827
1261 1262 158689
1262 1263 158190
1263 1264 157504
1264 1265 157187
1265 1266 155945
1266 1267 155450
1267 1268 155009
1268 1269 154378
1269 1270 153696
1270 1271 153014
1271 1272 152584
1272 1273 151638
1273 1274 150562
1274 1275 150152
1275 1276 149407
1276 1277 149192
1277 1278 148177
1278 1279 147657
1279 1280 146986
1280 1281 146437
1281 1282 145480
1282 1283 145149
1283 1284 144519
1284 1285 143898
1285 1286 143030
1286 1287 142095
1287 1288 141587
1288 1289 140874
1289 1290 140059
1290 1291 139659
1291 1292 138775
1292 1293 138288
1293 1294 137521
1294 1295 137168
1295 1296 136396
1296 1297 135568
1297 1298 134814
1298 1299 134134
1299 1300 133502
1300 1301 133160
1301 1302 132503
1302 1303 131517
1303 1304 130760
1304 1305 130445
1305 1306 129464
1306 1307 129040
1307 1308 128414
1308 1309 127811
1309 1310 127069
1310 1311 126545
1311 1312 125532
1312 1313 124691
1313 1314 124529
1314 1315 123507
1315 1316 122907
1316 1317 122222
1317 1318 121747
1318 1319 120680
1319 1320 120227
1320 1321 119704
1321 1322 119236
1322 1323 118241
1323 1324 117680
1324 1325 116765
1325 1326 116097
1326 1327 115723
1327 1328 115105
1328 1329 114482
1329 1330 113919
1330 1331 113153
1331 1332 112295
1332 1333 111378
1333 1334 110778
1334 1335 110178
1335 1336 109521
1336 1337 109232
1337 1338 108059
1338 1339 107466
1339 1340 107096
1340 1341 106017
1341 1342 105741
1342 1343 104674
1343 1344 103992
1344 1345 103551
1345 1346 102795
1346 1347 102521
1347 1348 101565
1348 1349 101060
1349 1350 100352
1350 1351 99660
1351 1352 99106
1352 1353 98278
1353 1354 97285
1354 1355 96904
1355 1356 96603
1356 1357 95679
1357 1358 95067
1358 1359 94656
1359 1360 93819
1360 1361 93170
1361 1362 92008
1362 1363 91658
1363 1364 91088
1364 1365 89955
1365 1366 89456
1366 1367 88843
1367 1368 88370
1368 1369 87468
1369 1370 87089
1370 1371 86196
1371 1372 85816
1372 1373 84770
1373 1374 84563
1374 1375 83334
1375 1376 82860
1376 1377 82556
1377 1378 81538
1378 1379 80684
1379 1380 79955
1380 1381 79276
1381 1382 79328
1382 1383 78046
1383 1384 77455
1384 1385 77197
1385 1386 76363
1386 1387 75684
1387 1388 74758
1388 1389 74327
1389 1390 73475
1390 1391 72807
1391 1392 72227
1392 1393 71636
1393 1394 70896
1394 1395 70286
1395 1396 69894
1396 1397 69087
1397 1398 68475
1398 1399 67577
1399 1400 67023
1400 1401 66655
1401 1402 65854
1402 1403 64670
1403 1404 64467
1404 1405 63559
1405 1406 63136
1406 1407 62214
1407 1408 61839
1408 1409 60800
1409 1410 60502
1410 1411 59391
1411 1412 59051
1412 1413 58110
1413 1414 57551
1414 1415 56906
1415 1416 56479
1416 1417 55410
1417 1418 54657
1418 1419 54636
1419 1420 53777
1420 1421 53319
1421 1422 52080
1422 1423 51718
1423 1424 50808
1424 1425 50244
1425 1426 49690
1426 1427 48745
1427 1428 48390
1428 1429 47887
1429 1430 47320
1430 1431 46161
1431 1432 45589
1432 1433 45140
1433 1434 44125
1434 1435 43516
1435 1436 43292
1436 1437 42584
1437 1438 41873
1438 1439 41362
1439 1440 40381
1440 1441 39605
1441 1442 38943
1442 1443 38589
1443 1444 37994
1444 1445 36746
1445 1446 36512
1446 1447 35850
1447 1448 35171
1448 1449 34200
1449 1450 33395
1450 1451 32959
1451 1452 32274
1452 1453 31520
1453 1454 31252
1454 1455 30119
1455 1456 29502
1456 1457 29101
1457 1458 28080
1458 1459 27905
1459 1460 26944
1460 1461 26070
1461 1462 25640
1462 1463 24802
1463 1464 24648
1464 1465 23902
1465 1466 22935
1466 1467 22200
1467 1468 21916
1468 1469 21296
1469 1470 20162
1470 1471 19502
1471 1472 18698
1472 1473 18299
1473 1474 17471
1474 1475 17354
1475 1476 16468
1476 1477 15637
1477 1478 14758
1478 1479 14315
1479 1480 13804
1480 1481 12779
1481 1482 12424
1482 1483 11486
1483 1484 10954
1484 1485 10443
1485 1486 9838
1486 1487 9326
1487 1488 8656
1488 1489 7429
1489 1490 7317
1490 1491 6025
1491 1492 5842
1492 1493 4767
1493 1494 4461
1494 1495 3765
1495 1496 3024
1496 1497 2063
1497 1498 1633
1498 1499 1328
1499 1500 670
1500 1501 1297
1501 1502 1587
1502 1503 2072
1503 1504 3103
1504 1505 3756
1505 1506 4470
1506 1507 4862
1507 1508 5835
1508 1509 6099
1509 1510 7344
1510 1511 7446
1511 1512 8636
1512 1513 9394
1513 1514 9853
1514 1515 10407
1515 1516 10954
1516 1517 11525
1517 1518 12437
1518 1519 12772
1519 1520 13845
1520 1521 14262
1521 1522 14789
1522 1523 15599
1523 1524 16483
1524 1525 17307
1525 1526 17478
1526 1527 18351
1527 1528 18752
1528 1529 19508
1529 1530 20174
1530 1531 21240
1531 1532 21927
1532 1533 22174
1533 1534 22941
1534 1535 23891
1535 1536 24632
1536 1537 24802
1537 1538 25681
1538 1539 26088
1539 1540 26949
1540 1541 27918
1541 1542 28073
1542 1543 29160
1543 1544 29495
1544 1545 30106
1545 1546 31176
1546 1547 31499
1547 1548 32243
1548 1549 32922
1549 1550 33453
1550 1551 34177
1551 1552 35188
1552 1553 35872
1553 1554 36469
1554 1555 36737
1555 1556 37965
1556 1557 38545
1557 1558 38942
1558 1559 39574
1559 1560 40375
1560 1561 41280
1561 1562 41824
1562 1563 42596
1563 1564 43220
1564 1565 43441
1565 1566 44109
1566 1567 45136
1567 1568 45606
1568 1569 46092
1569 1570 47328
1570 1571 47862
1571 1572 48347
1572 1573 48825
1573 1574 49733
1574 1575 50159
1575 1576 50726
1576 1577 51735
1577 1578 52070
1578 1579 53267
1579 1580 53781
1580 1581 54591
1581 1582 54656
1582 1583 55417
1583 1584 56461
1584 1585 56935
1585 1586 57569
1586 1587 58085
1587 1588 58982
1588 1589 59429
1589 1590 60525
1590 1591 60736
1591 1592 61818
1592 1593 62180
1593 1594 63170
1594 1595 63559
1595 1596 64485
1596 1597 64616
1597 1598 65921
1598 1599 66684
1599 1600 67109
1600 1601 67569
1601 1602 68464
1602 1603 69085
1603 1604 69864
1604 1605 70232
1605 1606 70968
1606 1607 71569
1607 1608 72182
1608 1609 72733
1609 1610 73509
1610 1611 74328
1611 1612 74732
1612 1613 75749
1613 1614 76331
1614 1615 77179
1615 1616 77450
1616 1617 78066
1617 1618 79301
1618 1619 79313
1619 1620 79999
1620 1621 80673
1621 1622 81540
1622 1623 82557
1623 1624 82908
1624 1625 83283
1625 1626 84480
1626 1627 84772
1627 1628 85857
1628 1629 86202
1629 1630 87147
1630 1631 87391
1631 1632 88312
1632 1633 88803
1633 1634 89469
1634 1635 90014
1635 1636 91010
1636 1637 91600
1637 1638 92030
1638 1639 93200
1639 1640 93842
1640 1641 94591
1641 1642 95042
1642 1643 95662
1643 1644 96603
1644 1645 96933
1645 1646 97342
1646 1647 98238
1647 1648 99105
1648 1649 99680
1649 1650 100354
1650 1651 101018
1651 1652 101597
1652 1653 102535
1653 1654 102869
1654 1655 103500
1655 1656 104001
1656 1657 104703
1657 1658 105781
1658 1659 106006
1659 1660 107088
1660 1661 107490
1661 1662 108079
1662 1663 109188
1663 1664 109500
1664 1665 110127
1665 1666 110786
1666 1667 111404
1667 1668 112301
1668 1669 113225
1669 1670 113867
1670 1671 114562
1671 1672 115085
1672 1673 115725
1673 1674 116113
1674 1675 116774
1675 1676 117595
1676 1677 118233
1677 1678 119238
1678 1679 119664
1679 1680 120207
1680 1681 120727
1681 1682 121768
1682 1683 122142
1683 1684 122887
1684 1685 123447
1685 1686 124484
1686 1687 124673
1687 1688 125585
1688 1689 126514
1689 1690 127096
1690 1691 127873
1691 1692 128500
1692 1693 128983
1693 1694 129484
1694 1695 130368
1695 1696 130704
1696 1697 131517
1697 1698 132507
1698 1699 133178
1699 1700 133532
1700 1701 134154
1701 1702 134856
1702 1703 135531
1703 1704 136349
1704 1705 137177
1705 1706 137530
1706 1707 138325
1707 1708 138755
1708 1709 139723
1709 1710 140013
1710 1711 140800
1711 1712 141628
1712 1713 142074
1713 1714 143009
1714 1715 143893
1715 1716 144516
1716 1717 145206
1717 1718 145462
1718 1719 146422
1719 1720 147048
1720 1721 147648
1721 1722 148203
1722 1723 149237
1723 1724 149358
1724 1725 150212
1725 1726 150593
1726 1727 151657
1727 1728 152585
1728 1729 152980
1729 1730 153664
1730 1731 154403
1731 1732 155019
1732 1733 155499
1733 1734 155885
1734 1735 157161
1735 1736 157409
1736 1737 158182
1737 1738 158699
1738 1739 159818
1739 1740 159995
1740 1741 161220
1741 1742 161552
1742 1743 161970
1743 1744 162567
1744 1745 163405
1745 1746 164351
1746 1747 164820
1747 1748 165672
1748 1749 166101
1749 1750 166645
1750 1751 167631
1751 1752 168068
1752 1753 168782
1753 1754 169643
1754 1755 170552
1755 1756 170736
1756 1757 171332
1757 1758 172064
1758 1759 172659
1759 1760 173357
1760 1761 174088
1761 1762 174783
1762 1763 175343
1763 1764 176213
1764 1765 177109
1765 1766 177545
1766 1767 178463
1767 1768 178745
1768 1769 179799
1769 1770 180302
1770 1771 181064
1771 1772 181636
1772 1773 182254
1773 1774 182741
1774 1775 183718
1775 1776 183901
1776 1777 185057
1777 1778 185517
1778 1779 186064
1779 1780 186894
1780 1781 187786
1781 1782 188103
1782 1783 188967
1783 1784 189884
1784 1785 190506
1785 1786 190744
1786 1787 191395
1787 1788 192426
1788 1789 193183
1789 1790 193784
1790 1791 194174
1791 1792 194709
1792 1793 195477
1793 1794 196197
1794 1795 196760
1795 1796 197271
1796 1797 198413
1797 1798 199038
1798 1799 199720
1799 1800 200160
1800 1801 200977
1801 1802 201289
1802 1803 202038
1803 1804 202630
1804 1805 203535
1805 1806 203919
1806 1807 204807
1807 1808 205348
1808 1809 205943
1809 1810 206662
1810 1811 207318
1811 1812 208472
1812 1813 208584
1813 1814 209516
1814 1815 210426
1815 1816 210733
1816 1817 211760
1817 1818 212048
1818 1819 212739
1819 1820 213261
1820 1821 214512
1821 1822 215013
1822 1823 215457
1823 1824 215953
1824 1825 216686
1825 1826 217314
1826 1827 218377
1827 1828 218724
1828 1829 219539
1829 1830 220181
1830 1831 220545
1831 1832 221745
1832 1833 221783
1833 1834 222785
1834 1835 223184
1835 1836 224131
1836 1837 224675
1837 1838 225284
1838 1839 226378
1839 1840 226732
1840 1841 227381
1841 1842 228263
1842 1843 228702
1843 1844 229625
1844 1845 229948
1845 1846 230649
1846 1847 231363
1847 1848 232461
1848 1849 232757
1849 1850 233352
1850 1851 234208
1851 1852 234494
1852 1853 235289
1853 1854 236338
1854 1855 237147
1855 1856 237707
1856 1857 238451
1857 1858 239081
1858 1859 239154
1859 1860 239934
1860 1861 241082
1861 1862 241562
1862 1863 241844
1863 1864 242511
1864 1865 243744
1865 1866 244354
1866 1867 244705
1867 1868 245510
1868 1869 246160
1869 1870 246742
1870 1871 247787
1871 1872 247895
1872 1873 248972
1873 1874 249815
1874 1875 250364
1875 1876 250641
1876 1877 251520
1877 1878 252389
1878 1879 252854
1879 1880 253177
1880 1881 254242
1881 1882 254504
1882 1883 255795
1883 1884 256379
1884 1885 256651
1885 1886 257214
1886 1887 258380
1887 1888 258561
1888 1889 259125
1889 1890 260144
1890 1891 260701
1891 1892 261548
1892 1893 262199
1893 1894 262870
1894 1895 263543
1895 1896 263832
1896 1897 264658
1897 1898 265581
1898 1899 266074
1899 1900 266846
1900 1901 267428
1901 1902 268387
1902 1903 269096
1903 1904 269428
1904 1905 270277
1905 1906 270488
1906 1907 271197
1907 1908 271983
1908 1909 272782
1909 1910 273424
1910 1911 274077
1911 1912 274945
1912 1913 275283
1913 1914 275783
1914 1915 277105
1915 1916 277495
1916 1917 278428
1917 1918 278981
1918 1919 279185
1919 1920 279959
1920 1921 280831
1921 1922 281287
1922 1923 282346
1923 1924 282531
1924 1925 283360
1925 1926 283913
1926 1927 284426
1927 1928 285172
1928 1929 285814
1929 1930 286810
1930 1931 287552
1931 1932 288161
1932 1933 288782
1933 1934 289586
1934 1935 289898
1935 1936 290803
1936 1937 291339
1937 1938 292047
1938 1939 292843
1939 1940 293338
1940 1941 294158
1941 1942 294657
1942 1943 295232
1943 1944 296199
1944 1945 296628
1945 1946 297706
1946 1947 298374
1947 1948 298980
1948 1949 299272
1949 1950 300259
1950 1951 300823
1951 1952 301216
1952 1953 302338
1953 1954 302768
1954 1955 303643
1955 1956 304280
1956 1957 304947
1957 1958 305382
1958 1959 306323
1959 1960 306875
1960 1961 307676
1961 1962 308093
1962 1963 308752
1963 1964 309644
1964 1965 310173
1965 1966 310907
1966 1967 311297
1967 1968 311787
1968 1969 312785
1969 1970 313074
1970 1971 313940
1971 1972 314870
1972 1973 315717
1973 1974 316176
1974 1975 316497
1975 1976 317634
1976 1977 318426
1977 1978 318553
1978 1979 319258
1979 1980 320162
1980 1981 321045
1981 1982 321296
1982 1983 322248
1983 1984 323009
1984 1985 323343
1985 1986 323808
1986 1987 324674
1987 1988 325460
1988 1989 326138
1989 1990 326470
1990 1991 327248
1991 1992 328230
1992 1993 328563
1993 1994 329563
1994 1995 329865
1995 1996 330407
1996 1997 331529
1997 1998 332125
1998 1999 332394
1999 2000 333558
2000 2001 334356
2001 2002 334422
2002 2003 335395
2003 2004 336166
2004 2005 336368
2005 2006 337501
2006 2007 338212
2007 2008 338694
2008 2009 339215
2009 2010 339886
2010 2011 340765
2011 2012 341583
2012 2013 341955
2013 2014 342797
2014 2015 343568
2015 2016 344058
2016 2017 345035
2017 2018 345393
2018 2019 346169
2019 2020 346466
2020 2021 347621
2021 2022 347875
2022 2023 348926
2023 2024 349504
2024 2025 350300
2025 2026 350644
2026 2027 351307
2027 2028 352221
2028 2029 352733
2029 2030 353471
2030 2031 354172
2031 2032 355026
2032 2033 355623
2033 2034 355837
2034 2035 356657
2035 2036 357301
2036 2037 358329
2037 2038 358487
2038 2039 359402
2039 2040 360022
2040 2041 360784
2041 2042 361584
2042 2043 361738
2043 2044 362924
2044 2045 363230
2045 2046 364109
2046 2047 364389
2047 2048 365245
2048 2049 366064
2049 2050 366898
2050 2051 367260
2051 2052 368115
2052 2053 368561
2053 2054 369014
2054 2055 369797
2055 2056 370926
2056 2057 371596
2057 2058 372049
2058 2059 372608
2059 2060 373454
2060 2061 373886
2061 2062 374767
2062 2063 375289
2063 2064 375827
2064 2065 376741
2065 2066 377638
2066 2067 377881
2067 2068 378477
2068 2069 379247
2069 2070 380179
2070 2071 380425
2071 2072 381613
2072 2073 382014
2073 2074 382673
2074 2075 383257
2075 2076 384211
2076 2077 384429
2077 2078 385644
2078 2079 386118
2079 2080 386547
2080 2081 387409
2081 2082 387899
2082 2083 388406
2083 2084 389441
2084 2085 390242
2085 2086 390695
2086 2087 391024
2087 2088 392144
2088 2089 392602
2089 2090 393440
2090 2091 393842
2091 2092 394476
2092 2093 395546
2093 2094 396250
2094 2095 396699
2095 2096 397170
2096 2097 397823
2097 2098 398659
2098 2099 399287
2099 2100 399710
2100 2101 400927
2101 2102 401245
2102 2103 401756
2103 2104 402429
2104 2105 403533
2105 2106 404138
2106 2107 404723
2107 2108 405619
2108 2109 406263
2109 2110 406537
2110 2111 407464
2111 2112 408028
2112 2113 408644
2113 2114 409324
2114 2115 409779
2115 2116 410757
2116 2117 411227
2117 2118 412017
2118 2119 412813
2119 2120 413447
2120 2121 414096
2121 2122 414645
2122 2123 415068
2123 2124 415887
2124 2125 416588
2125 2126 417052
2126 2127 418243
2127 2128 418804
2128 2129 419403
2129 2130 419798
2130 2131 420879
2131 2132 421521
2132 2133 422111
2133 2134 422362
2134 2135 423115
2135 2136 423894
2136 2137 424789
2137 2138 425126
2138 2139 425843
2139 2140 426624
2140 2141 426933
2141 2142 427914
2142 2143 428593
2143 2144 429541
2144 2145 429888
2145 2146 430299
2146 2147 431356
2147 2148 431788
2148 2149 432866
2149 2150 433038
2150 2151 433983
2151 2152 434619
2152 2153 435649
2153 2154 436215
2154 2155 436791
2155 2156 437464
2156 2157 438130
2157 2158 438449
2158 2159 439178
2159 2160 440119
2160 2161 440533
2161 2162 441503
2162 2163 442274
2163 2164 442564
2164 2165 443142
2165 2166 443873
2166 2167 444708
2167 2168 445222
2168 2169 445679
2169 2170 446568
2170 2171 447623
2171 2172 447876
2172 2173 448449
2173 2174 449176
2174 2175 450244
2175 2176 450633
2176 2177 451231
2177 2178 452081
2178 2179 452749
2179 2180 453433
2180 2181 453667
2181 2182 454866
2182 2183 455299
2183 2184 456181
2184 2185 456483
2185 2186 457269
2186 2187 457727
2187 2188 458588
2188 2189 459053
2189 2190 459756
2190 2191 460580
2191 2192 461272
2192 2193 461724
2193 2194 462803
2194 2195 463386
2195 2196 463956
2196 2197 464767
2197 2198 465363
2198 2199 465723
2199 2200 466215
2200 2201 466956
2201 2202 468086
2202 2203 468387
2203 2204 469235
2204 2205 469687
2205 2206 470334
2206 2207 471178
2207 2208 472185
2208 2209 472262
2209 2210 473002
2210 2211 473858
2211 2212 474380
2212 2213 475102
2213 2214 475906
2214 2215 476507
2215 2216 476904
2216 2217 477831
2217 2218 478860
2218 2219 479021
2219 2220 479606
2220 2221 480741
2221 2222 481262
2222 2223 481632
2223 2224 482538
2224 2225 482960
2225 2226 484130
2226 2227 484845
2227 2228 485516
2228 2229 485865
2229 2230 486537
2230 2231 487042
2231 2232 488088
2232 2233 488520
2233 2234 489297
2234 2235 489578
2235 2236 490273
2236 2237 491408
2237 2238 491636
2238 2239 492649
2239 2240 493346
2240 2241 493782
2241 2242 494321
2242 2243 495077
2243 2244 495918
2244 2245 496589
2245 2246 497352
2246 2247 498047
2247 2248 498794
2248 2249 499099
2249 2250 499826
2250 2251 500409
2251 2252 501546
2252 2253 502105
2253 2254 502337
2254 2255 503096
2255 2256 503887
2256 2257 504317
2257 2258 505509
2258 2259 505640
2259 2260 506679
2260 2261 507099
2261 2262 507972
2262 2263 508400
2263 2264 508953
2264 2265 509859
2265 2266 510718
2266 2267 511538
2267 2268 511706
2268 2269 512793
2269 2270 512952
2270 2271 514111
2271 2272 514573
2272 2273 515269
2273 2274 516062
2274 2275 516533
2275 2276 517285
2276 2277 517542
2277 2278 518694
2278 2279 518875
2279 2280 519705
2280 2281 520239
2281 2282 521226
2282 2283 521730
2283 2284 522280
2284 2285 523538
2285 2286 523714
2286 2287 524533
2287 2288 525308
2288 2289 526077
2289 2290 526700
2290 2291 527090
2291 2292 527674
2292 2293 528328
2293 2294 528922
2294 2295 529636
2295 2296 530676
2296 2297 531008
2297 2298 531747
2298 2299 532666
2299 2300 533157
2300 2301 533931
2301 2302 534500
2302 2303 535408
2303 2304 536052
2304 2305 536545
2305 2306 537323
2306 2307 537562
2307 2308 538771
2308 2309 539240
2309 2310 539806
2310 2311 540349
2311 2312 540977
2312 2313 542079
2313 2314 542521
2314 2315 543372
2315 2316 543499
2316 2317 544274
2317 2318 545157
2318 2319 545935
2319 2320 546633
2320 2321 546911
2321 2322 548037
2322 2323 548498
2323 2324 549218
2324 2325 549828
2325 2326 550234
2326 2327 551319
2327 2328 552117
2328 2329 552700
2329 2330 553125
2330 2331 554013
2331 2332 554782
2332 2333 555048
2333 2334 555552
2334 2335 556679
2335 2336 556898
2336 2337 557983
2337 2338 558265
2338 2339 559131
2339 2340 559903
2340 2341 560706
2341 2342 561253
2342 2343 561551
2343 2344 562621
2344 2345 563325
2345 2346 563548
2346 2347 564635
2347 2348 565094
2348 2349 566139
2349 2350 566596
2350 2351 567245
2351 2352 568161
2352 2353 568252
2353 2354 569363
2354 2355 569998
2355 2356 570788
2356 2357 571256
2357 2358 571638
2358 2359 572411
2359 2360 573108
2360 2361 574081
2361 2362 574485
2362 2363 574864
2363 2364 575896
2364 2365 576468
2365 2366 577116
2366 2367 577965
2367 2368 578499
2368 2369 579112
2369 2370 579792
2370 2371 580646
2371 2372 580832
2372 2373 581489
2373 2374 582539
2374 2375 582953
2375 2376 583591
2376 2377 584649
2377 2378 585371
2378 2379 585567
2379 2380 586245
2380 2381 586840
2381 2382 587942
2382 2383 588434
2383 2384 589045
2384 2385 589602
2385 2386 590444
2386 2387 591406
2387 2388 591624
2388 2389 592291
2389 2390 593122
2390 2391 593968
2391 2392 594508
2392 2393 595368
2393 2394 595693
2394 2395 596136
2395 2396 597302
2396 2397 597990
2397 2398 598758
2398 2399 599406
2399 2400 600036
2400 2401 600511
2401 2402 600907
2402 2403 601961
2403 2404 602600
2404 2405 603083
2405 2406 604093
2406 2407 604544
2407 2408 605434
2408 2409 605615
2409 2410 606664
2410 2411 607067
2411 2412 607731
2412 2413 608348
2413 2414 609037
2414 2415 610082
2415 2416 610526
2416 2417 611270
2417 2418 611971
2418 2419 612361
2419 2420 613067
2420 2421 613619
2421 2422 614220
2422 2423 615203
2423 2424 616085
2424 2425 616527
2425 2426 616944
2426 2427 617803
2427 2428 618318
2428 2429 619266
2429 2430 619652
2430 2431 620487
2431 2432 620902
2432 2433 621672
2433 2434 622393
2434 2435 622830
2435 2436 623841
2436 2437 624238
2437 2438 624790
2438 2439 625580
2439 2440 626518
2440 2441 627396
2441 2442 627578
2442 2443 628650
2443 2444 628830
2444 2445 629866
2445 2446 630564
2446 2447 631242
2447 2448 631871
2448 2449 632133
2449 2450 633166
2450 2451 633543
2451 2452 634195
2452 2453 634834
2453 2454 636001
2454 2455 636341
2455 2456 637271
2456 2457 637828
2457 2458 638411
2458 2459 639276
2459 2460 639644
2460 2461 640264
2461 2462 641039
2462 2463 641608
2463 2464 642667
2464 2465 642750
2465 2466 643560
2466 2467 644583
2467 2468 645267
2468 2469 645501
2469 2470 646379
2470 2471 646880
2471 2472 647842
2472 2473 648185
2473 2474 648991
2474 2475 649755
2475 2476 650118
2476 2477 651366
2477 2478 651522
2478 2479 652763
2479 2480 653215
2480 2481 653677
2481 2482 654399
2482 2483 654900
2483 2484 655755
2484 2485 656446
2485 2486 657253
2486 2487 657990
2487 2488 658308
2488 2489 658728
2489 2490 659514
2490 2491 660592
2491 2492 661075
2492 2493 661685
2493 2494 662228
2494 2495 662924
2495 2496 663999
2496 2497 664559
2497 2498 665333
2498 2499 665832
2499 2500 666037
2500 2501 667001
2501 2502 667703
2502 2503 668248
2503 2504 668947
2504 2505 669934
2505 2506 670235
2506 2507 671062
2507 2508 671702
2508 2509 672295
2509 2510 672817
2510 2511 673533
2511 2512 674456
2512 2513 675223
2513 2514 675461
2514 2515 676345
2515 2516 677078
2516 2517 678059
2517 2518 678402
2518 2519 679373
2519 2520 679707
2520 2521 680067
2521 2522 681044
2522 2523 681645
2523 2524 682206
2524 2525 682886
2525 2526 683859
2526 2527 684177
2527 2528 684839
2528 2529 685693
2529 2530 686074
2530 2531 687303
2531 2532 687793
2532 2533 688154
2533 2534 689020
2534 2535 689458
2535 2536 690559
2536 2537 691148
2537 2538 691417
2538 2539 692487
2539 2540 693197
2540 2541 693584
2541 2542 694363
2542 2543 695146
2543 2544 695749
2544 2545 696360
2545 2546 696788
2546 2547 697651
2547 2548 698584
2548 2549 698893
2549 2550 699479
2550 2551 700266
2551 2552 701150
2552 2553 701614
2553 2554 702303
2554 2555 703079
2555 2556 703838
2556 2557 704136
2557 2558 704669
2558 2559 705957
2559 2560 706455
2560 2561 707028
2561 2562 707813
2562 2563 708508
2563 2564 708851
2564 2565 709912
2565 2566 710619
2566 2567 710702
2567 2568 711944
2568 2569 712072
2569 2570 712755
2570 2571 713337
2571 2572 714069
2572 2573 715020
2573 2574 715873
2574 2575 716350
2575 2576 716817
2576 2577 717374
2577 2578 717981
2578 2579 719145
2579 2580 719947
2580 2581 720323
2581 2582 720756
2582 2583 721335
2583 2584 722341
2584 2585 723046
2585 2586 723594
2586 2587 724112
2587 2588 724752
2588 2589 725438
2589 2590 726246
2590 2591 726738
2591 2592 727373
2592 2593 728406
2593 2594 729289
2594 2595 729363
2595 2596 730012
2596 2597 730832
2597 2598 731860
2598 2599 732194
2599 2600 733044
2600 2601 733502
2601 2602 734655
2602 2603 735276
2603 2604 735569
2604 2605 736266
2605 2606 737285
2606 2607 737331
2607 2608 738197
2608 2609 738989
2609 2610 739966
2610 2611 740035
2611 2612 741054
2612 2613 741371
2613 2614 742392
2614 2615 742810
2615 2616 743525
2616 2617 744619
2617 2618 744747
2618 2619 745857
2619 2620 746457
2620 2621 747249
2621 2622 747519
2622 2623 748378
2623 2624 749323
2624 2625 749993
2625 2626 750064
2626 2627 750843
2627 2628 751390
2628 2629 752297
2629 2630 752901
2630 2631 753778
2631 2632 754002
2632 2633 754708
2633 2634 755365
2634 2635 756071
2635 2636 756913
2636 2637 757870
2637 2638 758106
2638 2639 758677
2639 2640 759465
2640 2641 760202
2641 2642 760643
2642 2643 761839
2643 2644 762301
2644 2645 763284
2645 2646 763417
2646 2647 764139
2647 2648 764685
2648 2649 765725
2649 2650 765944
2650 2651 766675
2651 2652 767721
2652 2653 768277
2653 2654 769159
2654 2655 769707
2655 2656 770549
2656 2657 770635
2657 2658 771539
2658 2659 772140
2659 2660 773151
2660 2661 773744
2661 2662 774372
2662 2663 775051
2663 2664 775633
2664 2665 776356
2665 2666 776791
2666 2667 777642
2667 2668 778419
2668 2669 778930
2669 2670 779285
2670 2671 780375
2671 2672 780720
2672 2673 781304
2673 2674 782027
2674 2675 782613
2675 2676 783470
2676 2677 784187
2677 2678 785266
2678 2679 785588
2679 2680 786157
2680 2681 787224
2681 2682 787628
2682 2683 788162
2683 2684 789189
2684 2685 789465
2685 2686 790036
2686 2687 790770
2687 2688 791543
2688 2689 792388
2689 2690 792820
2690 2691 793465
2691 2692 794247
2692 2693 795192
2693 2694 795334
2694 2695 796231
2695 2696 797225
2696 2697 797767
2697 2698 798295
2698 2699 798843
2699 2700 799561
2700 2701 800413
2701 2702 800676
2702 2703 801859
2703 2704 802440
2704 2705 802672
2705 2706 803704
2706 2707 804020
2707 2708 804715
2708 2709 805458
2709 2710 806286
2710 2711 807171
2711 2712 807505
2712 2713 808309
2713 2714 809247
2714 2715 809810
2715 2716 810108
2716 2717 810802
2717 2718 811676
2718 2719 811941
2719 2720 812756
2720 2721 813791
2721 2722 813956
2722 2723 814592
2723 2724 815345
2724 2725 816181
2725 2726 816979
2726 2727 817617
2727 2728 818049
2728 2729 818786
2729 2730 819403
2730 2731 820344
2731 2732 820649
2732 2733 821761
2733 2734 821938
2734 2735 822728
2735 2736 823389
2736 2737 824351
2737 2738 824640
2738 2739 825219
2739 2740 826284
2740 2741 826910
2741 2742 827219
2742 2743 827948
2743 2744 829088
2744 2745 829250
2745 2746 829970
2746 2747 831163
2747 2748 831608
2748 2749 832240
2749 2750 833037
2750 2751 833771
2751 2752 834185
2752 2753 834777
2753 2754 835479
2754 2755 836275
2755 2756 837151
2756 2757 837530
2757 2758 838432
2758 2759 838860
2759 2760 839332
2760 2761 840001
2761 2762 840606
2762 2763 841402
2763 2764 842420
2764 2765 842899
2765 2766 843675
2766 2767 844082
2767 2768 844716
2768 2769 845763
2769 2770 846034
2770 2771 846520
2771 2772 847803
2772 2773 847926
2773 2774 848561
2774 2775 849447
2775 2776 850337
2776 2777 851091
2777 2778 851445
2778 2779 851984
2779 2780 852871
2780 2781 853567
2781 2782 854254
2782 2783 854902
2783 2784 855302
2784 2785 856304
2785 2786 857174
2786 2787 857803
2787 2788 858070
2788 2789 859103
2789 2790 859289
2790 2791 860324
2791 2792 861070
2792 2793 861633
2793 2794 862459
2794 2795 862534
2795 2796 863393
2796 2797 864000
2797 2798 864619
2798 2799 865459
2799 2800 865931
2800 2801 867007
2801 2802 867615
2802 2803 867992
2803 2804 868966
2804 2805 869272
2805 2806 870493
2806 2807 871021
2807 2808 871255
2808 2809 871914
2809 2810 872543
2810 2811 873591
2811 2812 874154
2812 2813 875085
2813 2814 875636
2814 2815 876176
2815 2816 876701
2816 2817 877501
2817 2818 877931
2818 2819 878780
2819 2820 879761
2820 2821 880426
2821 2822 880657
2822 2823 881785
2823 2824 882267
2824 2825 883061
2825 2826 883604
2826 2827 884195
2827 2828 884662
2828 2829 885250
2829 2830 886414
2830 2831 887085
2831 2832 887341
2832 2833 888029
2833 2834 888831
2834 2835 889635
2835 2836 890525
2836 2837 890954
2837 2838 891653
2838 2839 892240
2839 2840 892467
2840 2841 893284
2841 2842 894387
2842 2843 895015
2843 2844 895177
2844 2845 895947
2845 2846 896989
2846 2847 897443
2847 2848 898483
2848 2849 898948
2849 2850 899212
2850 2851 899979
2851 2852 900625
2852 2853 901145
2853 2854 902076
2854 2855 902976
2855 2856 903229
2856 2857 903891
2857 2858 905090
2858 2859 905794
2859 2860 906117
2860 2861 907082
2861 2862 907634
2862 2863 908349
2863 2864 908769
2864 2865 909632
2865 2866 909964
2866 2867 910953
2867 2868 911469
2868 2869 912514
2869 2870 912780
2870 2871 913187
2871 2872 913813
2872 2873 915123
2873 2874 915785
2874 2875 916280
2875 2876 917141
2876 2877 917661
2877 2878 917910
2878 2879 918834
2879 2880 919632
2880 2881 920059
2881 2882 920697
2882 2883 921669
2883 2884 921923
2884 2885 923072
2885 2886 923298
2886 2887 924168
2887 2888 925019
2888 2889 925459
2889 2890 926439
2890 2891 926863
2891 2892 927429
2892 2893 928419
2893 2894 928688
2894 2895 929586
2895 2896 930352
2896 2897 930839
2897 2898 931265
2898 2899 931878
2899 2900 932992
2900 2901 933584
2901 2902 933933
2902 2903 934575
2903 2904 935391
2904 2905 935851
2905 2906 936680
2906 2907 937761
2907 2908 938426
2908 2909 938613
2909 2910 939333
2910 2911 940234
2911 2912 940668
2912 2913 941223
2913 2914 942043
2914 2915 942948
2915 2916 943295
2916 2917 944311
2917 2918 944915
2918 2919 945230
2919 2920 946286
2920 2921 946487
2921 2922 947158
2922 2923 947826
2923 2924 948606
2924 2925 949588
2925 2926 949980
2926 2927 951084
2927 2928 951543
2928 2929 952117
2929 2930 952667
2930 2931 953330
2931 2932 953996
2932 2933 954904
2933 2934 955538
2934 2935 956024
2935 2936 956782
2936 2937 957403
2937 2938 957875
2938 2939 959049
2939 2940 959186
2940 2941 959800
2941 2942 961011
2942 2943 961569
2943 2944 962133
2944 2945 962785
2945 2946 963566
2946 2947 964040
2947 2948 964449
2948 2949 965380
2949 2950 966350
2950 2951 966444
2951 2952 967624
2952 2953 967736
2953 2954 968871
2954 2955 969418
2955 2956 970069
2956 2957 970622
2957 2958 971264
2958 2959 972257
2959 2960 972975
2960 2961 973718
2961 2962 974162
2962 2963 974638
2963 2964 975548
2964 2965 976183
2965 2966 976800
2966 2967 977250
2967 2968 978100
2968 2969 978956
2969 2970 979713
2970 2971 980250
2971 2972 980955
2972 2973 981425
2973 2974 981821
2974 2975 982448
2975 2976 983521
2976 2977 984082
2977 2978 984697
2978 2979 985283
2979 2980 986260
2980 2981 986612
2981 2982 987624
2982 2983 988206
2983 2984 988580
2984 2985 989585
2985 2986 989914
2986 2987 990576
2987 2988 991093
2988 2989 991998
2989 2990 992822
2990 2991 993119
2991 2992 993900
2992 2993 994800
2993 2994 995519
2994 2995 996192
2995 2996 996829
2996 2997 997695
2997 2998 998193
2998 2999 998739
