cc61ad56a4797fb3f5c9529f73ce6fcedd85669b
5
18 1 13 527703
9 16 351802
9 14 879505
1 9 175901
8 9 879505
9 13 175901
3 9 703604
6 9 175901
1 10 175901
8 17 527703
8 12 703604
5 8 351802
4 17 351802
4 15 175901
3 11 351802
2 6 175901
7 12 175901
0 12 703604
18 4 6 4472320
7 14 279520
0 14 698800
4 14 139760
5 14 698800
6 14 139760
3 14 559040
14 17 139760
4 13 139760
5 15 419280
2 5 559040
5 9 279520
1 15 279520
1 8 139760
3 12 279520
16 17 139760
2 10 139760
2 11 559040
19 0 10 20873104
15 16 559101
16 17 931835
9 16 559101
15 18 559101
13 15 186367
4 15 186367
10 18 931835
12 18 186367
10 14 372734
6 10 559101
4 7 372734
4 8 559101
5 14 186367
7 11 745468
0 11 559101
1 8 372734
3 5 186367
2 3 372734
19 4 8 16610
10 17 302
6 10 453
3 10 755
7 17 453
4 17 755
6 12 604
6 14 604
2 7 755
1 7 755
5 7 755
0 12 151
12 13 151
8 12 151
0 9 453
0 16 755
9 18 302
15 18 151
1 11 755
18 9 10 4041408
3 6 260736
3 10 325920
1 3 65184
2 10 65184
10 15 260736
2 5 195552
2 8 65184
2 12 65184
0 1 65184
1 11 130368
1 16 195552
0 7 260736
7 17 195552
4 7 325920
7 13 195552
7 14 195552
9 11 325920
