cc61ad56a4797fb3f5c9529f73ce6fcedd85669b
2
44 16 42 39005566
31 34 546807
28 31 182269
24 31 546807
1 31 729076
31 37 546807
10 31 729076
11 34 182269
6 34 546807
8 34 911345
27 34 182269
21 34 182269
28 43 182269
0 28 364538
11 33 182269
11 13 546807
11 32 729076
6 25 364538
6 23 911345
3 6 729076
6 26 911345
6 36 729076
22 43 182269
19 43 911345
7 43 364538
1 29 364538
1 41 182269
8 17 911345
14 33 729076
33 42 364538
12 33 546807
4 29 364538
14 20 546807
9 22 729076
18 25 364538
30 37 182269
9 39 364538
30 38 546807
2 10 546807
15 18 364538
16 18 364538
5 15 364538
13 40 911345
13 35 546807
44 14 16 14669820
4 28 200043
28 39 66681
15 28 200043
9 28 266724
17 28 200043
28 38 266724
4 13 66681
4 19 200043
4 40 333405
1 4 66681
4 26 66681
35 39 66681
37 39 133362
13 25 66681
13 24 200043
12 13 266724
19 43 133362
6 19 333405
5 19 266724
19 42 333405
8 19 266724
34 35 66681
30 35 333405
35 41 133362
3 9 133362
9 10 66681
29 40 333405
18 25 266724
16 25 133362
11 25 200043
3 32 133362
18 33 200043
27 34 266724
36 43 133362
17 31 66681
21 27 133362
0 31 200043
20 38 200043
7 36 133362
14 36 133362
7 23 133362
22 24 333405
2 24 200043
