cc61ad56a4797fb3f5c9529f73ce6fcedd85669b
1
96 84 89 322172170266789279
59 67 633758
35 83 103776
62 69 201021
12 83 457669
23 31 16415
58 75 544975
57 82 25599
5 63 170193
4 69 298611
50 69 17985
40 75 42493
25 58 52116
15 37 664001
13 25 71685
40 77 752336
92 94 251061
19 51 853794
52 89 232557
15 36 296227
54 72 600831
48 87 496612
14 41 176842
34 47 414514
6 87 488091
19 70 231876
60 65 276465
64 95 559885
47 64 394905
6 53 986674
40 67 430776
70 88 718870
26 86 668583
11 21 251920
43 61 516280
12 84 900606
4 88 206743
21 28 754675
14 55 101516
11 26 429131
18 95 679197
15 44 684256
26 88 503185
16 70 929109
63 89 104143
25 84 2575
18 80 769380
10 19 700036
67 68 920675
11 94 549227
0 34 669350
4 65 739987
68 76 562547
45 83 467536
8 56 150843
9 41 594832
30 78 300924
38 78 389451
33 69 427269
37 48 888025
4 31 829529
20 32 7005
16 77 607149
8 77 389087
39 77 751180
24 93 994744
4 5 973275
14 42 666598
9 49 809206
9 73 429951
32 60 268088
7 89 857411
2 17 739738
9 93 6282
40 71 428531
57 78 594524
3 11 521437
3 79 336671
61 67 727608
16 22 653483
66 92 641992
14 61 854266
8 17 507130
46 50 474427
72 77 456388
27 76 972741
30 76 732905
74 80 433641
70 80 133468
80 90 467552
65 85 855100
1 85 489763
36 63 615230
36 81 977818
29 66 506793
80 91 663084
