cc61ad56a4797fb3f5c9529f73ce6fcedd85669b
1
100 17 85 135644282
53 69 515082
4 13 65846
73 97 261373
47 49 111582
43 49 197806
12 59 583967
58 92 470380
18 70 297392
9 36 115677
87 97 507575
31 83 984667
21 85 832117
71 80 294632
62 84 479439
0 83 941584
89 97 18426
16 87 231642
1 52 78337
59 66 258154
75 87 732918
59 70 892662
2 24 248435
13 56 271523
86 96 509644
10 61 905083
29 77 934739
13 17 733197
44 50 636678
19 86 50210
47 77 474073
1 15 998039
5 9 887708
83 87 399452
95 98 523466
29 35 839303
30 79 386477
11 51 334614
94 98 101552
74 97 42240
27 37 614723
7 10 104438
15 84 862181
15 92 496955
24 27 164369
68 87 735325
62 82 199623
50 83 122639
38 70 499573
56 63 974820
25 99 732290
97 98 796778
53 61 136376
61 97 580577
26 29 626508
4 42 180118
13 80 947530
18 36 716193
21 25 823585
64 96 973943
34 38 913673
39 77 310701
57 93 891276
84 87 419402
67 84 451064
51 86 407559
78 97 650976
84 91 116901
5 88 657097
55 65 671979
55 59 534072
45 62 525947
24 76 178390
46 48 976528
10 14 64573
8 10 132887
6 83 647201
40 91 16934
28 85 958942
33 64 447581
10 54 704601
36 79 459928
3 86 599318
32 83 782542
41 51 462486
55 72 483273
16 51 157611
29 62 862082
20 32 103130
28 89 532248
24 84 637034
22 86 312493
3 81 113359
48 64 198301
13 92 111086
71 93 783004
23 86 779533
70 84 866027
60 96 327961
48 90 188215
