cc61ad56a4797fb3f5c9529f73ce6fcedd85669b
1
86 50 75 88037663
23 50 441
23 69 968436
10 69 593880
10 20 343
17 20 513765
17 22 375536
3 22 98
23 75 490
23 82 98
23 80 392
23 26 147
58 75 490
75 79 196
75 76 441
24 58 441
15 58 98
58 78 196
12 58 294
58 62 392
24 53 490
24 66 490
14 24 196
24 33 490
24 63 147
24 84 343
38 53 294
53 56 441
16 82 196
1 82 294
47 66 196
34 66 490
16 19 245
15 30 294
15 25 441
30 49 392
79 83 343
37 38 245
13 38 49
33 52 147
1 6 245
1 70 441
8 49 49
37 64 294
63 74 392
9 74 294
6 45 441
4 8 49
11 13 392
17 21 245
17 85 441
17 54 98
17 28 441
17 65 245
21 51 490
21 43 441
40 85 245
48 85 343
0 40 490
18 40 343
31 40 196
54 61 196
27 28 49
28 39 294
28 81 147
28 41 49
35 48 490
0 46 98
0 32 392
27 68 147
27 42 490
27 29 343
18 72 49
2 39 392
57 81 392
67 81 490
5 68 49
55 72 98
57 60 392
35 71 441
5 7 392
36 42 343
2 77 294
44 77 245
44 73 490
59 73 245
