cc61ad56a4797fb3f5c9529f73ce6fcedd85669b
2
56 41 49 27048
2 41 490
2 15 950257
15 24 857990
1 24 49
1 37 216237
23 37 933842
23 45 49
2 49 441
2 52 98
2 20 490
2 35 245
22 49 245
8 49 245
51 52 49
38 52 441
17 52 392
47 51 343
38 50 98
19 38 294
12 20 49
25 50 245
6 25 196
7 25 294
25 54 98
4 6 147
6 42 294
6 30 490
22 34 147
16 34 343
3 34 196
7 27 196
16 33 196
17 46 147
10 17 98
13 17 245
28 46 196
21 46 49
31 47 245
0 37 49
37 53 196
37 44 49
37 55 392
0 43 490
26 53 343
39 53 343
29 53 245
14 53 343
11 53 441
5 26 343
26 36 196
18 44 441
9 39 294
32 55 343
18 48 196
5 40 196
43 6 15 1911
15 20 147
20 35 71834
21 35 591087
18 21 49
3 18 487991
3 11 897239
9 11 98
6 20 147
4 20 147
20 36 343
20 37 392
6 22 294
6 42 98
6 38 49
6 34 147
4 5 490
12 42 343
10 12 196
32 38 98
25 38 294
5 14 343
30 34 441
29 34 147
17 37 147
3 7 196
3 8 343
3 24 245
7 39 196
8 23 294
0 8 245
24 26 490
23 40 196
0 1 392
0 33 98
1 41 343
2 33 147
27 39 343
28 39 490
27 31 196
19 27 147
16 40 294
13 40 49
