cc61ad56a4797fb3f5c9529f73ce6fcedd85669b
5
16 1 15 3528
13 15 343
10 13 516754
10 11 860685
3 11 147
3 14 238189
7 14 399644
7 8 98
1 13 392
9 13 294
1 4 441
5 9 98
5 12 441
2 14 196
2 6 147
0 2 392
25 11 24 10578301
11 15 3451
3 15 144449
3 8 65569
9 19 32538
19 20 28101
12 20 3944
15 24 90712
6 19 13311
18 24 2958
0 6 986
6 17 2958
1 6 493
9 23 2958
9 22 131138
2 9 4437
8 22 130645
14 22 1479
7 22 3944
10 22 1972
4 8 3944
14 21 2958
13 14 2958
5 14 3944
7 16 986
25 8 18 9551875
8 22 3451
9 22 15776
6 9 90712
7 24 70992
3 24 1479
3 20 493
18 22 98107
23 24 73457
4 18 3944
4 16 3451
4 15 3944
15 19 4930
0 23 1972
1 23 4930
12 23 986
1 2 4437
11 14 84796
13 14 1972
5 14 986
14 17 84796
7 11 85782
10 11 986
13 21 493
6 17 84796
14 3 11 1372
10 11 245
8 10 247009
5 8 840399
5 7 245
1 7 882441
1 2 426300
2 4 245
3 10 147
10 13 490
3 9 147
6 9 98
0 1 490
1 12 147
15 9 14 12144258
6 14 196
1 6 463491
1 12 127596
10 12 343
10 13 856618
3 13 901747
3 4 147
6 9 294
0 6 147
9 11 147
0 8 49
7 13 196
2 13 392
5 7 392
