cc61ad56a4797fb3f5c9529f73ce6fcedd85669b
6
91 20 51 2887570
33 75 34790
51 75 139160
28 75 34790
59 75 34790
64 75 69580
23 75 104370
24 33 69580
33 41 69580
2 33 104370
33 65 173950
33 49 69580
29 51 139160
51 83 139160
4 28 104370
28 34 69580
27 28 173950
4 79 34790
4 55 173950
22 29 139160
29 50 104370
19 59 69580
59 90 69580
59 78 34790
3 24 173950
6 24 139160
19 80 139160
34 45 69580
63 80 139160
66 80 34790
16 80 104370
32 80 69580
67 80 34790
77 79 104370
26 79 139160
61 63 34790
66 76 173950
48 66 104370
38 66 69580
45 87 139160
13 45 173950
40 76 173950
73 76 69580
3 8 69580
41 46 34790
14 41 34790
41 43 104370
2 47 34790
2 30 173950
2 56 104370
16 44 69580
16 58 69580
16 37 69580
21 90 173950
12 40 34790
36 40 139160
46 71 173950
46 70 173950
42 46 173950
1 46 69580
46 69 173950
48 52 104370
20 48 69580
17 48 104370
8 10 34790
55 89 139160
0 73 104370
5 73 139160
39 64 139160
32 85 139160
25 32 69580
30 35 104370
49 82 69580
22 54 173950
52 86 173950
11 52 104370
18 52 173950
27 81 69580
10 57 173950
57 84 69580
7 50 104370
12 31 104370
12 68 104370
37 72 139160
60 84 173950
31 62 34790
86 88 173950
9 72 139160
15 67 69580
61 74 173950
53 88 104370
91 1 25 185122331
58 60 171251
1 60 685004
33 60 171251
34 60 171251
36 60 342502
12 60 513753
55 58 342502
30 58 342502
58 84 513753
14 58 856255
29 58 342502
1 85 685004
1 66 685004
33 70 513753
33 54 342502
33 48 856255
52 70 171251
70 73 856255
53 85 685004
56 85 513753
15 34 342502
34 42 342502
34 46 171251
55 81 856255
2 55 685004
15 35 685004
19 54 342502
28 35 685004
23 35 171251
9 35 513753
0 35 342502
13 35 171251
52 87 513753
52 90 685004
28 50 171251
23 24 856255
23 39 513753
23 44 342502
11 19 685004
16 19 856255
4 24 856255
3 24 342502
61 81 342502
30 67 171251
30 31 171251
30 74 513753
84 86 171251
6 84 856255
75 84 513753
9 82 342502
9 38 342502
9 17 342502
18 42 856255
4 78 171251
4 64 685004
62 67 856255
67 76 856255
7 67 856255
47 67 342502
21 67 856255
39 69 513753
25 39 342502
20 39 513753
22 61 171251
68 73 685004
3 63 513753
3 65 685004
36 41 685004
0 49 685004
0 71 342502
6 51 513753
29 83 342502
8 53 856255
32 69 856255
59 69 513753
69 79 856255
48 80 342502
5 22 856255
5 89 342502
56 88 513753
72 78 513753
27 78 513753
17 40 685004
77 89 856255
37 72 171251
32 45 856255
40 57 685004
13 26 342502
43 50 856255
10 45 513753
91 27 80 51943950
9 24 47655
9 27 190620
9 38 47655
9 23 47655
9 44 95310
9 58 142965
24 53 95310
4 24 95310
24 31 142965
24 74 238275
1 24 95310
27 71 190620
8 27 190620
38 68 142965
38 81 95310
38 61 238275
68 90 47655
21 68 238275
22 71 190620
71 75 142965
23 89 95310
17 23 95310
0 23 47655
5 53 238275
53 73 190620
55 89 190620
7 81 95310
55 82 190620
51 55 47655
48 55 142965
16 55 95310
55 76 47655
56 90 142965
39 90 190620
82 85 47655
51 86 238275
3 51 142965
42 51 95310
7 15 190620
7 29 238275
60 86 238275
50 86 95310
5 32 95310
4 83 47655
4 45 47655
4 14 142965
31 47 47655
31 52 238275
12 31 142965
48 84 95310
33 48 95310
19 48 95310
13 17 238275
11 60 47655
60 70 190620
66 83 238275
43 83 238275
10 83 238275
83 87 95310
59 83 238275
3 41 142965
3 80 95310
3 63 142965
32 67 47655
21 49 190620
50 69 142965
50 77 190620
20 44 190620
6 16 190620
16 62 95310
25 52 142965
1 36 95310
22 37 238275
41 54 238275
41 65 142965
18 41 238275
61 78 95310
35 67 238275
2 35 95310
75 88 142965
11 57 142965
11 28 142965
19 46 190620
2 79 238275
57 72 47655
54 64 238275
30 46 190620
34 76 95310
40 85 238275
26 64 142965
91 19 45 113836056
28 29 96308
19 28 385232
4 28 96308
17 28 96308
23 28 192616
28 89 288924
29 64 192616
29 60 192616
16 29 288924
0 29 481540
29 30 192616
19 78 385232
19 40 385232
4 62 288924
4 66 192616
4 6 481540
61 62 96308
62 90 481540
39 78 385232
2 78 288924
17 41 192616
14 17 192616
17 55 96308
10 64 481540
8 64 385232
41 87 385232
66 80 192616
74 87 385232
43 87 96308
57 87 288924
1 87 192616
75 87 96308
13 61 288924
22 61 385232
7 74 96308
43 49 481540
43 52 288924
18 43 192616
42 80 385232
77 80 481540
49 85 481540
49 58 192616
10 11 192616
27 60 96308
54 60 96308
9 60 288924
16 69 96308
16 72 481540
16 31 288924
38 57 192616
47 57 192616
20 57 192616
14 53 481540
79 85 96308
34 85 385232
27 65 481540
3 27 481540
27 82 481540
27 32 192616
27 44 481540
24 52 288924
45 52 192616
15 52 288924
11 56 96308
88 90 385232
5 58 288924
12 58 385232
21 23 385232
1 25 385232
1 37 192616
72 86 288924
30 35 192616
39 63 481540
24 36 481540
24 71 288924
24 84 481540
6 26 192616
56 76 481540
68 76 192616
2 70 288924
59 79 288924
67 79 288924
20 81 385232
48 68 481540
59 73 96308
36 83 481540
46 81 385232
33 75 192616
7 50 481540
51 83 288924
94 27 29 107119725
7 9 414657
7 57 691095
9 34 552876
9 60 414657
9 64 138219
9 92 414657
9 76 552876
9 40 691095
34 81 552876
34 47 691095
36 60 138219
43 60 414657
60 75 138219
11 64 138219
64 85 552876
20 64 691095
50 64 691095
64 72 414657
64 80 691095
48 64 276438
81 89 138219
55 81 414657
62 81 276438
81 87 552876
71 92 138219
91 92 552876
37 92 138219
68 92 276438
11 19 138219
11 21 552876
36 83 552876
14 76 552876
56 71 276438
38 71 552876
6 71 276438
43 78 138219
43 88 414657
43 54 276438
79 85 552876
41 85 552876
28 85 276438
66 79 138219
70 79 691095
44 79 691095
20 42 138219
25 50 276438
33 50 552876
41 51 138219
18 66 691095
19 93 552876
59 89 552876
45 56 138219
13 56 691095
31 56 414657
37 63 276438
27 37 276438
28 39 691095
55 65 414657
5 93 138219
84 93 414657
12 93 276438
22 93 552876
2 51 138219
29 70 276438
26 70 691095
14 15 276438
49 75 138219
10 62 552876
33 61 276438
30 45 414657
16 30 691095
17 30 414657
30 35 552876
39 74 691095
39 90 552876
13 32 691095
4 74 552876
0 57 276438
1 61 552876
44 52 414657
12 23 691095
1 69 138219
6 8 276438
6 24 276438
46 68 691095
68 82 138219
69 86 691095
31 58 691095
3 52 276438
73 82 414657
53 90 552876
22 67 276438
23 77 276438
40 10 18 6268075
2 16 45586
2 26 91172
2 7 45586
2 32 68379
16 37 22793
16 21 22793
16 20 91172
16 25 113965
4 16 45586
16 38 68379
35 37 113965
31 37 91172
9 21 45586
12 21 68379
11 20 45586
20 22 91172
8 20 45586
20 29 45586
11 18 68379
1 11 91172
11 34 22793
11 19 45586
11 13 22793
6 11 22793
5 18 68379
26 39 22793
26 33 45586
25 28 45586
10 25 113965
30 39 113965
1 36 91172
12 15 91172
12 27 22793
4 14 45586
0 35 91172
17 34 68379
3 19 22793
14 24 113965
0 23 45586
