cc61ad56a4797fb3f5c9529f73ce6fcedd85669b
5
100 15 64 1404484469
0 1 128802
1 2 188278
2 3 342236
3 4 861870
4 5 180842
5 6 582605
6 7 141745
7 8 321094
8 9 609430
9 10 562026
10 11 101124
11 12 786046
12 13 249739
13 14 914663
14 15 631973
15 16 722690
16 17 90453
17 18 795664
18 19 119337
19 20 767566
20 21 81438
21 22 631331
22 23 597218
23 24 664243
24 25 995956
25 26 414033
26 27 373224
27 28 143825
28 29 559430
29 30 378042
30 31 187666
31 32 989787
32 33 612263
33 34 515893
34 35 146045
35 36 880725
36 37 457225
37 38 590405
38 39 704323
39 40 419352
40 41 888003
41 42 293092
42 43 167557
43 44 482765
44 45 905932
45 46 402555
46 47 525346
47 48 876781
48 49 835708
49 50 268839
50 51 840892
51 52 669319
52 53 595409
53 54 167094
54 55 507002
55 56 713465
56 57 536871
57 58 821927
58 59 92096
59 60 581301
60 61 111551
61 62 245421
62 63 889848
63 64 620478
64 65 730169
65 66 498476
66 67 493004
67 68 6952
68 69 435225
69 70 674554
70 71 436328
71 72 856090
72 73 140293
73 74 280991
74 75 345212
75 76 187919
76 77 626692
77 78 330901
78 79 588984
79 80 151376
80 81 887936
81 82 106759
82 83 138126
83 84 591675
84 85 47364
85 86 168213
86 87 583220
87 88 267519
88 89 639039
89 90 732239
90 91 951710
91 92 551325
92 93 909183
93 94 712565
94 95 512519
95 96 959272
96 97 146806
97 98 535741
98 99 402025
100 30 65 1476852409
0 1 48319
1 2 846059
2 3 986938
3 4 143035
4 5 318282
5 6 582308
6 7 498580
7 8 559251
8 9 716553
9 10 426762
10 11 408960
11 12 407377
12 13 702910
13 14 113290
14 15 861400
15 16 711330
16 17 196784
17 18 819940
18 19 771099
19 20 980327
20 21 666595
21 22 773864
22 23 617896
23 24 990450
24 25 774561
25 26 395705
26 27 622720
27 28 888775
28 29 734068
29 30 485902
30 31 121672
31 32 91356
32 33 254824
33 34 156908
34 35 129220
35 36 904024
36 37 853773
37 38 80812
38 39 958685
39 40 907415
40 41 733043
41 42 440571
42 43 328027
43 44 574563
44 45 108333
45 46 240148
46 47 861804
47 48 209532
48 49 919118
49 50 702023
50 51 813403
51 52 125905
52 53 553390
53 54 633526
54 55 177752
55 56 410692
56 57 166372
57 58 501010
58 59 458166
59 60 673898
60 61 902925
61 62 665825
62 63 892647
63 64 497224
64 65 706500
65 66 632187
66 67 731906
67 68 825558
68 69 628391
69 70 143816
70 71 395582
71 72 873151
72 73 443032
73 74 518403
74 75 543859
75 76 886367
76 77 789113
77 78 522681
78 79 939295
79 80 695235
80 81 973550
81 82 446986
82 83 794015
83 84 375660
84 85 284574
85 86 79143
86 87 560433
87 88 70476
88 89 542386
89 90 242706
90 91 367672
91 92 970054
92 93 843156
93 94 929440
94 95 239031
95 96 692018
96 97 812401
97 98 349369
98 99 670804
100 6 12 1265247895
0 1 226902
1 2 919469
2 3 792855
3 4 448898
4 5 340904
5 6 426788
6 7 526403
7 8 233434
8 9 740947
9 10 499671
10 11 758065
11 12 253452
12 13 609991
13 14 919256
14 15 889877
15 16 299035
16 17 769298
17 18 956264
18 19 586154
19 20 462040
20 21 954726
21 22 171707
22 23 465066
23 24 59562
24 25 703191
25 26 496888
26 27 323345
27 28 665415
28 29 20314
29 30 929462
30 31 993181
31 32 947640
32 33 241927
33 34 294080
34 35 811984
35 36 903384
36 37 153944
37 38 589713
38 39 369004
39 40 873365
40 41 252391
41 42 602648
42 43 859829
43 44 738797
44 45 659059
45 46 772469
46 47 22706
47 48 928818
48 49 144475
49 50 98874
50 51 847596
51 52 404678
52 53 491872
53 54 571114
54 55 7085
55 56 336287
56 57 707943
57 58 659324
58 59 500418
59 60 209796
60 61 390325
61 62 961944
62 63 996089
63 64 261261
64 65 252528
65 66 247640
66 67 121827
67 68 914086
68 69 910564
69 70 440264
70 71 51666
71 72 552332
72 73 922043
73 74 255015
74 75 878876
75 76 16014
76 77 864003
77 78 850083
78 79 733718
79 80 869388
80 81 789548
81 82 245152
82 83 52952
83 84 980155
84 85 885255
85 86 616753
86 87 592511
87 88 368927
88 89 179911
89 90 166237
90 91 865894
91 92 475471
92 93 709571
93 94 970843
94 95 250219
95 96 761973
96 97 902770
97 98 499285
98 99 308848
100 7 87 1522873952
0 1 756055
1 2 939742
2 3 340335
3 4 163810
4 5 285317
5 6 599629
6 7 716376
7 8 64451
8 9 549407
9 10 989322
10 11 835557
11 12 412092
12 13 231759
13 14 356887
14 15 957561
15 16 630450
16 17 215551
17 18 94667
18 19 866392
19 20 716475
20 21 504028
21 22 843530
22 23 684966
23 24 110495
24 25 411604
25 26 459280
26 27 81771
27 28 168920
28 29 560536
29 30 675814
30 31 747281
31 32 840402
32 33 570522
33 34 480426
34 35 866788
35 36 496235
36 37 782927
37 38 428108
38 39 909520
39 40 140403
40 41 599598
41 42 616907
42 43 191079
43 44 799341
44 45 199087
45 46 832443
46 47 383512
47 48 56652
48 49 442765
49 50 196289
50 51 932216
51 52 815926
52 53 216324
53 54 759572
54 55 39548
55 56 630020
56 57 862738
57 58 550142
58 59 928828
59 60 400063
60 61 934201
61 62 714585
62 63 578802
63 64 187940
64 65 134331
65 66 449618
66 67 775864
67 68 582241
68 69 233629
69 70 831529
70 71 199181
71 72 649493
72 73 140772
73 74 145518
74 75 298640
75 76 450195
76 77 190106
77 78 875845
78 79 827523
79 80 831135
80 81 715209
81 82 449635
82 83 952841
83 84 467631
84 85 808254
85 86 371726
86 87 849383
87 88 419114
88 89 52039
89 90 42399
90 91 929798
91 92 225644
92 93 805109
93 94 47491
94 95 87343
95 96 417152
96 97 531738
97 98 326134
98 99 941069
100 42 60 998665963
0 1 445998
1 2 183944
2 3 110176
3 4 337813
4 5 261570
5 6 167758
6 7 376495
7 8 872855
8 9 180698
9 10 986379
10 11 912851
11 12 857935
12 13 23913
13 14 149956
14 15 361834
15 16 894870
16 17 27462
17 18 456946
18 19 824658
19 20 24020
20 21 77352
21 22 453950
22 23 781355
23 24 631300
24 25 291496
25 26 191620
26 27 161496
27 28 332468
28 29 397954
29 30 932628
30 31 270845
31 32 195842
32 33 648787
33 34 999148
34 35 451841
35 36 917599
36 37 377308
37 38 230398
38 39 280461
39 40 852175
40 41 190909
41 42 46768
42 43 793740
43 44 889831
44 45 952058
45 46 523351
46 47 42344
47 48 962701
48 49 153017
49 50 681722
50 51 244499
51 52 111676
52 53 837634
53 54 467540
54 55 150907
55 56 973692
56 57 456317
57 58 31250
58 59 529171
59 60 192045
60 61 34038
61 62 20113
62 63 269776
63 64 450493
64 65 489500
65 66 415457
66 67 928681
67 68 439148
68 69 363837
69 70 152772
70 71 277270
71 72 607503
72 73 350604
73 74 151790
74 75 15570
75 76 337610
76 77 592283
77 78 709062
78 79 440345
79 80 957780
80 81 533152
81 82 22436
82 83 930858
83 84 25654
84 85 639027
85 86 785808
86 87 505413
87 88 190220
88 89 744846
89 90 780937
90 91 311789
91 92 448770
92 93 372363
93 94 737979
94 95 495654
95 96 177815
96 97 506089
97 98 137287
98 99 522679
