cc61ad56a4797fb3f5c9529f73ce6fcedd85669b
3
150 3 12 30376497
12 115 602904
115 124 105
32 124 502
32 57 525
57 99 559
30 99 785
30 125 171
38 125 902
38 50 351
50 105 510
9 105 717
9 18 928
18 103 585
103 116 521
78 116 161
78 114 640
49 114 282
42 49 602
42 45 863
5 45 268
5 131 525
129 131 807
37 129 962
2 37 838
2 72 627
72 148 931
7 148 781
7 39 7
3 39 953205
12 31 268
12 110 820
31 79 837
79 128 320
92 115 344
46 115 667
46 58 594
58 133 659
106 124 222
70 124 940
106 113 458
17 70 574
32 52 1
10 32 994
52 56 972
10 29 13
57 91 463
20 57 708
0 91 258
0 88 734
41 99 429
99 139 273
26 41 373
41 51 596
30 144 477
30 65 319
6 30 12
8 144 777
109 125 839
104 125 702
104 136 479
104 121 747
4 38 308
4 94 952
53 94 757
66 94 132
50 142 547
81 142 602
89 142 744
81 84 917
48 105 503
85 105 291
48 98 467
85 93 361
9 96 398
9 135 288
9 111 768
96 119 878
18 77 715
18 97 487
18 101 643
64 77 319
95 103 652
59 103 908
95 149 404
59 67 999
60 116 212
116 143 961
116 137 882
60 73 233
78 90 368
78 127 618
90 107 599
127 145 22
114 147 749
76 114 283
114 146 191
76 140 738
25 49 574
49 120 162
25 122 830
25 33 185
42 102 994
42 117 928
69 102 331
63 69 825
45 61 772
34 61 802
43 61 796
35 43 980
5 71 208
44 71 483
1 44 965
44 82 472
131 134 915
118 131 294
132 134 28
21 118 907
11 129 26
15 129 486
11 27 769
27 138 351
19 37 882
36 37 406
19 80 104
14 80 770
2 75 109
2 16 864
28 75 761
13 16 711
72 108 890
74 108 979
22 108 309
74 130 989
23 148 989
55 148 267
23 123 705
24 123 726
7 54 618
7 86 918
54 141 961
62 86 440
39 47 661
39 40 867
47 100 1000
47 68 582
3 112 884
3 87 426
112 126 949
83 112 287
150 1 60 78981235
32 60 817685
32 54 754
54 71 754
30 71 194
30 132 73
103 132 101
95 103 544
95 120 444
14 120 260
14 69 859
36 69 418
17 36 609
17 35 829
35 40 558
40 99 302
52 99 183
52 64 594
64 148 524
133 148 805
65 133 203
65 66 276
66 85 662
73 85 24
73 92 431
92 142 422
78 142 251
24 78 940
22 24 140
1 22 756534
38 60 736
60 61 658
34 38 364
61 84 420
32 59 544
32 134 391
59 93 859
59 115 404
39 54 35
54 119 573
54 101 365
39 43 1
8 71 724
71 121 421
71 80 627
8 63 838
4 30 425
30 56 531
3 4 783
20 56 636
102 132 751
67 102 192
2 102 27
67 86 611
103 105 329
37 103 50
103 111 716
26 37 862
95 129 604
23 95 749
95 97 604
23 70 694
5 120 996
120 144 661
47 144 995
12 47 803
14 25 735
14 100 85
25 137 385
6 25 161
69 140 97
27 69 473
69 124 756
74 140 322
36 127 277
36 48 95
48 96 313
0 96 512
17 33 658
17 57 636
17 62 787
33 76 308
35 122 858
35 131 904
122 125 813
116 122 13
11 40 91
11 106 591
11 55 33
106 109 692
99 139 169
91 139 302
91 128 501
128 141 243
52 145 297
52 88 967
52 149 163
29 88 996
64 72 647
72 107 950
104 107 396
107 118 743
146 148 335
75 148 616
13 148 748
7 146 368
112 133 919
112 126 314
126 147 910
90 147 862
65 79 642
41 65 746
19 79 214
19 83 570
53 66 790
31 53 108
44 53 592
44 89 21
82 85 814
81 85 19
46 82 710
82 138 477
42 73 863
42 58 537
18 42 582
42 68 841
92 94 286
28 94 810
21 94 342
28 143 491
130 142 815
98 142 965
110 142 715
110 135 277
78 114 86
77 78 292
16 114 327
16 108 856
10 24 577
10 50 436
10 123 403
15 123 964
22 45 652
22 136 648
45 51 857
117 136 619
1 87 130
1 9 690
1 113 563
9 49 740
150 71 74 41879922
18 74 508420
18 80 836
22 80 388
22 89 258
75 89 140
75 107 60
17 107 402
17 34 549
34 53 44
53 116 140
116 130 645
8 130 63
8 41 397
41 102 167
19 102 443
19 124 971
27 124 550
27 137 637
63 137 315
63 110 89
3 110 417
3 65 659
58 65 864
58 106 831
106 139 360
16 139 268
16 131 998
39 131 586
39 71 673471
74 95 710
74 104 78
87 95 201
9 95 812
18 90 316
5 18 633
1 90 647
5 88 91
80 113 757
54 80 764
54 138 791
132 138 203
22 33 919
22 43 151
12 33 882
12 122 18
4 89 101
89 144 391
4 143 572
123 143 821
50 75 108
38 75 833
29 50 439
29 126 302
20 107 649
61 107 20
13 20 400
13 14 164
17 105 96
78 105 899
105 145 618
78 117 298
34 93 198
31 93 157
31 52 922
52 134 237
53 98 695
48 53 931
53 133 935
98 101 762
115 116 327
116 135 684
85 115 992
85 111 982
57 130 716
40 57 297
57 108 796
40 129 770
8 66 433
8 96 251
66 79 724
36 96 526
41 64 100
25 41 811
64 83 508
25 97 909
37 102 560
10 102 28
37 81 613
10 21 631
19 94 578
70 94 283
94 119 11
94 148 817
59 124 95
55 59 253
44 59 772
56 59 79
27 32 563
27 46 383
28 32 334
42 46 513
15 137 386
49 137 276
15 77 870
15 45 614
47 63 722
63 73 537
6 63 504
6 51 529
2 110 638
110 136 884
2 128 226
136 140 536
3 149 396
3 68 495
141 149 230
30 68 421
7 65 503
7 127 272
7 69 939
7 118 351
58 146 668
58 147 268
58 92 636
58 91 121
0 106 392
0 35 686
35 103 150
103 112 585
60 139 727
24 139 97
26 60 219
60 76 29
16 120 117
114 120 529
114 125 414
99 125 640
11 131 696
67 131 634
11 121 98
11 23 110
39 100 460
39 82 832
62 100 620
82 84 186
71 86 172
71 72 260
86 142 42
72 109 598
