cc61ad56a4797fb3f5c9529f73ce6fcedd85669b
3
150 105 109 630789823
105 126 936140
87 126 132454
72 87 684806
19 72 207062
19 143 980263
63 143 36108
21 63 912987
21 97 87574
36 97 312388
36 141 398392
141 148 17037
102 148 280285
86 102 900589
26 86 553319
26 132 655689
76 132 549735
76 82 874294
82 134 938024
53 134 806172
13 53 914918
13 78 60278
78 104 388828
7 104 775349
7 73 727611
73 118 915652
59 118 848567
3 59 594727
3 88 53818
88 109 725864
28 105 8426
105 113 820227
30 105 988738
5 28 860534
40 126 613101
84 126 452110
45 84 882502
45 66 556763
87 100 736220
87 116 48377
87 119 970524
116 131 194799
25 72 95088
25 39 799620
9 25 438021
25 128 128008
19 43 200834
31 43 347215
31 112 745264
68 112 168530
83 143 509065
103 143 327353
27 83 952668
77 103 429257
6 63 180574
63 136 287369
18 63 749598
136 149 925961
21 114 139067
21 140 991336
21 137 199968
48 114 678937
97 99 430326
99 115 344811
61 115 742398
60 61 752898
10 36 935754
36 85 510272
10 11 477395
85 98 614421
20 141 764110
23 141 247992
4 141 755331
20 120 108756
142 148 891066
79 142 733845
33 142 613508
42 79 989347
92 102 908904
102 138 52558
92 110 56438
92 121 384869
22 86 388880
22 41 506076
41 96 354874
41 69 957271
26 58 127882
58 147 428903
49 58 845296
35 58 537195
52 132 549519
52 62 859672
38 62 432058
62 133 623538
24 76 387767
76 146 711632
24 71 345343
15 146 103067
55 82 897979
82 144 412238
55 145 267400
47 55 448503
134 135 142324
89 134 815092
124 134 267959
56 135 397630
53 57 945625
53 81 880130
53 64 131689
53 65 54635
13 111 135939
13 91 349337
13 50 687492
91 101 609137
14 78 641516
46 78 54712
14 17 665951
46 129 810258
34 104 246314
34 44 998785
34 123 421893
44 90 75740
7 51 682616
7 125 215859
7 108 40048
7 67 101871
73 122 435884
73 93 613873
16 122 69188
122 127 65792
0 118 602433
32 118 24736
0 130 279929
0 94 271880
59 106 238030
59 70 212524
2 59 521388
8 106 707767
3 54 174604
54 80 133196
37 80 9841
75 80 793951
1 88 97683
88 107 642552
74 107 8408
74 117 27503
95 109 10588
95 139 929073
29 139 885673
12 139 25145
150 125 132 677425659
15 125 688009
15 99 955095
99 147 915871
62 147 501261
11 62 553816
11 113 811372
90 113 739663
90 121 860021
121 127 394686
58 127 346219
18 58 832058
18 109 387275
107 109 790643
10 107 989594
10 126 275286
95 126 58966
94 95 103377
52 94 666126
40 52 161910
36 40 457614
36 88 989625
88 130 593970
112 130 88916
112 118 619355
64 118 43658
37 64 445568
37 131 936775
131 136 129756
132 136 976699
119 125 89949
46 125 909857
83 119 804191
83 103 659588
15 57 304787
15 42 558770
15 123 691743
15 33 356095
4 99 383831
4 93 26516
74 93 337540
68 74 983271
56 147 826848
41 56 488134
56 142 757336
59 142 931405
39 62 92168
62 100 403114
21 39 607647
34 100 902402
7 11 991303
7 75 322304
5 7 743920
3 75 640907
113 114 627636
113 133 250844
101 113 371888
1 114 294696
70 90 137802
70 115 284643
70 105 422588
115 135 727535
17 121 166752
73 121 139414
0 17 152722
17 24 316574
127 129 778095
127 128 961973
26 127 521584
26 138 257548
58 106 751311
30 58 289516
25 58 907892
25 104 994092
18 86 260473
18 96 434189
78 86 662328
9 86 8810
109 134 334342
109 117 326971
116 134 226169
89 117 6943
80 107 143405
48 107 609329
81 107 954287
54 107 79540
10 111 61703
10 13 348347
16 111 829631
16 23 569582
120 126 822157
72 126 365313
38 126 462725
51 120 42979
60 95 807896
60 63 198656
63 145 229137
141 145 657924
61 94 253088
8 61 238420
8 14 93990
14 110 28678
52 97 993596
52 144 319617
52 102 620477
65 97 308137
40 43 824743
29 43 614918
29 98 108386
29 122 769081
36 69 981496
45 69 789957
69 124 729657
45 91 679979
88 139 822695
76 88 838078
47 88 307895
50 88 765923
87 130 51534
6 130 645445
79 87 974610
28 87 568850
112 149 260645
112 143 312128
2 149 193195
71 143 168200
85 118 377412
32 85 26154
32 53 289554
32 108 472950
35 64 436068
49 64 290320
49 66 435393
27 66 454316
19 37 114398
37 140 42642
19 67 169954
19 20 850523
131 137 144297
92 131 311826
82 137 478641
84 137 489086
55 136 82206
31 55 417166
55 148 763131
55 77 347268
12 132 544439
44 132 498984
132 146 398948
22 132 963840
150 10 103 793548502
22 103 613841
22 61 695073
61 105 796658
39 105 395553
39 83 191643
83 100 886
80 100 802550
80 98 849426
96 98 525652
96 138 853881
47 138 507316
47 90 547001
43 90 449341
13 43 661816
13 87 214120
28 87 347173
28 142 710586
34 142 320912
34 111 565487
111 145 783958
109 145 48947
109 129 898933
129 133 253001
133 134 391102
1 134 328590
1 63 601768
55 63 578520
18 55 956480
10 18 600146
56 103 191860
89 103 363680
89 110 770208
35 89 219525
22 126 874879
3 22 188280
3 84 692222
3 141 912280
12 61 466617
53 61 472210
12 73 161154
12 128 667625
105 117 306330
44 105 175222
117 140 611183
37 117 740360
39 88 460666
2 39 765933
39 48 948262
2 122 276481
31 83 309074
67 83 850988
11 31 370383
67 97 735059
100 118 258811
25 100 663412
75 118 954399
0 25 576000
80 119 467052
71 80 8477
86 119 285860
119 148 240829
98 102 182078
77 98 186875
102 137 528042
62 102 439074
93 96 116203
49 96 492316
21 49 329699
49 146 16586
23 138 257801
23 57 735188
23 64 717531
26 57 597262
47 113 966482
16 47 710930
16 54 26668
16 20 956990
68 90 908767
68 104 435510
68 147 344677
132 147 518435
38 43 664616
43 51 326081
38 127 146563
50 51 657820
13 15 520325
5 13 543123
5 33 527085
5 125 824856
81 87 123950
69 87 931054
60 81 521964
69 123 750697
28 108 863869
59 108 775345
24 108 811945
24 92 514750
112 142 626410
142 149 686188
58 112 916316
85 112 207593
6 34 78541
6 91 720658
29 91 863966
91 116 552217
99 111 684255
111 124 768006
111 139 391839
99 107 263761
78 145 113912
78 136 960827
72 78 631886
27 136 389676
40 109 887698
52 109 717310
36 40 720399
36 82 525137
79 129 808707
129 135 614063
76 135 573631
8 76 963005
66 133 670725
45 133 256065
32 66 156763
66 106 890777
7 134 450801
7 121 529652
7 19 653236
65 121 710798
1 101 134270
1 144 336057
1 130 709018
17 144 772852
41 63 111750
41 143 920780
70 143 384114
30 70 722852
55 115 522432
42 55 393837
55 74 600645
4 42 950062
14 18 744902
18 131 555836
14 120 215996
14 114 222850
9 10 917008
10 94 841722
9 95 763871
46 95 631154
