cc61ad56a4797fb3f5c9529f73ce6fcedd85669b
1
500 61 268 3667362589
129 135 49620
70 163 189135
232 398 20267
89 232 814364
32 474 450400
204 478 94331
56 489 237753
93 248 523758
17 481 401699
78 175 399714
32 328 92575
67 343 53349
250 490 128458
77 159 499846
301 458 83015
234 372 426184
71 325 357386
79 110 723202
142 280 231812
209 247 718934
59 424 499366
32 296 975052
38 306 55764
295 462 358026
111 271 532137
177 440 721266
64 249 781280
27 374 308760
86 144 929893
348 372 910686
56 162 6521
324 433 159663
9 458 892220
54 334 950612
329 469 520474
8 336 590070
147 192 324821
64 332 825137
75 157 432426
302 373 142864
27 408 886371
356 490 690795
46 218 963896
3 152 115994
105 236 986083
463 480 224853
178 239 70847
12 488 47594
56 190 56028
22 426 342489
87 481 393761
0 24 869583
13 183 437406
200 229 560189
155 458 290606
292 482 594325
117 303 898757
65 188 439329
324 340 939612
129 248 491072
4 94 971766
166 420 684925
265 271 579341
131 457 961293
147 470 988830
228 379 817573
212 437 970638
181 294 512118
426 497 633080
204 246 12102
115 405 20692
116 279 620908
135 289 533125
189 443 225448
389 429 111678
275 361 311452
261 463 44178
119 257 63339
262 401 758808
429 495 501741
196 438 5879
126 140 306380
88 345 679508
131 450 251454
139 391 69397
128 415 782623
363 416 509904
140 286 873770
185 434 25621
72 389 985940
263 345 727572
400 434 235397
152 199 265261
18 253 906035
221 343 296147
119 388 11677
6 153 325915
182 484 315361
172 366 527783
33 134 337851
158 369 85481
149 316 665115
159 392 281622
102 223 605666
15 471 519017
11 185 632952
260 428 699281
89 311 819980
178 380 573753
59 459 856553
276 290 491569
57 492 741042
84 151 295358
388 455 958842
122 146 903355
196 318 101954
255 389 214569
325 491 315664
186 355 29147
213 393 393896
184 454 135479
386 441 453930
112 422 639529
308 475 867783
113 466 968426
274 302 575457
263 384 31848
115 159 32895
305 339 507859
79 249 949610
52 405 461060
26 174 354598
72 198 128777
31 302 258704
94 467 929489
214 463 82769
34 313 358641
29 74 932220
58 200 127057
73 297 972234
161 265 158070
225 299 339503
138 207 528108
174 193 924120
341 464 951503
118 152 710148
225 357 985078
136 210 936252
16 400 285885
44 288 83888
125 215 336814
261 465 862512
333 420 738315
242 316 671044
115 152 144315
215 287 57000
2 111 677327
127 453 286567
33 342 754607
293 423 809362
117 224 562597
114 261 186013
89 224 930502
355 487 257815
84 292 525496
158 364 400453
58 285 272869
11 230 550553
139 449 673019
40 317 83092
56 218 762332
124 243 23797
416 483 527017
231 381 534364
61 269 982054
48 493 552832
368 447 180234
24 456 192010
165 192 257638
191 453 487500
275 343 181039
322 409 929
277 446 620138
132 323 197601
363 396 602995
4 313 505793
279 395 867177
5 370 499654
148 197 63417
223 403 957348
124 160 334214
50 270 801847
91 398 889330
114 491 949853
131 138 256140
107 185 835438
358 440 37718
427 485 409241
170 379 572785
202 370 911260
190 409 193191
62 279 581023
101 196 629269
263 472 763502
366 393 853491
189 317 112017
83 425 233922
436 465 581770
266 439 570385
185 285 317419
49 227 721963
235 245 503697
15 150 889440
201 338 111553
31 292 391982
321 420 725085
180 185 639309
153 336 982466
387 436 130516
231 453 316161
202 216 826379
148 298 158073
355 393 6158
291 456 62542
233 387 931866
55 330 468360
365 396 229751
30 69 124682
3 473 906818
84 351 892140
168 438 563030
265 390 934392
81 83 825303
250 307 39614
51 488 875354
50 397 782932
295 335 864244
84 350 204782
110 215 668638
69 171 694870
257 452 909506
323 368 424839
297 356 949924
311 481 361580
241 278 487536
25 353 423920
176 191 302172
110 430 61825
88 319 578937
13 498 978727
211 487 195036
126 188 699515
323 337 813667
48 149 497349
68 187 556774
86 373 623798
113 155 833084
295 355 398590
148 327 709543
130 240 878411
7 497 931165
167 347 414560
8 25 154931
283 304 544397
181 475 773672
11 219 113808
7 423 273804
78 465 786376
227 377 885196
240 485 129170
63 75 899930
220 337 154371
246 326 38717
355 407 750080
240 357 522226
46 339 283196
138 394 67006
6 238 501135
97 415 211665
54 418 770160
166 460 825880
1 111 241039
31 343 748576
284 375 126353
134 483 594402
164 177 39529
120 429 440687
65 167 930640
128 180 822329
119 183 81824
108 159 744827
167 259 982483
489 490 511942
130 226 919443
105 477 59434
23 184 892285
195 225 808701
230 468 434167
70 256 620619
5 136 826154
116 184 348762
115 225 220382
66 211 60952
28 189 45809
282 457 282275
137 206 165748
361 484 191925
213 368 658722
235 269 859818
55 399 947262
120 235 972656
19 50 211848
334 406 141066
211 406 821723
16 281 10240
208 420 905766
122 448 897575
354 420 850629
85 115 707977
421 469 709499
49 74 865840
27 148 312398
378 405 650324
15 467 817791
92 352 583006
121 398 6053
122 363 196056
212 301 95717
238 470 930228
103 219 271696
275 359 460086
164 493 42137
170 408 631998
348 432 115441
6 96 533686
133 235 710209
300 410 522580
328 499 32452
81 298 325964
98 451 561406
413 490 905878
439 443 438492
92 254 156119
111 270 262185
95 231 426287
195 403 289515
423 484 152350
267 352 288600
326 421 960275
14 272 484792
37 158 246227
53 79 338968
288 436 642498
55 81 792360
109 315 131921
46 104 424370
100 203 786437
81 338 93367
277 320 898208
82 486 180904
101 311 417454
199 486 601854
376 431 334381
20 480 696822
80 496 182042
209 360 29485
244 341 988884
92 173 75859
38 106 537839
253 276 392847
36 202 906264
70 362 447151
362 441 695520
10 99 699018
177 485 694503
392 419 774773
47 336 823014
152 205 847966
10 239 350488
221 400 634760
262 385 156294
82 300 80739
132 491 902830
92 262 102599
273 329 84815
144 320 667341
351 461 4884
156 472 184650
203 411 38618
51 194 251561
88 95 418784
352 435 692580
483 494 133642
189 404 382751
61 268 265874
311 350 717153
60 305 710347
109 476 75631
41 78 892371
114 145 298439
236 367 982613
64 143 557174
1 74 453816
285 414 607702
130 370 259048
40 364 278952
11 228 840063
42 287 334154
222 348 696591
154 173 829397
239 495 453583
90 378 619157
200 269 476639
4 62 874725
39 266 436345
23 126 694503
252 441 980470
61 171 181470
217 262 577594
33 444 991208
179 372 646590
11 419 681883
244 454 980728
232 376 509114
136 234 413225
310 403 746323
445 496 857091
180 283 186745
113 433 607028
12 454 933018
47 64 569299
152 371 630524
131 284 648742
162 174 915800
208 471 476686
143 395 906579
264 273 548687
322 349 196565
124 286 413248
38 266 493128
9 45 696139
169 185 235183
132 475 876258
109 207 750752
109 417 932479
45 141 686176
271 331 513813
290 416 531353
147 479 509272
227 403 990138
13 337 466790
236 323 664363
123 159 384273
32 322 964908
150 187 727370
89 174 229385
22 76 367979
251 443 116668
57 448 315872
14 54 631903
253 475 100915
183 346 185484
289 408 970995
58 362 707795
275 422 557889
309 413 500439
317 353 370167
36 278 614149
75 233 204341
70 319 568754
74 173 802505
186 360 650000
344 459 492794
142 155 331853
84 476 882674
254 412 612297
246 356 618885
237 321 139569
162 347 8738
40 206 226365
21 430 514005
59 411 448578
87 445 337782
119 383 929908
203 297 944626
171 492 229052
27 428 602867
314 458 752370
419 442 614255
43 338 404856
59 98 460490
24 141 802354
152 312 450793
336 402 325797
139 228 649492
382 431 878251
35 57 279111
93 324 813328
258 442 312086
