cc61ad56a4797fb3f5c9529f73ce6fcedd85669b
1
466 186 219 3810726362927956
177 459 216260
124 234 154104
228 270 676206
149 448 666759
214 415 203180
179 431 631085
8 429 441821
100 343 363315
73 102 124037
130 279 498180
186 438 592110
17 116 495015
51 155 134328
191 410 999897
89 115 36164
11 412 632134
140 226 216057
22 130 166884
76 276 821297
280 295 979372
75 340 621764
310 353 708022
262 281 345775
55 451 424369
137 242 23712
237 412 685884
92 286 388896
293 371 978531
427 430 401245
210 224 243961
43 211 65683
85 233 34062
303 375 662423
42 258 491213
162 436 133952
32 446 633781
58 423 897714
90 226 582258
272 356 998408
211 436 210711
24 270 839261
30 155 505146
257 327 355895
170 365 813613
43 296 342225
300 432 510100
191 435 345924
0 422 10600
256 300 764113
107 188 883783
195 226 116749
110 462 1333
135 299 970922
180 283 771507
68 148 234206
41 55 740794
182 227 191473
112 433 480660
84 128 927912
391 403 832024
260 316 897033
94 354 645952
1 243 844427
112 259 293224
60 367 52252
51 315 557605
203 295 238798
204 289 638784
78 404 419871
64 138 579726
280 418 888227
73 150 80429
249 275 752080
167 212 983261
148 293 527782
38 183 401464
35 193 516537
31 352 711568
419 438 387100
356 449 916387
200 305 461612
235 329 717309
22 376 359606
148 308 417323
204 285 252870
55 391 520471
54 242 705997
114 232 456005
96 125 18158
172 375 725609
171 175 459429
95 190 555042
229 464 269780
65 183 744663
215 343 918508
119 400 732013
50 425 963444
19 225 652130
150 435 866745
22 333 225417
97 283 749843
36 389 932322
31 462 386831
400 418 612757
144 196 772670
127 235 205259
297 372 750169
264 275 132393
10 63 91919
445 453 306026
163 331 919661
235 291 245144
153 338 646121
2 258 1319
65 138 969675
46 428 114606
438 463 727929
124 440 57731
66 139 604253
58 147 325425
60 151 33653
141 304 380696
172 357 46582
322 441 372834
114 439 572830
284 331 438366
91 176 69909
35 451 685754
76 325 504127
130 255 89249
335 428 962273
27 251 446831
127 443 756589
158 216 470157
222 276 323372
98 233 678190
81 211 261446
117 331 460453
184 382 197233
109 312 462432
82 305 642676
3 138 613957
231 244 430807
197 463 155239
56 99 17257
287 383 64549
218 275 472877
13 263 691743
6 413 722850
223 450 218966
194 358 686958
266 317 743839
136 257 205478
380 448 955716
84 416 131069
62 272 925560
322 333 357062
213 256 314804
47 100 551
111 112 961202
261 409 697628
292 363 381381
21 449 395429
120 206 782291
60 412 34574
48 364 15281
405 419 549145
123 141 895897
161 461 858185
182 348 717770
49 199 367309
55 282 751868
69 138 269256
211 304 108095
24 93 911353
227 264 993839
49 320 809484
174 428 510294
205 333 7484
301 362 998942
190 275 407907
54 319 997105
53 253 723807
56 412 512687
83 102 625507
104 304 704075
207 351 349783
306 378 684739
75 452 582445
44 235 502906
91 452 389826
167 261 563059
240 454 246124
94 307 510124
202 221 353638
18 284 820565
42 252 906837
68 343 104747
126 330 608118
149 408 263926
44 126 432743
335 411 634587
7 434 226382
285 356 915166
106 396 319722
116 219 445625
172 205 887284
345 447 596753
13 387 939761
16 450 826907
192 396 979351
208 266 309067
387 407 13529
180 294 256948
178 398 264273
54 302 229953
439 452 170506
194 390 111566
92 443 90279
242 460 277540
271 317 946098
79 190 412431
3 283 791621
172 402 337822
275 332 206479
37 405 694391
107 176 673667
26 289 266260
45 357 892259
0 293 107358
193 454 826149
23 84 540644
9 71 215103
67 184 634360
1 389 172756
168 428 777190
5 105 933563
40 239 171410
4 301 580584
233 376 125165
176 220 319929
155 407 633299
74 267 148831
82 194 952837
101 174 160487
337 424 493182
115 427 539684
221 306 501812
352 428 540219
76 97 234860
10 83 507659
67 311 151738
270 400 188150
290 404 617300
214 228 330641
298 308 867474
268 394 294180
73 359 783685
187 313 358430
260 288 919025
142 159 735128
39 404 522280
3 306 514500
73 349 616580
247 312 991666
26 68 631680
237 446 43518
64 347 411763
93 349 394650
15 439 328683
278 454 851060
92 135 817506
377 414 565315
224 246 905376
34 439 891699
160 377 752940
76 310 105195
142 177 571504
22 166 204407
210 399 703976
63 401 989527
19 456 206918
12 457 78947
169 225 548262
104 116 264665
120 266 42153
59 350 122373
160 311 920752
178 326 237964
36 252 57847
100 374 300308
243 397 872459
122 369 317139
304 417 422121
267 307 652147
113 370 768693
227 460 655007
78 211 18004
269 354 47597
232 328 869542
208 209 691112
38 61 866083
28 154 318264
206 212 301073
163 424 645488
67 236 504927
175 373 975093
360 409 972770
206 410 295558
98 407 999337
70 186 742955
266 444 537406
365 372 486398
15 257 62780
42 306 99600
55 125 38984
50 363 22970
129 465 776621
394 434 164162
159 214 668056
254 267 286566
241 366 986669
77 207 411336
13 81 305859
9 284 244789
327 385 392515
200 348 80531
270 341 612888
56 370 859495
242 344 373203
6 158 362753
230 445 137631
5 277 88453
381 425 231707
421 453 337494
227 420 287257
229 455 946784
328 393 225907
43 178 288194
274 341 177541
8 316 360471
154 328 86282
92 456 220320
61 396 690070
170 306 550927
262 368 475373
184 259 566770
279 314 949119
16 413 456058
92 217 595521
238 392 267880
229 368 584745
100 108 552019
179 313 562630
165 397 927192
266 462 412345
87 143 536094
157 166 49364
77 379 575044
13 134 553421
80 283 149162
159 458 235486
171 262 987161
33 103 871101
149 351 43728
368 441 116915
129 145 805228
4 169 916956
143 346 559283
183 388 281850
121 388 438013
181 189 312757
286 323 954175
56 350 581171
240 287 209077
23 70 376016
147 164 500459
51 103 869818
84 330 384745
152 351 475308
86 97 920761
120 247 157189
185 359 884502
105 279 536324
146 361 457203
100 309 456995
58 399 634404
156 441 327629
324 449 100717
57 333 808700
297 437 922470
133 199 51507
316 386 254663
27 333 973205
257 426 574102
339 397 663585
14 153 392042
36 234 572939
183 442 703386
254 406 804983
104 237 829192
235 413 506900
132 177 247107
25 276 229139
210 338 875485
239 342 433475
253 463 331787
7 373 623499
129 335 488498
383 395 127619
299 336 952404
118 373 852591
369 450 514582
30 72 230424
6 302 203949
20 131 2953
366 449 501029
159 308 741731
87 354 394894
201 391 152989
1 248 662211
96 419 561244
23 429 714392
39 52 277547
126 250 547103
27 353 321815
239 259 315159
300 346 694570
140 365 198578
66 356 214018
23 59 689346
246 364 834957
76 231 646911
101 393 638051
238 461 217079
88 330 364031
219 384 429586
24 448 751579
166 355 101313
93 361 852968
245 258 650627
334 426 216231
12 68 271636
23 117 50599
20 251 239410
112 265 52699
198 396 361549
29 66 974615
104 318 470474
5 173 97511
182 313 635892
103 133 83916
115 387 327872
144 251 974676
417 445 985019
153 273 925141
321 356 139858
31 238 717573
337 447 899517
67 300 699065
14 352 228873
213 437 547256
50 367 701954
266 355 826940
131 181 449273
