cc61ad56a4797fb3f5c9529f73ce6fcedd85669b
1
453 305 432 857455410
165 433 941284
68 165 359250
43 315 813815
106 260 698478
238 406 653545
172 280 378593
99 292 668443
95 355 704616
13 433 862478
91 116 619562
95 229 823896
40 451 766781
15 271 45761
131 306 358545
52 166 791357
277 342 339197
16 293 931397
127 155 628900
352 372 377236
186 366 374339
135 278 629883
0 270 378010
96 448 873761
0 280 79349
142 316 578459
41 176 918550
64 438 576100
139 349 382337
91 168 786617
23 214 825060
243 287 429651
154 424 873120
310 393 276482
54 127 707832
118 174 708195
213 229 115349
379 393 851006
171 268 120627
368 446 778174
69 267 302956
297 361 94925
321 452 486175
224 408 824588
217 278 805437
81 192 18412
127 406 871280
323 399 353324
12 123 479144
179 203 569583
176 349 653122
7 146 213241
161 206 173463
182 199 253062
386 412 975263
25 348 839
3 392 763393
104 441 423098
357 442 664824
38 436 662756
16 419 43427
160 295 560366
203 344 400297
147 206 487322
107 223 154758
133 435 111200
351 396 638647
118 301 748841
74 308 160702
174 324 413351
302 440 852499
273 307 975375
121 287 958375
113 226 357172
37 429 389589
152 443 432001
307 375 342760
51 192 325331
2 47 939011
164 296 412273
315 441 237937
289 347 566632
170 264 853962
244 427 900807
71 268 349246
365 423 737332
27 260 801857
122 214 981290
175 206 968787
97 324 357136
318 407 761835
51 84 600246
184 188 747071
79 103 856878
191 371 335154
233 311 348933
338 363 881627
107 228 746077
214 313 285678
142 261 675304
117 242 555658
30 312 237891
14 200 674526
108 275 704621
137 283 150008
112 322 582562
91 152 606572
249 283 481176
229 346 913181
132 269 32981
75 162 170795
179 452 32235
41 409 28537
71 205 264082
122 421 755545
130 369 824544
56 90 639703
57 411 840935
189 192 719327
156 285 213419
217 230 671308
221 249 524286
276 397 766286
135 398 918586
98 327 68150
69 256 737371
151 318 638113
74 421 819382
10 124 552191
257 414 749466
153 220 624511
123 185 712514
58 289 184025
42 402 217459
22 431 795831
234 406 635448
373 376 484544
134 439 746680
143 381 874243
275 396 813617
209 304 130877
55 182 665747
62 261 441544
174 298 861499
65 306 261344
240 422 635146
151 274 80914
66 422 737186
182 187 96515
182 364 962877
159 306 778010
265 317 664233
205 211 254411
128 279 114148
31 231 902081
130 374 390736
36 332 118951
34 188 186963
21 61 885588
31 66 551885
311 428 498385
161 343 999607
196 449 271175
73 393 280341
94 260 324810
154 301 895383
4 337 395580
98 259 837842
411 442 733151
102 404 546453
72 298 774331
4 32 915947
207 430 714344
346 360 52013
140 439 607993
354 393 98497
15 218 90053
195 385 358451
50 157 205523
170 403 720174
9 151 868961
190 305 970518
6 258 921297
446 447 859973
63 133 179761
44 181 792737
302 386 720997
129 229 90903
243 302 225459
137 369 564214
45 90 400683
143 215 441002
244 371 242225
104 201 281235
51 309 448681
192 448 603329
49 124 543549
380 405 312590
264 304 950798
209 397 217817
162 168 113140
136 416 63962
86 89 400564
182 394 413031
89 201 972605
18 452 110210
5 98 270623
79 272 100572
373 446 875273
264 395 784043
78 416 363965
377 413 81827
143 161 924882
7 385 184596
23 449 199205
114 376 267743
101 440 751774
2 72 562710
324 382 292570
41 201 60463
337 388 775098
29 325 945893
175 182 819911
82 96 41708
156 405 52033
139 445 459663
225 386 829891
25 165 655399
47 387 122900
31 297 890809
208 235 302988
294 423 119533
379 389 807456
372 382 570151
15 216 975885
29 119 20164
26 352 571805
76 99 459379
237 430 392601
64 115 220141
194 322 92812
270 329 784018
252 300 467247
41 336 352098
106 271 984630
63 104 11668
153 197 826550
35 391 834007
169 257 751793
246 432 152418
163 419 216128
163 288 488698
242 436 473691
227 384 199744
145 340 147336
65 109 422132
334 363 577310
103 442 771722
113 206 638517
238 356 416039
313 369 476141
328 401 794552
13 410 450967
335 368 719407
227 382 892419
138 208 988764
145 236 749863
203 233 229156
72 347 302248
416 418 652512
141 353 179016
153 363 316436
118 281 516461
45 414 2314
68 435 524938
239 295 184394
23 36 832556
296 416 602809
367 416 624355
110 322 984332
150 327 904267
1 148 149095
112 216 877558
237 277 712342
85 145 932663
144 230 423334
341 377 743182
151 409 991713
58 373 509675
91 124 275365
249 381 607137
26 28 455968
256 365 17768
93 444 6890
10 61 338830
150 436 440767
105 287 893564
59 330 454104
77 290 834273
7 256 692260
206 304 916605
381 413 254120
422 429 190796
206 350 363824
100 176 213069
6 24 776944
33 438 854189
115 346 694012
47 444 118677
210 316 741857
42 292 850189
235 328 599326
77 390 851851
17 103 704386
202 347 36892
240 370 775267
107 320 964910
135 140 754104
120 324 820152
55 291 519316
400 434 961926
117 305 325888
263 290 897636
222 312 295091
263 451 424423
40 123 917104
70 83 713107
20 320 960957
257 380 90156
94 345 632827
111 362 847260
102 264 186535
5 316 870845
300 354 634156
34 63 481924
144 372 551522
11 48 18955
178 353 479143
126 342 180666
92 220 303704
247 350 795153
120 359 903149
128 437 701331
46 327 997742
200 435 157138
145 308 303382
248 292 997908
37 50 396802
179 254 520799
115 172 136726
366 428 982566
312 426 682733
262 358 188176
124 286 500410
152 368 924385
55 326 977216
119 236 373191
251 337 561450
39 248 939779
179 269 365448
87 199 177906
31 48 33574
19 437 485432
68 282 639115
328 420 568968
123 351 805131
340 414 347025
166 450 424905
295 390 246472
148 360 759373
232 387 133518
53 145 662398
107 153 863487
247 303 740732
219 442 957271
8 433 293916
126 441 440192
293 319 451329
60 360 96508
327 378 726547
249 288 466603
234 284 134239
67 268 572282
193 346 969675
156 331 861160
52 241 901236
266 384 719798
191 410 154470
67 297 675371
64 103 783799
180 280 570369
335 423 705472
258 404 829295
308 367 712825
366 437 73940
55 333 561136
204 319 77437
383 423 887142
218 292 152339
219 375 905734
59 206 899876
88 216 736451
28 432 868876
82 198 197133
232 415 991168
158 183 633391
111 141 479222
68 431 113032
54 425 61620
82 111 501859
65 412 115892
30 339 956214
125 178 75761
167 346 560948
253 347 645266
60 426 561295
192 321 319663
263 442 1422
91 379 189252
168 250 325830
83 181 658289
242 312 291128
188 196 774891
219 234 339591
224 405 773059
337 413 646292
27 241 499793
274 317 409400
177 386 600701
245 369 127709
255 332 394665
76 417 296057
235 325 994878
260 444 517096
149 363 815506
37 173 650661
79 386 172083
96 396 598309
221 448 50323
55 220 614353
195 314 543503
44 184 601694
80 450 143838
341 399 755786
130 183 352722
187 443 37748
181 299 293582
163 240 302232
6 400 363653
194 212 304231
35 43 535466
114 262 474239
3 51 748922
