cc61ad56a4797fb3f5c9529f73ce6fcedd85669b
1
469 389 418 23489121
221 287 426673
254 360 986279
185 423 68483
57 367 840556
59 256 760209
388 433 80433
228 314 722856
28 79 871729
132 375 564433
66 188 241121
291 455 863787
193 202 401105
139 361 611557
260 282 172859
120 241 49302
128 150 110124
302 336 698873
258 383 831308
286 403 595720
199 285 849548
9 104 311411
120 359 842858
1 263 743421
14 370 574500
144 253 144116
354 415 708855
225 245 514059
9 353 631186
115 249 49301
441 452 11548
204 451 73504
22 206 343199
117 389 146028
191 436 335311
199 346 324039
7 37 387131
30 413 584262
96 308 852687
75 354 976866
195 336 199235
30 373 375212
285 455 551076
29 236 353838
111 221 272893
122 369 229920
51 328 672034
47 140 155396
76 384 63960
157 330 501086
340 419 777188
69 83 745363
316 364 621743
367 376 130334
126 257 430482
85 299 449577
23 450 137988
58 320 492366
273 448 218781
61 355 244457
333 435 979590
169 230 810009
396 421 255296
126 278 202196
262 315 338061
148 394 981412
354 424 637182
167 215 180610
97 304 500570
101 217 760269
19 198 766120
135 150 173735
339 430 105114
39 157 53549
214 218 890262
31 393 43536
61 70 603490
77 316 36053
197 377 924075
39 232 341541
158 278 226673
70 223 1617
175 239 58131
292 444 675687
435 455 543346
301 311 926442
144 334 305541
182 246 801840
68 297 270649
181 191 200349
87 200 37698
141 349 907191
170 243 724675
323 381 50535
37 276 366038
36 169 418891
122 147 190584
240 388 504762
137 249 896084
176 246 84821
20 408 409834
41 189 380038
125 247 541724
406 451 908504
280 450 505877
48 306 78835
27 209 262678
158 374 878898
254 416 956447
255 275 859619
233 253 14838
403 462 256218
200 378 169559
358 452 638578
221 433 945144
46 171 161250
119 366 783863
265 439 787639
286 401 9442
192 215 663603
298 417 186979
6 44 365122
56 269 637702
83 463 621909
57 119 11497
10 134 156190
171 455 815231
128 450 872614
196 211 83328
232 277 282126
23 392 857457
65 460 910496
253 278 18635
117 318 571985
296 314 361739
411 463 246165
274 451 60437
92 432 162335
109 426 334341
126 419 304564
248 288 441556
375 389 187819
11 350 705700
55 198 503619
27 362 977705
240 445 776608
21 410 396211
283 372 694116
106 418 455772
82 296 691558
370 397 897418
138 261 728018
364 427 610593
79 425 405533
329 335 540872
155 420 80099
64 375 492503
43 180 233054
47 434 947930
121 240 730821
14 205 985540
300 459 821247
34 114 935412
167 440 223490
257 289 102748
271 332 969997
74 134 749460
94 286 863870
242 379 557882
282 348 970576
272 426 832643
168 209 691765
7 11 943011
112 185 560780
15 447 271509
71 362 350079
43 447 889863
156 390 930876
62 393 735910
204 369 165390
81 438 740161
365 468 993559
219 421 712988
172 456 938796
349 370 843284
14 342 933005
342 391 93545
258 430 440576
37 385 579949
288 312 157065
326 382 724424
89 420 15111
75 400 249701
12 393 250477
212 245 304701
409 446 269788
95 186 837566
229 400 548378
25 370 87383
24 35 2482
72 222 628003
226 358 921896
270 449 57263
161 335 157398
173 211 798762
230 252 178983
85 435 52136
231 286 291887
273 281 299667
166 425 185382
92 210 293294
262 367 819840
144 177 496647
33 152 834986
123 300 132537
13 309 55458
268 398 882779
16 346 549875
44 409 134473
54 326 374156
16 91 41549
47 362 742716
89 442 472169
185 413 770701
332 363 417539
332 347 884858
138 402 590445
131 162 989646
328 331 638545
301 467 676122
265 281 561718
15 49 990290
21 309 394737
99 323 205636
234 390 890346
386 437 355766
30 234 478537
63 235 597404
396 403 833662
92 443 314419
110 169 813035
22 107 7485
233 465 241390
48 163 503513
59 77 485646
262 430 957502
295 328 502593
144 182 642388
40 233 871127
11 17 15983
284 374 510727
124 261 255336
313 365 946261
361 368 591898
114 331 19164
76 101 57270
320 412 838333
67 147 450436
201 460 187940
118 415 742583
120 437 932148
244 373 487403
50 319 933391
15 387 682237
129 398 21699
108 286 550023
57 429 271060
245 327 414966
53 216 327138
122 352 321610
67 164 919927
120 151 101290
101 389 580079
105 239 879458
72 262 276548
149 165 173242
82 218 977205
127 225 44468
3 267 355347
290 427 571937
301 404 989736
297 431 585120
10 25 253828
46 405 329012
36 225 24805
73 308 525697
22 116 457218
21 181 570467
321 443 266804
222 465 203051
259 347 575618
66 242 415991
42 154 793287
187 290 974765
30 431 514178
66 323 987284
83 298 492794
93 189 40719
293 307 695628
450 466 374710
344 398 820563
218 464 21906
249 365 869810
91 102 813493
135 345 996032
128 193 509492
170 261 734033
1 367 924099
3 113 465693
112 120 506219
221 436 882448
107 355 929258
317 351 329261
281 428 51751
101 325 300640
200 273 165264
88 375 551134
13 90 396882
136 171 450363
192 291 384628
157 166 472648
3 356 531985
87 149 135142
20 438 483760
54 423 765612
159 413 788801
152 377 974064
281 328 202935
102 241 68406
63 399 439228
75 236 136243
109 335 229589
142 290 761724
60 333 7380
118 422 494992
359 449 591796
33 309 508414
2 336 204884
178 445 180212
116 453 132563
74 206 262182
392 402 374532
254 370 96983
207 253 882318
224 443 400583
101 454 55843
19 168 784250
426 427 180379
43 351 381728
162 212 336428
172 399 493094
184 195 439432
322 459 766808
183 342 82388
35 150 314353
38 330 589760
104 438 855425
389 418 995527
308 468 452217
53 310 770821
228 321 409686
226 369 876848
32 438 744296
220 306 486772
31 227 706302
75 104 426159
109 303 802224
8 132 811142
128 458 905929
65 410 268706
112 395 76111
114 447 358987
358 419 449775
93 442 174687
179 356 411594
375 466 728494
266 292 318614
112 414 536885
228 266 932274
45 238 923702
171 208 453003
273 304 265072
39 98 540004
84 292 921408
56 318 334917
5 435 589332
305 459 509122
4 264 476744
69 371 292390
7 375 35935
84 148 411133
96 103 907039
95 251 368763
113 160 909961
275 436 954188
251 414 988723
271 460 373881
294 377 78212
211 367 407859
18 280 422796
55 320 416320
121 311 540157
282 447 464063
33 140 625610
186 407 51545
302 406 400603
250 341 237510
199 283 866730
141 247 253689
273 411 822909
17 145 250858
174 191 254976
0 219 302782
23 185 45374
194 344 421332
312 403 562748
42 442 525870
100 454 188082
305 380 129274
324 450 832935
78 149 356284
66 367 270120
250 337 955163
133 181 867876
321 331 232517
143 292 791719
86 154 64127
297 344 169969
36 356 299468
117 264 730354
152 357 864569
340 442 892645
4 306 379715
165 426 734214
124 307 209382
188 422 413489
141 227 720196
201 310 788505
178 338 508590
250 333 374561
186 368 359953
130 338 896666
21 237 809600
55 457 433498
331 461 624729
40 401 619061
26 154 415959
175 247 706715
15 176 581748
146 382 732878
60 115 91257
116 213 728894
100 371 244579
23 460 704258
238 262 300595
267 306 294197
153 305 775891
190 218 992171
279 427 525600
294 343 27087
265 459 157464
81 203 66075
44 333 938465
80 327 383474
213 456 574324
52 276 674141
342 359 274980
61 98 62944
50 328 148815
