cc61ad56a4797fb3f5c9529f73ce6fcedd85669b
1
496 188 220 135237
341 371 586387
122 215 87984
63 354 433035
256 484 766624
45 483 812628
232 257 257839
24 432 145099
160 401 793259
43 355 636734
66 213 636522
180 425 723043
2 453 339082
94 266 472353
108 297 266925
17 126 97463
48 200 689855
185 337 366588
230 298 89974
241 426 884278
312 460 806605
156 223 511226
199 220 248671
208 363 387356
44 171 856126
250 322 483374
45 274 418765
38 162 869724
141 418 317249
204 476 223704
138 407 638541
58 119 555018
372 401 75716
169 351 730742
167 453 242255
225 244 568583
62 329 237682
73 409 797653
64 161 755873
62 117 203901
56 140 557570
216 461 877010
309 478 617275
135 420 131882
238 249 505793
2 272 639360
289 466 550043
142 159 635905
282 413 543300
377 405 973657
13 32 901617
351 433 584268
46 261 577745
143 427 890474
221 295 920138
280 360 486923
93 490 92346
115 348 215415
30 135 919458
38 67 662332
445 489 579832
323 382 188407
114 416 233858
117 358 383352
458 469 297914
52 377 623917
70 391 295506
350 447 497290
184 437 587761
82 164 341108
298 466 500113
12 355 872586
17 187 818496
268 447 378797
134 171 153627
17 36 465214
74 332 813730
258 344 434296
272 285 128267
202 415 272887
4 414 481767
278 460 517977
477 487 433994
113 324 989360
20 478 508593
465 486 875977
29 219 442211
37 375 201800
215 395 379084
183 393 117422
150 429 639821
181 212 544084
3 132 230254
252 450 162922
174 378 480727
302 430 267840
14 237 385763
284 412 431339
215 253 405167
32 474 842480
250 404 389097
154 304 419540
324 489 430343
211 423 881130
134 359 399278
93 462 451605
118 400 270614
291 448 565850
2 378 634678
258 401 767073
8 387 930743
119 299 570056
177 365 500701
105 306 230487
419 421 362358
432 439 679937
435 452 770000
12 61 712963
66 150 217731
59 144 549449
71 394 348607
315 323 704686
133 165 409595
10 494 928981
59 431 157722
27 212 340130
103 483 782066
37 327 648576
29 48 650111
109 326 749702
111 456 271507
51 178 641275
172 236 289937
161 207 184568
53 221 634863
7 79 419099
291 341 514232
90 379 835023
15 415 359840
110 315 652117
339 435 399240
153 216 245682
320 458 934775
226 310 550392
98 328 304079
368 376 835902
367 441 881424
208 353 951536
374 428 105772
475 488 252447
398 438 266286
116 137 158651
170 188 454975
41 469 606510
145 246 785102
290 488 175295
231 346 995970
175 384 360209
260 382 602469
70 406 291161
80 139 418644
179 234 135678
97 245 221499
117 285 588201
40 434 939656
91 446 598403
217 321 954662
115 377 365182
39 392 504706
251 362 187385
131 311 136337
190 204 169989
28 458 389970
203 235 700634
101 410 309686
89 236 860976
106 293 303083
112 146 94948
157 189 115856
95 228 113088
232 290 341759
142 279 712149
47 366 627429
370 465 850794
205 384 82327
76 401 174492
21 189 404816
278 494 659417
34 339 261000
6 482 739829
3 177 935726
308 352 101918
308 439 386717
68 384 937803
45 151 495558
32 210 385299
23 485 887636
215 346 549890
215 408 361955
75 91 426791
398 481 783373
171 338 192156
47 124 1
36 175 200364
81 113 337792
11 355 569315
176 489 863307
201 244 332749
42 108 854291
269 443 728162
99 320 669618
283 351 774661
7 195 750047
220 283 67618
379 386 478811
158 492 623622
155 222 108121
382 405 445127
125 341 784667
49 77 703160
193 435 740233
343 359 254851
92 423 364565
356 409 224213
259 443 646784
277 374 834599
146 312 600163
130 298 539320
225 368 574742
359 426 822358
362 376 996265
449 478 914035
0 394 587295
399 434 939533
173 424 735273
210 300 782844
309 487 152844
99 127 267474
1 22 238389
42 67 143508
277 312 169697
124 188 67621
32 172 166070
51 454 975169
83 233 812045
492 495 624147
53 287 642404
4 240 971657
6 37 401903
153 416 580607
178 304 710159
95 411 288295
136 355 902129
37 395 254138
37 204 231260
238 334 95501
6 206 779590
67 209 857298
366 403 330397
66 418 746546
257 404 766119
119 217 859594
9 11 603487
95 361 409704
151 240 244827
302 425 362444
162 451 973237
283 336 132462
324 383 901730
113 424 977767
263 342 147339
152 331 541751
1 36 581355
178 321 656565
47 317 1
140 438 981835
85 458 918676
247 308 933704
206 456 318685
123 166 670448
18 118 387220
179 331 442746
184 304 229504
491 492 870294
86 204 779153
368 463 94642
149 326 735473
192 417 981922
80 182 688904
79 144 674221
4 294 504075
138 440 824800
128 297 343816
332 443 662431
55 129 478074
54 339 984501
255 448 113457
53 75 477519
29 72 376698
192 423 389605
381 475 241036
198 267 358738
102 114 450604
316 356 876024
65 112 878047
19 151 435401
131 471 492522
59 229 832670
16 46 949708
109 166 503211
71 178 279225
219 492 483211
197 222 403656
223 278 507633
256 279 868810
271 392 842979
6 266 243387
33 369 816532
281 407 777416
104 467 829982
424 491 197734
370 430 889796
132 215 324782
55 470 610110
7 53 962272
408 468 686955
128 459 717257
73 232 449380
11 286 107862
3 402 224957
410 422 829859
78 99 80152
358 450 577271
96 344 249868
226 227 175412
139 166 112320
118 397 986752
35 468 780824
194 340 686921
164 210 997561
283 317 1
168 205 412391
65 242 843441
231 338 903367
348 389 360331
15 267 542556
306 487 743637
118 308 473231
264 409 305247
249 413 194991
54 262 782849
131 212 173940
40 485 277397
226 388 675600
282 479 617739
37 77 740539
347 361 279238
32 276 547178
7 76 70119
120 448 597642
83 307 565387
84 326 227481
127 276 508842
68 138 750916
301 339 209627
314 419 203482
438 445 92816
188 424 94449
254 448 79345
75 466 331998
14 140 342460
293 366 621455
386 463 215961
14 117 286154
13 335 481505
2 449 922372
470 488 452164
76 364 971136
337 348 576666
147 492 826499
199 214 721530
286 360 180988
191 301 357134
66 227 625141
5 61 347204
221 467 690003
89 245 647072
225 321 568879
164 427 148748
87 110 574380
239 380 916488
27 145 861345
50 459 634940
131 381 164879
198 420 215948
345 416 792193
148 484 744490
123 257 638150
49 302 75006
464 484 437142
297 342 742100
217 393 96189
313 338 833896
224 495 77927
247 380 550571
271 286 211816
6 186 882074
225 305 318259
381 390 623426
98 140 478167
12 422 437906
70 203 407376
10 365 898887
60 386 849771
32 493 968966
218 321 80841
107 416 993613
48 349 925720
95 288 664719
99 339 823520
43 208 198600
66 479 763782
110 330 221330
196 242 549333
66 357 705047
150 248 652893
105 235 840065
101 247 903699
30 273 640299
367 470 513826
373 465 481790
311 318 463787
243 479 547266
362 412 874322
225 472 581774
175 277 356961
356 480 814550
269 385 544755
121 432 379199
133 360 146520
33 366 966773
69 469 434350
189 285 627289
11 421 568475
245 494 387020
19 26 249907
57 419 838782
275 436 80673
78 209 86889
235 280 439938
320 457 249884
387 423 733102
292 454 376466
100 404 209064
155 414 885938
289 434 950057
234 463 220453
43 87 990215
181 406 642148
164 345 611677
63 70 835426
150 237 280872
142 270 235738
201 319 974221
102 333 823672
26 253 734275
75 147 342459
213 288 910126
135 233 311366
340 444 911435
369 442 944138
2 436 492378
88 314 176350
205 296 859338
307 356 862050
16 493 343970
114 214 392972
74 327 521282
142 417 738753
64 155 437199
220 473 861106
235 265 576136
230 291 79920
426 455 400166
31 206 279287
144 447 374472
0 246 455077
178 462 77125
22 163 263742
25 376 103364
60 444 130617
116 236 538969
325 400 836125
0 396 363888
303 398 828681
23 142 370883
