cc61ad56a4797fb3f5c9529f73ce6fcedd85669b
1
479 125 447 1424607405
56 138 910494
18 388 75519
131 200 963045
241 478 513812
325 333 602142
274 418 162456
325 393 932727
231 441 48291
78 295 64695
317 445 669764
355 476 197443
17 305 357141
12 383 699964
188 232 533225
38 210 496326
316 319 440930
81 356 296548
131 249 105120
354 409 35647
189 375 691028
56 196 108230
22 113 541362
77 223 766766
51 306 397701
128 281 629403
438 472 351516
72 237 770007
392 466 858978
298 403 246270
64 324 584651
200 410 73725
29 264 251883
54 334 966063
162 332 27489
27 126 305958
308 391 990064
132 347 753867
73 343 739373
138 468 932061
136 294 241236
228 351 631573
171 427 505206
178 180 653162
202 251 122446
213 386 319024
338 437 737777
44 381 53724
9 97 46179
205 356 630242
77 177 524806
95 106 440127
89 250 465197
26 422 601235
47 287 741966
236 290 750758
314 377 629846
426 430 609355
194 465 138455
118 380 449825
88 297 693916
289 307 385782
118 327 671262
85 374 7751
305 340 807375
216 278 292899
376 467 968659
4 99 46574
178 274 313422
172 316 580480
2 27 597656
37 278 503725
92 371 753933
68 349 204064
426 435 678722
46 139 72736
202 301 541202
140 436 191285
234 373 496278
63 446 406627
267 395 398835
181 204 629077
175 424 186700
43 196 840981
168 351 239704
429 474 800184
36 312 39119
23 210 54231
326 370 968511
79 380 594551
1 63 89787
221 237 881290
287 346 934194
276 426 28879
120 428 439709
150 475 455828
115 218 708370
325 399 402396
141 316 163318
213 446 759643
130 468 964432
279 429 10142
200 337 975224
64 439 706759
104 358 252270
155 247 358646
3 20 204422
104 340 680900
14 333 818241
25 47 185385
26 41 246008
256 420 920253
229 337 207730
139 186 715547
165 321 145876
48 131 646370
321 413 11704
163 303 657877
231 443 6358
76 464 209250
384 445 781726
129 284 299008
187 261 433704
175 281 175793
275 327 924867
63 195 476775
78 283 217258
246 467 110595
201 423 272981
143 309 482744
7 141 989739
140 270 706126
259 460 768084
106 189 314371
370 462 430637
22 114 532236
152 458 146709
42 447 545337
336 380 971876
269 458 156662
311 397 980220
444 467 676973
190 243 885623
55 312 155721
110 253 251904
253 392 793430
12 400 181117
434 470 376196
88 352 689194
66 163 366091
73 476 658561
328 366 834344
281 322 867285
24 62 787077
16 183 42943
302 415 862006
133 403 884911
12 311 962400
7 357 407716
266 285 167732
276 344 377974
102 150 969561
73 374 612112
323 471 241064
149 404 743676
291 347 352848
135 215 209367
169 306 323098
215 447 543779
101 236 318728
54 272 172155
10 138 15830
427 445 87137
24 100 695458
437 459 654195
100 411 373287
24 205 761725
16 217 496037
237 368 482344
252 468 367389
99 326 115535
53 245 293176
320 376 528946
116 388 500871
20 83 578499
189 248 188453
137 141 213982
35 300 513209
291 367 690966
150 278 215704
127 367 915114
216 224 333447
290 296 802391
18 28 679582
21 413 637767
64 251 574344
119 328 255335
291 379 992422
276 360 610902
156 339 600851
209 318 764601
16 22 196738
166 355 644523
211 459 268420
344 345 296146
221 451 330855
89 94 527629
188 254 941240
34 318 458249
265 310 901992
206 241 925171
167 415 320652
122 355 418696
46 450 492030
309 323 827464
128 212 489121
144 363 244936
11 23 219970
146 229 716391
196 268 4891
271 403 130392
84 474 661425
183 295 517406
164 384 366685
255 448 841303
114 161 815591
235 319 220847
247 361 146573
3 222 958901
59 303 56100
277 457 580682
48 265 194710
26 208 869750
97 307 701641
88 465 117204
154 260 115105
112 152 149806
43 348 473627
157 329 126755
8 399 8858
33 195 587717
128 163 515647
45 362 84287
286 470 979249
30 99 298867
65 412 422268
103 333 801186
153 370 258197
65 154 621957
154 351 480892
308 428 951352
242 298 281274
147 320 597846
5 56 960458
52 398 661600
190 245 148372
55 420 227542
18 344 292692
307 477 577384
0 29 942937
105 133 565830
58 198 138922
115 400 110996
159 394 527619
87 395 698169
206 227 61117
352 387 585687
145 273 220555
136 427 94485
229 438 497248
306 459 857559
261 277 301934
40 455 987407
125 265 79498
206 477 406253
327 409 279276
49 392 74610
140 231 199826
263 368 836066
103 449 147651
92 463 468760
70 89 74289
190 422 843699
100 255 831288
46 394 49966
214 390 556803
309 438 662606
270 389 769037
319 373 653556
48 176 440133
19 330 321938
204 441 351627
0 39 310074
197 378 835224
35 257 829266
90 356 348922
92 423 259364
197 332 46844
115 381 25810
364 373 771108
111 246 268903
362 369 291669
192 324 594376
45 262 431957
334 369 116489
207 300 845673
153 440 193820
34 313 354397
240 248 72228
20 390 824544
21 61 261671
320 372 135883
125 473 711970
71 183 288962
77 226 749367
197 324 131315
155 415 289922
121 365 247612
168 447 343241
106 452 281961
225 469 112465
399 455 922843
405 465 631309
156 179 252036
210 363 705778
139 170 142478
29 195 47590
368 474 928475
225 233 96086
312 435 747175
116 292 531239
460 466 379210
60 413 711172
94 142 597082
406 476 523926
177 428 863918
191 234 170642
244 381 618749
331 362 649003
216 452 463396
169 454 126505
408 475 375302
30 414 527506
384 405 986510
178 423 148676
330 352 804048
335 337 890660
87 117 290893
13 394 271281
349 359 159701
69 255 43058
432 441 625799
54 87 56142
233 350 112180
339 456 758778
75 277 33058
91 371 886988
159 202 657324
50 205 346991
6 145 596358
223 437 940015
93 466 182623
270 332 242356
30 90 185119
158 435 984908
145 424 579856
152 314 162145
68 409 383193
43 103 996170
365 374 23588
232 318 213884
111 280 187489
244 417 167777
323 349 528676
153 371 162497
65 390 728106
2 174 449757
376 382 203385
6 151 161563
68 293 711269
161 238 381083
401 434 21230
79 314 763367
251 342 84103
177 419 714505
239 295 301106
182 400 151031
198 241 614790
220 424 787242
160 285 260243
52 157 376653
420 434 349020
69 148 191376
70 339 515970
173 236 58907
134 170 566210
75 86 125728
193 453 686677
288 422 250121
109 340 351478
129 429 830417
304 366 997632
31 76 355311
159 199 479925
282 298 968620
52 363 840859
124 266 237269
45 78 527616
385 405 186701
101 258 921759
34 453 17594
0 266 832859
166 274 782623
161 225 653096
94 130 834570
2 308 438729
96 446 343332
203 246 108723
57 300 475110
80 372 505745
125 464 765227
133 367 196833
261 453 268064
136 221 370172
130 442 132439
460 475 200178
111 248 620603
244 328 5715
21 305 820062
157 169 216843
32 55 910510
175 219 401893
7 101 758727
198 213 709936
82 168 96098
74 326 872447
27 321 605930
287 372 597769
166 230 10095
118 433 503729
79 402 999924
98 114 410849
208 311 708130
6 188 767311
97 253 211616
104 247 151266
407 452 82938
90 107 976941
108 464 806654
129 234 976281
35 299 180070
366 470 465506
285 395 563823
155 315 751160
67 477 760200
290 404 237509
167 458 668070
76 170 182286
47 215 933172
303 365 808243
282 425 315304
232 353 950736
15 334 696049
167 416 109126
347 396 231756
369 421 946580
184 257 219062
132 341 780318
233 455 251644
3 330 354960
116 282 511214
69 404 152988
204 245 390066
70 123 635231
185 208 998708
223 461 416609
156 257 800763
388 431 341819
23 75 597143
