cc61ad56a4797fb3f5c9529f73ce6fcedd85669b
3
412 123 248 100842
38 248 441
27 38 479563
27 214 182672
214 226 196
170 226 158564
170 312 281946
312 403 392
38 123 343
38 238 392
38 331 392
36 38 196
38 157 294
38 361 294
38 75 392
5 38 196
38 155 441
123 358 98
89 123 392
123 301 343
123 187 49
123 381 441
53 123 147
100 123 392
139 358 392
0 358 98
94 358 343
251 358 441
62 139 392
12 139 441
139 220 294
89 212 196
89 292 490
89 377 441
233 238 441
120 238 294
35 238 294
278 331 392
9 331 441
193 331 196
307 331 147
279 331 98
166 331 441
90 278 245
49 278 441
20 278 147
66 278 343
261 278 49
0 267 441
0 375 49
0 224 294
88 90 245
90 179 49
9 171 490
9 82 343
61 301 392
301 393 147
301 332 98
51 301 147
136 301 294
49 200 441
36 400 490
102 157 343
152 157 441
157 243 441
157 176 343
138 187 49
267 367 441
256 267 441
345 400 98
322 400 294
400 401 98
318 400 196
65 400 343
62 127 98
62 186 196
62 180 49
6 62 196
62 408 147
62 325 49
193 402 343
102 346 245
102 148 490
127 144 98
20 215 245
20 359 98
61 117 294
61 153 441
18 361 441
22 361 294
108 361 294
243 399 490
141 243 343
37 402 490
176 366 147
176 234 294
31 176 294
66 194 49
186 383 147
186 354 392
175 307 490
10 307 196
215 221 49
171 350 392
164 171 98
75 287 392
75 143 490
75 391 490
138 319 392
72 138 294
57 138 98
357 375 147
134 287 245
287 352 245
68 383 441
124 383 294
303 350 98
92 393 294
329 393 147
60 393 441
8 92 441
67 92 98
92 387 343
14 92 98
8 410 245
8 333 392
221 231 196
240 345 49
112 345 245
115 345 441
77 399 49
183 399 294
103 117 147
58 117 49
79 200 441
200 239 49
98 200 147
146 240 441
32 261 245
116 261 98
261 269 392
4 261 147
207 366 490
167 366 343
270 366 294
56 346 49
161 346 490
265 346 196
19 346 98
153 396 196
153 343 343
52 141 196
99 141 441
52 378 98
52 247 343
54 134 392
175 321 343
175 217 343
94 227 441
2 94 245
67 310 147
274 303 441
18 336 196
124 228 441
124 302 343
124 365 441
124 338 245
37 111 49
37 149 245
37 110 343
37 258 98
5 184 196
26 378 196
16 378 392
332 370 196
161 286 490
161 390 98
22 291 392
22 272 441
330 336 392
207 236 490
286 374 343
286 386 196
216 291 147
288 291 343
73 291 49
55 228 392
223 302 196
302 395 392
264 302 441
103 163 245
254 319 343
17 216 245
29 329 441
32 190 98
322 353 294
197 395 392
29 225 490
77 125 343
73 296 392
108 389 294
6 344 490
166 242 147
264 299 343
100 218 49
58 409 343
40 231 343
155 314 490
155 364 392
114 155 98
121 374 294
87 125 441
344 405 294
206 344 294
281 296 392
128 318 196
7 318 49
120 293 245
21 258 294
25 389 98
97 190 490
202 239 490
280 405 147
342 405 98
230 405 245
104 128 343
253 281 490
17 93 343
170 181 49
170 262 98
170 300 196
150 181 196
181 317 441
181 363 196
181 205 490
174 181 441
181 339 49
24 181 490
150 168 49
150 349 245
150 304 343
294 317 49
80 317 98
290 317 392
154 317 490
44 317 441
50 317 49
263 317 343
273 363 294
129 363 441
159 363 49
119 363 343
46 168 147
168 191 147
168 255 294
168 198 294
168 250 49
122 168 49
168 268 490
168 178 343
46 173 441
46 275 490
46 213 196
294 407 294
107 294 490
191 411 490
205 211 441
185 205 392
15 273 294
273 327 343
266 273 98
129 334 343
129 140 294
15 69 294
15 147 441
15 340 147
63 411 147
95 411 98
118 411 392
210 411 392
169 411 441
255 283 147
86 255 196
11 255 294
195 349 490
109 349 245
174 324 49
101 174 98
174 203 441
69 172 490
282 304 392
42 173 98
173 371 294
173 316 245
81 173 441
28 80 98
80 394 147
45 80 294
63 64 245
63 320 49
34 63 490
249 290 98
131 290 245
324 380 343
154 313 49
44 277 294
47 262 147
177 380 196
341 407 343
229 407 343
64 373 245
33 64 196
28 289 245
28 199 343
42 368 441
42 189 294
42 74 147
249 376 49
3 249 392
249 398 343
245 283 441
257 283 49
276 283 147
289 328 49
289 355 196
252 289 490
192 198 49
158 250 196
335 368 441
368 397 343
260 335 147
135 277 392
156 277 294
59 277 490
151 277 147
237 277 343
135 305 147
23 135 294
195 351 245
160 195 490
95 326 98
83 95 98
107 315 49
107 130 98
323 376 490
48 376 98
50 284 147
30 211 441
211 306 147
47 142 196
201 275 98
371 385 343
311 351 245
137 351 441
41 351 98
76 101 441
101 208 245
311 360 441
328 348 245
13 76 49
76 91 245
76 165 245
59 232 98
320 362 490
137 285 196
295 394 490
196 323 49
131 133 196
213 219 441
126 213 392
213 259 196
213 309 441
96 326 441
132 398 343
245 271 392
113 245 343
204 245 98
222 268 98
268 384 490
118 382 343
106 119 490
297 341 98
260 379 490
196 392 196
78 106 343
39 130 245
1 30 245
133 244 147
347 362 490
84 271 294
71 271 490
327 369 98
210 246 49
210 241 147
85 91 147
91 105 441
165 372 196
34 145 98
34 388 490
43 229 441
252 298 98
244 404 343
145 209 294
145 406 490
235 379 49
356 379 490
182 313 98
45 308 98
96 162 98
185 337 343
188 388 294
70 81 98
56 28 55 1372
28 51 196
1 51 495390
1 32 860930
0 32 294
0 13 847406
13 47 430122
35 47 147
51 55 98
3 51 343
50 51 245
31 55 392
10 55 147
30 55 49
31 49 294
2 31 49
46 49 49
36 49 392
18 49 294
3 48 294
3 12 392
3 26 490
3 15 343
27 48 196
10 24 343
30 44 343
13 53 49
13 33 196
13 54 343
7 13 294
33 39 343
33 41 441
19 33 343
20 54 392
16 54 196
6 54 49
8 39 441
20 40 441
23 40 343
34 41 343
7 37 343
7 17 343
5 7 490
7 14 147
37 45 441
16 42 490
16 25 343
5 52 196
4 5 196
19 29 49
19 22 245
6 9 490
6 11 441
11 21 147
34 43 294
4 38 98
22 1 16 2254
16 19 196
19 20 235543
17 20 134015
17 21 49
4 21 584178
4 8 973679
8 10 343
1 19 294
11 19 490
9 19 490
1 15 196
1 13 98
1 5 98
7 13 441
4 6 196
4 14 392
2 4 294
3 4 49
0 4 196
6 18 98
2 12 245
