cc61ad56a4797fb3f5c9529f73ce6fcedd85669b
7
74 21 70 22148
22 70 196
22 32 910518
3 32 357602
3 66 245
53 66 237454
53 55 525672
55 59 294
21 22 392
22 36 147
22 34 343
11 22 147
22 40 245
15 22 343
22 67 98
20 21 343
21 50 49
21 62 98
14 21 441
36 46 490
36 71 245
34 54 294
34 44 490
49 54 49
11 38 343
11 52 98
11 63 196
11 26 49
46 64 245
38 57 98
25 49 98
13 40 98
1 40 196
29 64 441
0 44 147
15 65 196
15 60 147
16 50 98
30 52 49
0 7 294
23 62 196
27 62 98
25 42 245
29 31 343
31 45 245
8 26 392
26 47 196
16 35 245
13 33 49
13 73 98
18 73 98
5 53 294
53 58 294
5 17 147
5 51 294
5 10 441
5 69 245
5 61 392
4 5 392
5 19 294
5 28 343
17 37 49
51 56 98
51 68 343
6 10 392
10 72 245
48 69 98
43 69 49
24 48 147
37 39 294
9 37 294
2 61 49
12 39 490
41 43 245
71 19 33 61265092
19 24 294
24 30 521654
17 30 486276
2 17 343
2 64 266070
18 64 19012
18 61 441
24 33 343
24 37 343
24 44 196
6 24 98
24 41 441
31 33 49
33 47 392
33 69 441
3 33 49
37 45 245
1 37 196
37 46 392
26 44 441
10 31 392
31 50 490
31 49 245
6 7 441
28 47 343
7 8 245
42 50 245
62 64 294
34 64 490
39 64 196
32 64 147
9 64 343
15 62 196
54 62 49
14 62 294
12 34 98
34 36 147
15 60 245
39 51 98
39 53 98
39 63 294
39 52 245
39 56 196
12 55 147
12 40 98
4 54 441
54 57 49
16 60 294
4 48 196
4 66 294
51 58 147
20 51 343
13 51 49
48 68 49
5 20 196
0 20 343
5 11 343
5 70 441
5 43 490
5 22 49
16 59 196
11 65 245
40 67 392
25 40 294
29 67 392
21 63 98
23 29 343
38 57 441
35 70 441
27 38 98
71 32 38 45208233
32 65 392
13 65 380975
12 13 705159
12 30 490
30 58 224077
35 58 316001
28 35 196
38 65 392
20 65 441
49 65 490
16 65 392
50 65 49
38 62 245
14 20 147
54 62 490
5 62 392
3 54 441
4 54 196
54 55 441
3 39 343
46 49 196
49 51 49
0 46 294
24 46 343
5 25 49
0 21 196
0 11 392
0 6 343
24 52 196
24 48 147
44 50 343
45 50 196
7 50 49
47 52 441
52 59 49
6 40 392
7 41 441
14 37 147
4 67 441
29 59 490
26 40 98
43 58 294
56 58 441
15 58 441
58 70 147
23 58 147
58 61 147
22 43 490
43 68 49
56 69 343
19 56 490
34 56 392
8 56 441
27 56 490
1 19 147
15 53 245
18 70 98
17 18 490
23 36 147
23 57 294
23 64 49
23 66 245
34 63 49
10 61 343
8 9 294
10 60 392
42 63 392
31 68 147
33 36 196
2 57 294
85 3 69 18914
63 69 392
52 63 28028
27 52 510433
27 74 441
70 74 884156
5 70 799631
2 5 490
3 63 343
63 78 392
63 67 98
3 68 196
32 67 490
45 67 147
67 80 343
28 32 196
32 46 490
32 62 147
30 32 98
45 60 294
17 45 343
8 45 98
21 45 49
43 60 294
37 60 147
43 61 343
15 43 490
7 28 490
46 71 490
18 46 147
34 46 392
22 61 294
15 55 98
15 65 392
19 68 343
56 68 392
30 73 294
50 55 441
8 12 49
53 71 343
21 47 294
79 80 490
6 65 49
34 83 49
0 70 294
66 70 245
44 70 294
57 70 392
59 70 490
0 81 490
0 25 147
0 76 294
36 66 294
20 66 343
31 66 196
58 81 245
16 81 392
36 51 343
29 36 490
36 42 294
36 84 490
36 38 98
51 75 343
20 26 98
58 82 441
41 58 441
25 39 196
25 49 49
25 72 343
23 25 196
24 39 196
9 39 98
54 75 245
35 42 294
48 84 196
1 72 98
10 23 343
4 23 245
33 38 392
38 40 294
13 33 490
11 31 245
13 64 392
4 14 147
40 77 196
100 24 25 40003499
25 50 3451
23 50 48314
23 73 53737
59 93 14297
7 93 72964
7 81 1972
24 50 79866
57 93 84303
24 94 2465
24 65 493
14 94 493
14 91 4930
14 38 4437
57 58 3451
31 57 3451
15 57 986
58 76 1972
15 47 493
35 92 3944
12 35 4437
35 41 1479
35 48 3451
35 40 3944
85 92 4437
8 92 2958
20 92 3451
29 92 4437
9 12 2465
12 13 64090
12 52 64090
12 44 2465
9 96 4437
9 82 4437
41 54 986
28 41 2958
41 97 3451
32 41 2958
34 85 4437
69 85 2465
11 85 4437
56 85 4437
4 96 986
33 96 4437
13 37 64090
13 70 2465
54 88 4437
37 95 2465
22 37 64090
4 67 3944
8 42 4437
8 45 493
1 8 3944
8 99 2465
8 17 1972
27 48 2465
46 48 3944
42 61 3451
67 77 4437
67 75 3451
45 79 493
19 45 986
10 45 3451
26 79 493
66 79 2958
52 64 64090
6 19 3944
34 49 3944
34 51 1479
34 83 2465
82 90 3451
60 82 3944
82 84 1972
63 82 3451
33 87 2465
55 61 4437
69 86 3451
60 62 493
0 1 3451
1 36 2958
28 53 493
16 44 493
18 44 2958
26 78 986
72 78 4437
21 55 3451
55 98 2465
6 71 986
22 59 66555
22 39 1972
22 89 2465
21 74 1972
2 72 4437
80 97 2958
5 59 4437
62 68 986
64 73 64090
30 74 4437
3 29 493
18 43 1479
73 8 54 7791
54 62 196
60 62 896798
21 60 465745
21 55 343
42 55 690998
33 42 775866
17 33 294
8 62 294
24 62 392
7 62 98
62 67 343
57 62 147
19 62 392
8 28 245
8 64 49
8 23 98
24 53 490
35 53 49
28 71 49
28 63 147
28 56 392
28 44 294
9 71 98
32 71 196
20 71 98
9 25 490
9 65 147
9 59 392
32 61 490
51 63 441
5 56 245
4 51 49
13 51 49
66 67 98
31 67 49
34 64 196
2 5 196
1 2 245
34 41 441
11 31 441
11 14 245
19 49 245
18 23 98
41 50 441
0 42 343
16 42 294
42 43 490
42 68 343
42 52 245
42 58 294
0 70 392
0 27 147
0 29 98
0 45 490
22 70 245
10 70 441
46 70 441
27 69 98
29 48 147
29 47 392
12 16 343
6 16 343
3 22 490
26 43 392
40 45 441
40 72 147
12 39 245
30 46 294
36 72 441
6 37 147
36 38 196
15 48 245
20 0 4 18416993
0 14 245
12 14 628719
3 12 430465
3 17 147
7 17 599466
7 9 362208
8 9 490
4 14 343
1 14 392
4 16 392
15 16 441
2 16 343
11 15 98
7 19 147
6 19 294
6 10 196
6 13 147
13 18 441
5 18 392
