cc61ad56a4797fb3f5c9529f73ce6fcedd85669b
66
50 17 39 7891950
42 49 526130
34 49 526130
32 42 789195
4 42 263065
22 32 789195
21 32 789195
7 32 526130
18 22 789195
9 22 789195
16 22 789195
22 43 263065
3 22 263065
15 22 526130
13 22 789195
17 22 526130
22 46 789195
18 24 789195
9 23 526130
9 19 526130
16 33 263065
12 43 789195
3 6 789195
21 35 526130
4 47 789195
15 39 789195
15 45 789195
6 38 789195
2 6 789195
13 14 789195
10 13 526130
1 13 526130
13 40 789195
7 36 789195
7 27 263065
30 38 526130
25 38 526130
12 26 789195
12 41 263065
29 39 526130
17 20 789195
26 31 526130
1 37 263065
8 41 789195
0 37 789195
44 47 526130
11 47 789195
45 48 263065
5 8 263065
28 31 789195
50 23 36 131800932
18 22 574296
6 22 574296
18 32 861444
18 35 287148
11 32 861444
32 46 861444
5 32 574296
8 11 861444
11 33 861444
11 20 861444
9 11 287148
11 15 287148
11 12 574296
11 16 861444
11 23 574296
0 11 861444
8 39 861444
28 33 574296
2 33 574296
1 20 287148
9 34 861444
15 31 861444
44 46 574296
35 45 861444
12 36 861444
7 12 861444
31 38 861444
10 31 861444
16 30 861444
14 16 574296
16 27 574296
16 17 861444
5 40 861444
5 13 287148
26 38 574296
37 38 574296
34 48 861444
29 34 287148
36 43 574296
21 23 861444
48 49 574296
24 27 287148
29 42 861444
4 24 861444
3 45 574296
41 45 861444
7 19 287148
25 42 287148
47 49 861444
41 5 37 37038996
2 31 347784
2 32 173892
2 18 347784
20 31 521676
28 31 521676
31 33 347784
4 31 347784
17 31 347784
0 20 521676
20 39 173892
6 20 347784
3 32 347784
19 32 521676
7 32 347784
3 14 173892
1 3 347784
5 14 347784
14 27 347784
5 8 521676
37 39 347784
34 37 173892
37 38 173892
30 37 173892
36 37 173892
22 33 347784
4 26 173892
6 29 521676
19 25 521676
25 40 347784
9 34 347784
15 34 173892
10 40 347784
13 40 347784
16 40 173892
12 22 347784
17 24 173892
18 21 173892
15 35 173892
11 15 347784
10 23 173892
41 3 6 37123506
28 35 334446
32 35 167223
25 35 334446
24 28 501669
28 34 501669
16 28 334446
14 28 334446
1 28 334446
20 24 501669
24 26 167223
24 31 334446
27 32 334446
5 32 501669
32 38 334446
17 27 167223
23 27 334446
3 17 334446
17 18 334446
3 22 501669
6 26 334446
6 40 167223
0 6 167223
4 6 167223
6 30 167223
13 16 334446
14 36 167223
9 31 501669
5 8 501669
8 11 334446
37 40 334446
12 40 167223
11 29 334446
7 11 334446
11 39 167223
13 19 334446
1 21 167223
25 33 167223
2 12 167223
10 12 334446
15 29 167223
48 12 45 6519744
1 30 77616
26 30 38808
30 37 116424
17 30 77616
13 30 116424
1 11 116424
1 46 38808
11 12 77616
26 32 77616
26 40 116424
4 26 116424
26 39 38808
23 32 77616
8 32 38808
21 32 116424
29 32 38808
3 32 38808
22 37 38808
0 37 116424
23 24 38808
2 23 38808
15 17 116424
40 45 116424
25 40 38808
33 40 77616
5 15 38808
15 16 77616
8 42 38808
36 46 116424
44 46 116424
43 46 77616
21 31 77616
21 34 38808
9 31 77616
29 35 38808
5 20 77616
5 41 116424
5 47 116424
18 36 116424
27 36 77616
25 28 38808
7 25 38808
35 38 116424
3 6 116424
19 43 116424
0 14 116424
10 41 116424
48 33 47 81667404
2 37 648154
2 9 324077
2 26 972231
2 15 648154
2 4 972231
37 45 972231
36 37 324077
45 47 648154
9 40 648154
9 22 972231
9 38 972231
9 19 324077
31 40 648154
21 40 324077
40 42 972231
29 40 324077
28 40 324077
5 26 324077
25 26 972231
31 39 324077
13 31 324077
15 44 972231
22 33 972231
14 22 324077
22 24 648154
6 44 324077
0 44 648154
7 21 324077
20 36 972231
1 36 972231
35 36 648154
42 46 648154
8 42 324077
10 46 648154
17 29 324077
6 41 648154
6 34 972231
6 23 972231
16 20 972231
20 30 648154
14 32 324077
12 14 324077
3 17 972231
11 28 972231
18 35 972231
25 43 972231
27 34 972231
48 13 45 86908458
19 29 636692
29 30 318346
25 29 955038
14 29 636692
29 42 955038
19 46 955038
19 39 318346
45 46 636692
8 30 636692
30 32 955038
0 30 955038
30 34 318346
8 24 636692
8 27 318346
8 41 955038
8 15 318346
8 47 318346
9 25 318346
16 25 955038
4 24 318346
3 24 318346
14 44 955038
13 32 955038
22 32 318346
5 32 636692
20 44 318346
18 44 636692
6 27 318346
39 40 955038
35 39 955038
17 39 636692
21 41 636692
10 41 318346
21 28 636692
7 15 318346
20 36 636692
20 23 955038
20 43 955038
12 40 955038
31 40 636692
22 37 318346
22 33 318346
7 26 955038
38 47 955038
1 17 955038
11 16 955038
2 23 955038
44 10 33 136750
6 31 1094
5 31 547
31 42 1094
19 31 547
31 33 547
31 39 1094
6 13 547
5 37 1094
5 29 547
3 5 1641
5 43 1641
5 23 547
5 32 547
1 5 547
14 42 1641
15 42 1641
41 42 547
21 42 1094
12 42 1094
22 42 547
19 38 547
19 34 1641
17 19 1094
15 18 1094
16 41 1094
40 41 1641
16 24 1094
8 21 547
9 21 1641
2 21 1641
10 18 1641
18 30 1094
11 38 1094
8 27 1094
4 11 547
26 27 547
20 27 1641
26 35 1094
9 36 547
28 35 547
7 24 1641
22 25 1094
0 28 1094
48 18 28 25349973
11 25 238401
25 26 79467
23 25 158934
25 46 238401
25 30 79467
3 25 238401
11 37 79467
2 11 158934
11 12 79467
11 34 238401
11 38 79467
6 26 238401
26 39 238401
26 40 79467
31 37 158934
21 37 158934
0 6 79467
2 41 238401
2 27 79467
2 43 158934
2 14 158934
15 41 238401
40 42 238401
5 40 158934
33 42 79467
12 22 158934
15 29 158934
15 44 79467
23 47 158934
31 32 158934
17 46 158934
45 46 238401
1 27 158934
27 28 238401
1 24 158934
13 33 158934
8 33 79467
16 33 238401
17 20 79467
9 17 238401
17 35 79467
4 45 238401
10 45 79467
20 36 238401
7 21 79467
8 18 79467
19 35 158934
48 3 22 44909148
16 25 327804
25 27 109268
0 25 218536
25 37 327804
25 45 109268
25 42 327804
9 16 109268
12 16 218536
16 17 109268
16 28 327804
16 35 109268
27 39 327804
27 32 327804
26 27 109268
9 34 218536
9 33 218536
5 39 109268
6 12 327804
12 24 109268
12 46 218536
12 15 218536
1 6 327804
26 30 327804
8 26 218536
30 31 109268
2 17 218536
1 36 218536
1 18 109268
0 40 218536
20 34 218536
7 37 218536
21 37 327804
4 24 218536
3 24 327804
4 11 218536
19 31 218536
10 31 109268
29 31 327804
7 38 109268
7 13 327804
7 23 109268
21 44 327804
14 21 109268
38 47 327804
33 41 109268
10 22 109268
23 43 218536
48 38 39 123471600
3 40 881940
40 47 293980
16 40 587960
33 40 881940
28 40 293980
11 40 881940
3 19 293980
3 26 587960
3 13 293980
3 41 881940
3 44 293980
4 47 881940
8 47 881940
32 47 293980
19 35 587960
6 19 587960
4 12 293980
26 34 881940
23 26 293980
21 26 587960
5 26 587960
34 45 881940
14 32 881940
15 32 587960
14 42 293980
2 13 587960
27 45 587960
43 45 293980
0 16 587960
29 35 587960
24 33 587960
20 33 881940
7 23 587960
23 39 881940
7 30 587960
36 42 587960
18 42 293980
9 42 881940
24 37 293980
24 25 881940
24 46 293980
1 20 881940
10 20 293980
22 37 881940
6 31 293980
18 38 293980
17 46 587960
44 0 10 115972956
11 32 585722
8 32 585722
32 43 585722
20 32 292861
7 11 585722
11 42 878583
11 25 878583
8 31 292861
6 8 585722
8 27 878583
3 8 292861
8 19 585722
23 43 878583
40 43 878583
15 43 878583
33 43 585722
21 43 585722
16 20 292861
20 37 292861
9 31 878583
2 31 878583
23 26 292861
7 39 878583
6 12 292861
5 6 878583
1 12 292861
15 36 878583
10 15 585722
18 33 585722
27 41 878583
9 35 585722
3 30 292861
14 16 292861
16 28 585722
35 38 292861
10 17 585722
10 13 878583
26 29 292861
34 41 292861
4 34 878583
2 24 878583
0 2 292861
22 24 878583
41 11 12 2396250
23 36 319500
32 36 159750
30 36 319500
35 36 319500
17 32 319500
30 38 479250
8 30 479250
30 31 319500
16 30 319500
3 30 319500
15 30 319500
22 30 159750
14 30 479250
26 38 319500
7 38 159750
0 38 479250
33 38 159750
8 13 479250
8 28 479250
8 11 319500
12 31 319500
25 31 479250
4 7 479250
7 18 319500
35 39 479250
2 35 319500
4 19 319500
2 37 319500
12 21 319500
9 16 479250
1 19 319500
3 40 159750
1 34 319500
29 34 319500
20 34 479250
24 25 159750
6 29 319500
10 17 159750
5 24 319500
6 27 159750
40 17 39 2159850
24 31 26775
24 27 8925
8 31 17850
11 31 17850
28 31 17850
21 31 17850
3 31 26775
7 31 26775
8 32 8925
1 8 26775
9 11 26775
28 30 8925
14 28 26775
28 36 26775
21 38 17850
3 12 8925
3 39 8925
20 27 17850
17 27 8925
12 15 8925
12 33 8925
2 12 26775
12 19 17850
14 26 17850
6 14 17850
15 29 26775
20 34 17850
0 26 17850
10 39 26775
13 32 26775
32 37 8925
10 25 26775
10 18 26775
23 25 26775
18 22 8925
4 29 8925
5 17 26775
33 35 8925
16 37 8925
45 15 31 83334300
26 29 833343
24 29 833343
29 36 277781
11 29 833343
5 29 277781
9 29 277781
13 26 833343
21 26 833343
26 43 277781
23 26 555562
24 44 277781
20 24 555562
24 39 555562
24 33 833343
1 36 555562
15 44 277781
0 44 555562
32 44 555562
28 44 277781
18 20 555562
20 34 555562
4 15 277781
5 7 833343
7 40 277781
13 35 277781
16 39 833343
6 39 555562
14 39 833343
22 39 833343
16 17 833343
16 27 555562
2 9 277781
9 41 555562
8 41 833343
4 25 277781
4 38 277781
8 37 555562
8 12 555562
10 21 277781
10 19 277781
1 3 555562
31 40 833343
19 42 277781
30 37 833343
46 4 11 12060999
5 15 256617
5 9 256617
5 18 256617
15 27 513234
10 15 513234
15 37 513234
6 15 769851
15 20 256617
27 29 256617
27 28 769851
10 32 769851
10 41 256617
10 44 256617
9 45 513234
9 17 513234
9 35 256617
37 42 256617
30 37 256617
18 40 769851
21 45 769851
24 45 513234
33 45 769851
1 21 256617
21 34 513234
21 23 256617
32 39 769851
0 41 256617
14 41 513234
1 8 513234
1 12 256617
11 42 769851
42 43 256617
38 39 513234
25 39 256617
0 26 513234
11 22 769851
11 36 769851
19 38 256617
3 40 513234
6 13 769851
31 35 513234
16 33 256617
2 19 769851
7 31 256617
4 43 513234
45 22 39 65210624
16 28 509458
2 28 764187
13 28 509458
7 28 254729
28 36 509458
15 16 509458
16 31 254729
15 37 254729
15 35 764187
15 32 764187
15 43 509458
3 15 764187
15 41 254729
1 15 509458
2 39 254729
2 23 509458
5 37 509458
4 37 254729
18 37 254729
35 44 764187
33 35 254729
9 31 764187
30 31 764187
5 8 509458
5 42 254729
5 14 764187
7 12 254729
21 32 764187
26 43 509458
9 17 764187
9 25 509458
33 40 254729
17 24 254729
17 19 764187
0 40 509458
21 27 764187
21 38 254729
11 18 254729
6 18 254729
10 18 764187
20 41 509458
11 34 254729
14 29 254729
14 22 764187
45 42 44 72184626
31 34 425868
5 34 638802
33 34 425868
34 43 212934
34 39 425868
18 31 425868
21 31 212934
18 40 212934
1 18 638802
18 20 638802
9 18 425868
10 18 638802
13 18 212934
18 36 425868
5 44 212934
5 24 425868
4 40 425868
14 40 212934
2 40 212934
1 16 638802
1 22 212934
21 38 638802
11 21 638802
4 26 425868
4 32 212934
3 4 638802
28 43 212934
15 20 638802
0 9 425868
17 38 638802
29 38 425868
22 27 212934
12 17 212934
8 17 638802
27 37 425868
6 15 638802
15 25 212934
2 41 212934
2 7 212934
2 23 638802
13 35 425868
19 41 212934
3 30 212934
3 42 638802
45 1 32 115384093
22 38 665038
22 37 997557
22 30 665038
6 22 332519
7 22 665038
38 40 665038
15 38 332519
21 40 332519
10 40 997557
40 44 997557
18 40 665038
40 42 997557
28 40 332519
34 40 665038
32 37 332519
24 37 665038
21 36 665038
4 21 332519
21 27 332519
10 19 997557
10 43 332519
5 15 997557
13 15 997557
25 36 665038
26 36 332519
16 36 997557
2 6 332519
23 44 997557
18 41 665038
3 5 997557
5 14 665038
9 43 332519
3 11 332519
3 33 997557
9 12 665038
23 31 997557
0 23 332519
20 27 332519
27 29 332519
27 39 997557
17 28 665038
8 20 332519
16 35 332519
1 16 997557
48 0 17 18185410
22 32 237201
16 22 79067
3 22 237201
22 42 237201
22 36 79067
19 22 237201
7 16 158134
16 47 79067
9 16 158134
10 16 237201
4 16 158134
16 30 79067
7 13 158134
7 28 158134
7 17 237201
7 24 158134
0 47 158134
13 31 158134
1 13 237201
28 39 237201
3 18 158134
3 21 79067
3 6 158134
25 31 237201
0 8 158134
26 36 237201
34 36 158134
8 35 158134
8 38 158134
8 33 79067
26 41 158134
20 26 158134
14 19 237201
19 44 158134
18 45 158134
18 46 158134
18 23 237201
29 45 79067
15 29 237201
21 37 237201
1 11 237201
6 40 237201
5 46 158134
15 27 237201
2 20 79067
20 43 79067
12 33 158134
43 27 40 57956670
6 8 415460
8 28 623190
8 30 415460
8 37 415460
8 29 623190
6 11 623190
11 34 207730
28 33 623190
10 28 207730
18 28 207730
30 42 207730
3 30 207730
5 30 415460
0 34 415460
34 35 623190
1 33 623190
2 33 207730
9 10 207730
10 38 623190
19 42 623190
22 42 623190
1 13 415460
1 40 415460
9 17 415460
17 25 415460
17 39 415460
13 16 623190
13 24 207730
13 32 623190
13 26 623190
15 16 623190
24 36 623190
19 31 207730
36 41 623190
20 39 415460
7 31 415460
12 31 415460
4 7 415460
5 27 207730
5 14 207730
20 23 623190
21 35 623190
43 7 34 65141498
18 33 414914
27 33 622371
26 33 414914
4 33 414914
15 33 622371
5 18 622371
5 37 207457
27 32 622371
27 30 207457
25 27 207457
16 26 207457
22 26 207457
26 40 414914
17 37 414914
0 37 622371
31 32 622371
8 32 207457
20 30 207457
30 39 622371
3 16 622371
11 16 622371
31 41 414914
7 31 414914
20 28 414914
9 28 414914
23 28 414914
19 41 622371
13 41 207457
14 41 622371
38 41 622371
19 42 622371
12 13 622371
3 29 207457
10 12 622371
2 23 414914
24 29 414914
1 29 414914
24 35 414914
34 40 207457
6 40 207457
2 21 622371
0 36 622371
43 14 31 17353560
17 34 67920
17 40 101880
10 17 67920
6 17 67920
3 17 101880
18 34 101880
18 37 33960
1 40 101880
2 40 33960
20 40 33960
10 27 33960
10 32 33960
10 25 67920
21 37 67920
8 37 101880
1 13 101880
1 38 33960
2 15 33960
2 42 101880
27 33 101880
27 35 101880
11 13 67920
13 31 67920
15 39 67920
9 39 67920
5 39 67920
7 11 101880
11 19 33960
4 11 101880
11 23 101880
7 26 101880
19 41 101880
12 33 33960
28 41 101880
5 24 67920
12 36 67920
12 29 67920
16 36 67920
14 25 33960
0 25 33960
22 24 101880
8 30 101880
46 7 43 5990175
1 41 133115
27 41 266230
41 42 266230
16 41 266230
1 26 399345
1 34 266230
22 27 399345
25 27 133115
27 30 399345
26 33 133115
2 26 266230
26 36 133115
31 33 133115
33 38 133115
2 37 266230
35 37 133115
4 37 266230
22 44 266230
20 22 133115
25 28 266230
6 25 399345
11 30 133115
5 42 266230
13 31 399345
35 39 133115
23 38 266230
38 43 399345
9 38 266230
0 5 399345
32 44 133115
10 44 133115
18 44 266230
4 12 133115
17 39 266230
19 20 399345
3 20 399345
15 20 133115
28 29 399345
21 28 133115
14 19 133115
40 43 399345
17 45 399345
8 17 133115
7 9 399345
16 24 399345
46 30 31 401760
38 39 7440
29 38 14880
14 38 14880
33 38 14880
24 39 22320
28 39 14880
5 29 22320
17 29 7440
13 29 22320
2 24 7440
4 24 14880
24 27 7440
2 23 7440
2 34 7440
4 6 14880
6 16 7440
1 6 14880
5 25 14880
5 42 7440
17 19 14880
3 17 22320
13 40 7440
14 44 14880
20 23 22320
0 16 7440
34 36 14880
31 34 22320
34 45 14880
37 44 22320
21 25 7440
7 25 7440
25 35 14880
1 8 7440
0 11 14880
10 42 22320
41 42 22320
42 43 7440
19 22 22320
9 19 7440
10 18 7440
12 31 22320
11 32 22320
11 15 7440
30 45 22320
26 33 22320
46 7 35 10872192
38 42 118176
42 45 236352
15 42 236352
28 42 236352
27 38 354528
13 38 236352
32 45 354528
17 45 118176
23 45 354528
14 27 118176
18 27 236352
8 27 118176
9 14 118176
14 34 118176
18 25 236352
25 43 118176
24 25 236352
29 32 236352
31 32 118176
10 17 236352
2 17 354528
1 23 118176
15 21 236352
9 41 354528
12 43 118176
3 34 236352
34 35 354528
34 37 236352
21 40 354528
6 29 118176
16 29 118176
20 29 236352
24 26 118176
12 44 236352
31 36 354528
19 31 354528
5 31 118176
0 10 354528
10 11 118176
33 36 118176
4 35 354528
39 44 354528
30 44 118176
7 37 354528
22 28 354528
40 4 13 79108707
11 16 571182
16 32 856773
16 37 571182
16 38 571182
0 16 285591
16 34 856773
11 26 285591
11 24 856773
2 11 571182
3 11 285591
8 32 285591
5 32 856773
6 8 856773
5 33 285591
1 5 856773
5 21 571182
5 13 285591
6 27 571182
31 33 856773
19 33 856773
9 33 856773
20 37 856773
18 37 571182
24 25 285591
17 20 285591
20 23 856773
25 28 856773
25 39 285591
18 35 571182
18 30 285591
4 38 856773
15 35 571182
7 17 571182
1 29 856773
28 36 285591
12 28 571182
7 10 571182
3 22 285591
14 39 285591
40 30 35 110333952
12 13 598016
12 19 897024
0 12 598016
12 25 598016
12 38 299008
12 24 897024
13 26 299008
7 13 897024
13 33 598016
13 37 299008
19 22 299008
19 21 897024
9 22 897024
14 21 299008
21 28 897024
21 31 598016
21 35 299008
9 39 598016
10 14 897024
4 14 897024
6 14 897024
0 20 897024
0 8 598016
7 32 299008
20 27 299008
1 20 897024
16 32 897024
15 32 299008
8 34 598016
8 18 299008
25 30 897024
2 34 598016
3 27 598016
11 28 897024
16 29 299008
16 23 598016
3 17 598016
5 37 299008
15 36 299008
40 34 35 9892658
10 23 52204
23 38 78306
22 23 52204
23 33 52204
18 23 26102
5 23 78306
0 10 26102
9 10 78306
10 15 52204
10 20 26102
36 38 26102
21 38 78306
7 36 78306
21 28 26102
1 21 78306
4 21 52204
21 35 26102
7 8 52204
28 37 78306
11 28 78306
28 30 78306
22 26 78306
22 29 52204
6 9 26102
2 26 26102
26 32 78306
6 12 78306
6 16 26102
29 31 52204
17 29 26102
33 34 78306
19 31 52204
2 3 52204
1 25 78306
12 24 26102
12 14 52204
3 13 52204
20 39 26102
16 27 26102
43 8 20 25143168
23 29 196431
0 23 196431
23 38 392862
4 29 196431
29 42 392862
6 29 589293
5 29 392862
2 29 392862
4 7 196431
4 40 589293
4 35 392862
7 41 392862
7 21 589293
7 37 392862
7 12 392862
39 41 392862
13 41 196431
25 41 196431
11 42 392862
20 42 589293
33 40 392862
32 40 196431
21 22 589293
10 21 589293
19 37 196431
24 37 392862
34 38 196431
30 38 589293
15 38 589293
14 22 589293
9 39 392862
2 28 196431
20 31 392862
17 34 196431
26 30 392862
3 12 589293
12 18 589293
13 36 196431
16 32 589293
27 32 196431
1 3 196431
8 26 196431
45 22 29 47227117
4 14 395206
4 13 592809
2 4 592809
4 37 592809
4 40 592809
9 14 395206
13 20 395206
13 21 197603
2 17 395206
2 38 197603
2 29 197603
9 33 395206
1 9 395206
5 9 395206
25 37 592809
17 28 197603
17 44 592809
3 17 592809
38 41 592809
28 35 395206
32 44 395206
8 44 197603
10 40 395206
19 33 592809
16 33 592809
12 33 592809
18 19 395206
24 41 395206
3 34 197603
7 16 395206
16 42 592809
7 39 395206
25 30 197603
11 42 395206
26 39 592809
0 18 197603
34 43 197603
27 34 197603
6 43 592809
15 30 592809
15 22 197603
6 31 592809
6 23 395206
8 36 197603
45 4 22 53356864
1 12 255296
12 42 382944
12 28 382944
5 12 382944
12 36 382944
1 37 255296
6 42 255296
29 42 127648
21 28 255296
18 28 127648
4 28 127648
11 37 255296
33 37 255296
32 37 255296
2 5 382944
8 21 127648
21 40 382944
3 21 382944
18 34 382944
8 15 255296
0 40 255296
20 40 127648
26 36 255296
11 44 382944
9 11 382944
11 31 382944
17 44 255296
13 34 255296
3 27 127648
9 14 255296
9 35 382944
14 38 255296
2 41 127648
23 35 255296
30 38 382944
17 24 127648
27 43 127648
27 39 127648
25 43 382944
19 41 382944
19 22 127648
16 25 382944
10 25 255296
7 20 127648
45 4 29 53857018
0 36 231146
19 36 346719
27 36 346719
25 36 346719
36 44 346719
0 17 231146
8 19 231146
14 19 115573
27 37 231146
10 27 115573
4 27 115573
5 17 231146
11 17 231146
17 20 231146
25 33 346719
37 42 115573
26 37 346719
37 40 346719
10 21 346719
34 42 231146
15 26 231146
9 26 115573
28 44 231146
5 35 346719
3 5 346719
2 5 346719
35 38 231146
1 21 231146
6 40 115573
3 18 231146
3 12 346719
18 41 231146
31 33 115573
12 32 231146
30 41 346719
38 43 115573
6 39 115573
6 7 115573
24 39 346719
16 31 346719
16 29 115573
22 24 346719
23 24 231146
9 13 115573
46 18 26 42108696
14 32 89784
14 19 269352
18 32 179568
32 45 269352
9 32 269352
23 32 179568
32 36 179568
0 18 179568
18 40 89784
25 45 89784
22 45 269352
2 45 179568
9 17 179568
9 35 179568
5 9 89784
19 37 179568
19 31 179568
3 17 269352
17 44 269352
7 37 179568
37 38 89784
21 23 179568
23 34 179568
16 23 89784
1 36 179568
13 36 179568
1 27 179568
1 42 89784
33 35 179568
2 24 269352
2 4 89784
3 6 89784
0 10 89784
31 39 269352
11 13 89784
10 12 179568
8 27 269352
27 30 89784
41 42 269352
15 44 269352
8 20 269352
12 43 269352
28 40 269352
11 29 179568
26 38 179568
43 6 40 39239564
4 36 215602
4 25 107801
4 24 107801
4 5 323403
36 38 107801
20 36 323403
30 36 215602
15 36 215602
10 38 323403
16 38 107801
3 38 323403
21 38 215602
9 25 215602
23 25 215602
24 29 215602
12 24 107801
20 39 215602
20 42 323403
2 20 215602
20 27 215602
16 19 323403
13 16 323403
14 16 107801
9 33 107801
9 32 323403
3 41 323403
3 35 323403
1 30 215602
23 37 323403
13 40 215602
31 41 215602
28 41 215602
6 41 215602
21 34 107801
17 31 323403
7 31 215602
18 31 107801
0 31 215602
1 8 215602
5 11 323403
14 26 323403
22 34 215602
43 33 36 86462425
11 28 406882
28 38 203441
4 28 203441
0 28 610323
9 11 203441
2 11 610323
11 17 406882
11 26 406882
9 20 610323
9 24 203441
9 22 610323
9 29 406882
38 41 406882
1 38 406882
4 8 406882
4 12 203441
2 3 406882
2 32 610323
2 16 406882
2 10 406882
24 40 610323
19 24 610323
24 25 203441
7 41 203441
6 41 610323
22 37 610323
5 22 610323
17 27 406882
1 31 610323
19 36 406882
34 37 406882
37 39 406882
33 37 406882
13 29 203441
15 34 610323
34 42 406882
14 34 203441
34 35 406882
27 30 406882
0 21 610323
18 25 610323
13 23 406882
43 9 28 5320920
17 32 24464
17 26 12232
17 21 12232
0 17 36696
23 32 12232
24 32 36696
8 32 24464
16 32 24464
7 23 36696
23 36 12232
20 23 36696
23 29 24464
19 26 24464
22 26 24464
4 21 24464
21 37 12232
24 42 24464
24 35 36696
24 41 24464
24 31 24464
6 36 36696
12 36 36696
3 36 12232
19 39 12232
19 25 36696
13 20 36696
2 20 36696
8 33 24464
18 22 36696
12 28 24464
10 13 24464
13 34 24464
9 13 24464
29 30 12232
10 15 36696
10 40 24464
10 38 12232
10 11 24464
14 33 24464
0 5 36696
1 3 36696
27 30 24464
50 24 28 7148007
20 44 82161
7 20 164322
20 39 246483
20 32 246483
20 26 246483
7 36 164322
7 22 82161
7 13 246483
7 30 82161
7 24 164322
7 15 164322
7 29 164322
36 41 164322
3 36 82161
36 49 164322
10 36 164322
8 41 164322
11 22 246483
4 22 82161
22 34 246483
13 33 246483
13 17 82161
11 48 164322
23 33 246483
28 30 246483
19 30 164322
1 24 246483
39 46 82161
12 32 246483
25 28 164322
28 37 164322
27 28 82161
4 35 246483
0 46 164322
14 19 82161
21 48 164322
12 47 82161
9 12 246483
14 38 246483
6 29 246483
29 42 164322
31 35 246483
21 40 246483
40 45 82161
5 40 82161
10 18 164322
16 45 246483
43 45 164322
2 16 82161
40 8 20 4372212
8 19 56054
7 19 112108
14 19 56054
15 19 168162
19 37 168162
8 28 112108
8 10 112108
8 26 168162
8 24 168162
7 39 168162
7 38 112108
2 7 168162
6 7 168162
28 31 56054
35 39 168162
12 39 112108
17 39 112108
34 39 56054
1 35 112108
4 35 56054
13 35 56054
5 12 112108
11 12 112108
5 29 56054
5 36 56054
32 38 112108
27 38 112108
15 22 112108
15 30 112108
15 33 168162
0 24 168162
9 29 112108
21 29 168162
25 29 112108
17 23 112108
17 20 56054
16 23 56054
18 23 56054
3 20 112108
40 20 37 43767702
30 37 180114
4 30 360228
24 30 180114
29 30 540342
22 30 540342
17 37 360228
13 37 360228
8 37 540342
15 37 540342
4 9 540342
2 4 360228
3 4 540342
4 16 540342
17 28 180114
9 32 540342
7 9 360228
9 35 360228
9 38 180114
32 36 360228
31 32 180114
27 32 180114
7 14 360228
7 19 360228
14 18 180114
11 14 180114
2 39 360228
2 26 360228
29 34 360228
12 29 360228
21 29 540342
5 15 540342
18 23 360228
18 33 540342
0 18 360228
1 35 360228
20 35 180114
1 10 180114
1 25 180114
6 20 360228
43 4 37 27148872
34 40 714444
13 34 714444
19 40 238148
39 40 238148
1 40 238148
33 40 476296
19 37 476296
0 19 238148
19 21 476296
32 37 238148
37 41 238148
0 15 238148
0 2 238148
0 24 476296
7 32 714444
5 15 714444
15 20 238148
8 13 476296
4 13 238148
6 13 238148
31 41 714444
16 41 476296
41 42 714444
5 18 238148
1 25 714444
16 17 476296
16 38 476296
20 29 238148
20 23 238148
9 20 714444
8 35 714444
28 42 238148
11 23 238148
14 18 714444
18 36 476296
18 30 238148
2 3 714444
14 27 238148
14 26 476296
12 36 714444
10 11 476296
22 24 238148
48 12 37 22442890
24 37 792102
24 47 792102
28 37 528068
15 37 528068
19 47 792102
2 47 264034
45 47 792102
12 47 792102
8 19 264034
19 42 792102
6 19 792102
19 33 264034
19 22 528068
8 10 792102
8 16 264034
8 17 528068
8 43 528068
1 8 528068
8 11 528068
5 8 792102
7 8 792102
2 21 792102
2 40 528068
2 32 264034
2 29 792102
18 42 528068
34 45 792102
4 45 792102
36 45 528068
39 45 528068
9 34 528068
10 35 264034
9 46 528068
28 38 264034
6 14 792102
3 21 792102
20 38 264034
13 43 792102
31 40 264034
4 30 528068
27 31 528068
0 31 792102
15 41 528068
23 32 264034
12 44 264034
26 35 264034
25 35 528068
48 29 32 59550442
4 29 823278
4 27 823278
12 29 548852
7 29 548852
27 39 823278
27 37 274426
27 38 823278
27 32 823278
13 39 274426
39 44 823278
0 39 823278
17 39 274426
25 39 548852
13 18 823278
13 16 274426
13 21 548852
13 42 548852
13 23 548852
3 13 548852
13 15 823278
13 34 823278
37 43 823278
22 37 548852
31 37 274426
11 37 823278
14 44 548852
26 38 823278
10 38 823278
36 38 548852
38 41 548852
8 26 548852
18 33 274426
8 30 548852
6 12 274426
0 24 823278
43 45 823278
6 9 274426
1 42 823278
5 22 274426
10 19 548852
2 5 548852
5 28 823278
7 46 548852
31 35 274426
32 40 274426
33 47 274426
20 33 548852
48 7 37 41544672
7 24 399468
24 38 399468
7 27 266312
7 31 266312
15 38 399468
38 42 133156
2 38 399468
37 38 399468
8 15 133156
15 26 399468
15 34 399468
10 15 133156
14 15 266312
8 23 399468
8 33 133156
8 13 266312
8 36 266312
8 19 266312
0 8 266312
8 25 399468
8 43 399468
41 42 399468
42 46 266312
35 42 133156
29 42 399468
20 26 266312
2 40 399468
2 17 399468
2 21 266312
2 16 266312
32 40 266312
23 47 133156
18 32 266312
22 27 133156
30 34 399468
28 41 399468
1 22 133156
3 36 399468
11 46 133156
4 17 266312
5 11 266312
9 11 399468
31 45 266312
12 35 133156
37 44 133156
39 47 133156
6 47 266312
48 21 39 32618376
3 21 302022
3 42 302022
21 34 201348
6 21 201348
10 42 302022
7 42 100674
42 43 302022
39 42 302022
10 16 100674
2 10 302022
10 15 302022
4 10 100674
10 36 201348
16 45 302022
16 35 100674
16 47 201348
16 19 201348
1 16 201348
9 16 201348
16 41 302022
8 16 302022
7 14 302022
7 40 201348
7 12 100674
0 7 302022
2 46 201348
26 43 302022
27 43 302022
28 43 201348
32 43 201348
26 30 201348
24 45 100674
30 38 201348
31 34 100674
15 33 302022
5 14 302022
29 31 100674
13 19 302022
23 40 100674
18 27 201348
11 23 201348
22 23 302022
6 25 201348
12 17 100674
39 44 100674
20 24 100674
24 37 201348
47 9 45 33716944
38 39 443644
19 39 665466
30 39 443644
39 42 665466
39 46 443644
5 39 665466
14 38 665466
8 38 665466
18 38 665466
0 38 221822
2 19 221822
19 21 665466
3 19 665466
19 31 221822
19 25 221822
16 19 443644
9 19 443644
12 19 665466
2 35 443644
2 43 443644
34 35 665466
29 35 443644
17 35 665466
30 44 221822
1 30 443644
3 26 443644
40 44 221822
28 44 443644
23 44 665466
24 42 665466
13 42 221822
15 42 443644
7 42 443644
11 14 221822
14 32 665466
14 45 443644
22 28 665466
4 24 443644
25 36 221822
10 13 443644
9 27 443644
20 29 221822
29 37 221822
7 41 665466
6 17 221822
5 33 665466
47 13 20 67132460
15 24 431720
24 25 647580
22 24 431720
24 26 647580
24 34 431720
24 35 647580
4 15 647580
15 37 647580
6 15 647580
9 15 215860
19 25 215860
25 39 647580
25 36 647580
7 25 215860
25 46 215860
25 42 431720
13 25 431720
25 40 647580
19 41 431720
1 19 431720
33 41 647580
18 41 431720
3 41 647580
22 45 215860
22 29 431720
32 36 431720
10 45 215860
5 45 431720
30 45 647580
23 26 647580
17 26 215860
8 26 431720
12 26 431720
0 4 215860
4 14 647580
4 20 431720
5 38 647580
23 43 431720
21 46 215860
17 31 431720
13 44 431720
2 18 215860
18 27 215860
12 28 647580
3 16 215860
11 35 647580
49 9 26 31290540
8 44 184062
34 44 184062
28 44 61354
8 26 184062
8 29 122708
8 21 184062
3 34 122708
34 48 122708
3 27 184062
0 3 122708
3 7 61354
27 39 61354
18 27 61354
27 37 122708
2 39 184062
19 29 122708
29 47 122708
11 19 122708
19 40 184062
24 48 61354
16 28 184062
23 28 184062
15 47 61354
18 38 61354
18 41 122708
15 30 122708
15 35 61354
17 38 184062
33 38 184062
32 38 122708
5 38 184062
12 41 184062
36 41 122708
20 41 184062
1 17 122708
25 36 184062
9 36 122708
2 6 184062
7 46 61354
22 24 184062
14 25 61354
13 25 122708
31 40 184062
4 31 184062
31 42 122708
16 45 61354
16 43 184062
10 35 184062
45 33 43 1867936
39 44 133424
15 39 133424
20 39 66712
39 40 66712
19 39 133424
2 44 200136
16 44 200136
13 44 200136
2 36 200136
2 31 133424
10 15 200136
20 35 133424
20 38 66712
20 32 133424
14 35 200136
5 35 66712
22 35 133424
33 35 200136
35 43 200136
7 10 200136
9 10 133424
37 38 133424
6 40 133424
3 40 200136
14 26 66712
14 41 200136
8 14 133424
0 19 133424
5 23 133424
5 24 66712
5 42 133424
1 7 133424
0 11 66712
0 17 66712
9 21 133424
9 28 133424
9 27 133424
30 31 66712
3 34 66712
11 12 200136
17 29 200136
17 18 200136
4 41 133424
25 43 133424
45 10 28 18677988
4 5 397404
4 30 397404
4 22 198702
4 8 198702
4 43 397404
5 44 596106
1 5 596106
5 19 596106
9 44 596106
34 44 397404
30 35 596106
22 38 397404
22 26 198702
22 24 397404
29 38 596106
23 38 198702
12 38 397404
28 38 596106
10 38 596106
21 35 596106
35 36 397404
26 37 397404
8 27 397404
8 20 596106
14 29 198702
11 29 596106
29 42 397404
13 43 397404
23 25 397404
16 23 198702
2 23 397404
7 21 397404
13 31 198702
13 17 198702
36 39 397404
18 36 397404
6 36 397404
3 34 198702
20 33 198702
0 31 596106
17 41 596106
17 40 596106
11 15 397404
10 32 397404
49 43 48 4066584
19 42 88404
31 42 88404
10 42 88404
19 38 88404
19 30 29468
38 48 58936
36 38 88404
26 38 29468
24 30 88404
30 46 88404
30 47 58936
30 41 58936
12 30 58936
17 24 29468
17 23 88404
17 28 29468
14 17 88404
17 29 29468
16 31 29468
7 31 29468
27 47 29468
8 23 29468
11 28 29468
28 39 88404
32 41 29468
21 41 88404
15 41 58936
32 45 29468
32 34 88404
32 35 88404
6 32 88404
1 32 88404
25 45 88404
21 40 88404
33 34 88404
20 34 58936
10 43 29468
10 22 88404
26 37 58936
43 44 29468
0 44 29468
2 16 58936
16 18 58936
3 14 88404
4 8 88404
11 13 29468
9 18 58936
5 35 29468
40 3 19 96095130
3 32 945198
3 18 630132
3 28 945198
3 16 630132
31 32 630132
0 18 945198
12 18 945198
18 24 945198
0 20 945198
0 23 945198
0 39 315066
0 35 945198
9 31 630132
9 10 945198
9 11 630132
9 29 945198
10 19 945198
1 10 630132
10 30 315066
10 17 315066
2 10 630132
12 14 315066
12 13 945198
12 15 630132
1 22 945198
1 4 315066
22 26 315066
5 22 945198
7 22 315066
6 11 630132
11 37 945198
28 38 945198
21 28 630132
8 26 945198
5 33 630132
33 36 315066
2 25 630132
34 39 315066
21 27 630132
40 6 35 9974199
35 38 78537
10 35 52358
23 35 78537
8 35 52358
4 38 52358
10 11 78537
1 10 78537
10 36 78537
11 27 78537
11 28 78537
11 19 26179
5 11 78537
4 22 52358
22 34 78537
9 22 52358
14 22 78537
6 34 78537
32 34 52358
21 34 26179
34 39 26179
3 34 52358
1 37 26179
1 25 78537
1 18 52358
17 32 78537
12 32 26179
17 29 26179
17 31 78537
7 17 26179
9 33 52358
9 16 78537
23 24 78537
23 30 52358
2 29 78537
26 31 52358
0 26 26179
3 15 52358
13 19 26179
20 30 52358
47 23 40 25017987
0 35 381954
0 8 381954
0 25 572931
0 38 381954
0 36 381954
0 45 190977
7 35 190977
33 35 572931
15 35 572931
35 43 190977
28 35 190977
35 39 190977
35 40 190977
7 16 381954
7 26 381954
8 19 572931
22 25 381954
13 25 572931
6 26 190977
26 44 381954
4 26 190977
9 19 572931
19 30 381954
19 37 381954
19 46 190977
19 42 572931
9 23 190977
9 11 190977
3 22 572931
10 22 190977
22 24 381954
3 17 572931
5 30 572931
29 30 190977
27 44 190977
14 44 190977
10 32 190977
17 18 190977
1 15 381954
41 46 190977
12 38 572931
2 32 572931
13 21 572931
20 27 381954
4 34 190977
29 31 381954
44 18 33 4234993
2 8 37982
2 35 18991
2 33 37982
2 40 37982
8 12 37982
8 38 56973
8 28 37982
5 8 18991
8 29 56973
25 35 18991
26 35 37982
22 35 56973
35 41 37982
12 23 37982
6 12 56973
12 17 37982
12 13 18991
19 38 18991
21 38 37982
32 33 56973
30 33 37982
23 37 18991
11 23 37982
1 23 56973
23 31 56973
37 39 18991
6 34 56973
0 6 37982
9 19 18991
19 42 37982
3 19 56973
11 18 37982
22 27 37982
16 39 37982
39 43 56973
1 7 56973
4 32 37982
9 24 56973
14 34 18991
7 36 37982
0 15 56973
10 15 56973
16 20 18991
44 3 25 26702632
12 37 169004
34 37 84502
3 37 169004
14 37 169004
12 38 169004
9 12 253506
12 17 169004
0 12 84502
5 12 253506
34 35 84502
34 40 169004
32 34 253506
34 36 169004
38 39 169004
16 38 253506
31 38 169004
26 38 84502
9 23 84502
9 18 169004
3 27 253506
3 43 169004
29 39 84502
22 39 169004
4 39 253506
15 39 253506
13 29 84502
16 28 253506
8 16 169004
23 30 84502
21 23 169004
19 23 253506
22 25 169004
20 32 169004
10 13 169004
13 42 253506
4 24 253506
6 27 169004
2 30 253506
7 28 84502
24 41 169004
1 8 253506
1 11 253506
10 33 84502
44 33 42 68752152
10 36 424396
2 10 212198
10 33 424396
10 41 424396
35 36 424396
0 36 636594
20 36 424396
29 36 212198
23 36 636594
2 15 212198
2 8 424396
2 24 636594
2 6 424396
16 35 424396
18 35 636594
3 35 424396
5 35 212198
0 26 212198
0 19 424396
25 33 636594
13 33 424396
16 31 212198
16 39 424396
12 16 636594
16 17 636594
28 31 212198
18 43 636594
14 18 424396
21 26 212198
26 40 424396
26 27 636594
39 42 424396
9 24 424396
22 28 424396
28 34 636594
11 12 636594
25 38 424396
4 21 636594
30 43 212198
11 32 424396
14 37 636594
1 37 636594
7 22 212198
46 24 34 3578906
18 45 32834
22 45 32834
7 45 49251
17 45 32834
18 40 49251
3 18 16417
18 24 49251
18 41 49251
6 40 32834
34 40 49251
28 40 32834
32 40 49251
22 25 16417
22 37 16417
6 14 32834
6 13 16417
25 38 16417
25 29 49251
1 25 32834
3 27 49251
0 3 32834
11 34 32834
34 43 32834
34 44 16417
28 42 32834
24 35 32834
2 24 16417
12 24 32834
24 30 32834
11 23 16417
8 23 32834
7 21 49251
7 9 32834
4 42 32834
16 42 49251
19 38 16417
2 31 49251
2 10 32834
17 39 49251
17 33 16417
17 26 16417
36 37 32834
4 15 49251
5 19 49251
20 41 49251
46 6 42 18497050
1 7 201786
1 43 67262
1 44 67262
1 30 134524
1 4 201786
7 34 201786
7 32 67262
6 7 201786
7 23 201786
7 25 67262
5 7 201786
28 34 67262
34 40 67262
11 43 67262
13 43 134524
35 43 201786
11 16 134524
13 18 201786
0 16 134524
16 21 134524
10 44 67262
38 44 67262
0 3 67262
0 2 201786
6 27 67262
6 45 201786
6 33 201786
12 35 67262
35 41 67262
3 19 201786
3 26 67262
23 36 201786
17 23 201786
19 20 67262
19 22 134524
31 45 134524
33 39 134524
33 37 134524
2 8 67262
9 26 201786
29 41 201786
24 41 201786
15 17 201786
8 14 134524
29 42 134524
46 0 17 102901606
26 27 777594
27 31 259198
4 27 259198
27 40 518396
25 27 777594
13 26 777594
26 41 259198
17 26 777594
22 26 777594
11 26 259198
7 26 777594
13 34 259198
13 21 259198
31 36 259198
16 31 518396
31 42 777594
15 36 518396
2 16 777594
6 15 518396
14 15 518396
4 43 259198
4 32 259198
3 6 259198
6 28 777594
12 17 259198
8 17 777594
17 18 777594
30 42 259198
39 42 259198
3 29 777594
3 44 259198
19 22 777594
22 38 777594
1 29 259198
10 29 518396
8 35 518396
18 37 518396
18 33 518396
5 28 259198
24 44 777594
39 45 777594
23 39 777594
20 38 777594
5 9 518396
0 45 518396
46 35 43 119323039
7 11 879531
7 40 293177
7 24 293177
3 7 586354
7 17 879531
11 32 879531
5 11 293177
11 35 879531
11 41 879531
9 11 293177
11 37 879531
32 39 293177
27 32 293177
28 40 293177
18 40 586354
34 40 879531
26 28 586354
18 19 879531
14 26 586354
6 26 586354
1 24 293177
24 29 293177
14 42 293177
13 14 879531
30 35 293177
20 35 879531
2 35 879531
34 45 293177
12 34 293177
38 42 879531
23 42 293177
8 41 879531
0 41 879531
31 38 293177
25 38 586354
20 36 586354
2 10 586354
2 44 586354
13 16 293177
4 23 879531
12 15 879531
12 22 879531
0 21 879531
16 33 586354
15 43 586354
46 2 42 82132452
8 31 739932
8 35 246644
8 12 739932
8 16 246644
31 43 493288
31 40 246644
30 31 246644
14 35 493288
35 41 246644
0 35 493288
17 35 739932
35 39 246644
5 43 493288
11 43 493288
24 43 739932
22 43 493288
32 43 739932
34 43 246644
12 25 739932
12 42 493288
25 29 739932
15 25 493288
5 28 246644
1 16 246644
2 16 739932
3 16 739932
1 36 493288
14 45 246644
26 41 739932
21 29 246644
18 29 493288
24 33 493288
20 30 739932
18 19 739932
10 22 739932
32 44 739932
37 42 739932
23 42 246644
27 42 493288
13 23 739932
9 19 246644
3 38 739932
3 4 493288
3 7 246644
6 13 493288
40 32 34 21661422
17 28 503754
17 32 167918
6 17 167918
17 39 503754
28 37 167918
1 28 167918
23 28 167918
15 28 335836
12 37 167918
34 37 503754
10 37 167918
5 37 335836
1 29 503754
1 13 335836
1 8 167918
12 24 167918
12 30 503754
14 32 167918
20 24 167918
22 24 503754
34 36 503754
26 36 167918
9 36 167918
4 36 503754
10 11 167918
10 31 335836
0 10 503754
2 30 167918
6 38 335836
2 7 167918
19 39 335836
35 39 335836
9 33 335836
9 25 503754
9 27 503754
3 19 167918
14 18 167918
14 21 503754
16 31 335836
40 11 39 45390228
15 21 872889
11 21 290963
0 21 290963
21 25 872889
7 15 290963
15 37 290963
15 35 290963
15 33 581926
7 24 290963
7 39 872889
7 27 290963
7 28 581926
2 37 872889
18 37 581926
13 37 290963
6 24 290963
24 26 872889
4 11 290963
6 32 290963
6 34 872889
19 39 872889
19 23 290963
5 19 290963
19 29 872889
9 27 290963
27 30 581926
10 27 872889
1 26 290963
0 31 581926
1 38 290963
12 25 581926
25 36 581926
5 14 581926
5 16 872889
5 22 872889
12 17 290963
3 4 290963
4 20 872889
8 30 581926
44 29 35 36753949
8 33 536554
2 33 804831
18 33 268277
24 33 536554
8 9 804831
8 12 268277
8 10 536554
1 8 804831
2 41 268277
2 14 268277
2 35 536554
21 41 268277
15 41 268277
11 14 804831
14 32 804831
14 34 268277
5 14 804831
14 37 268277
21 27 804831
21 26 536554
9 42 804831
11 38 268277
11 36 804831
16 38 536554
7 36 804831
0 36 268277
12 20 268277
16 43 536554
16 29 268277
1 39 536554
1 25 804831
31 34 536554
5 30 268277
28 31 804831
13 39 804831
4 24 268277
19 35 804831
17 25 804831
3 25 536554
23 42 804831
6 15 268277
15 40 536554
22 37 804831
45 12 15 6522600
5 14 43484
5 9 43484
5 6 43484
5 41 65226
14 32 65226
12 14 65226
13 14 43484
19 32 21742
32 36 43484
32 38 21742
27 32 65226
0 32 21742
19 20 21742
12 26 65226
12 39 21742
1 12 21742
11 12 21742
3 38 21742
38 43 43484
31 38 21742
10 38 21742
25 27 43484
27 42 65226
3 30 65226
2 26 65226
26 28 65226
9 35 21742
9 29 43484
9 15 43484
9 33 65226
29 44 65226
6 40 43484
1 23 43484
1 17 65226
15 21 21742
15 18 43484
22 31 21742
4 31 65226
23 37 43484
7 33 65226
22 34 65226
24 40 21742
16 24 21742
8 37 21742
