cc61ad56a4797fb3f5c9529f73ce6fcedd85669b
20
150 68 73 612117465
68 112 653739
59 112 611275
30 59 915184
30 138 792018
14 138 84858
14 106 734221
90 106 666213
90 129 961073
129 139 614497
100 139 324368
75 100 505172
75 98 751671
98 110 518727
110 126 384423
13 126 936176
13 31 217775
31 121 779036
121 136 162210
66 136 641401
24 66 778810
24 99 734525
89 99 665609
89 103 425527
103 125 564824
77 125 117104
65 77 359006
65 82 536189
82 118 723806
73 118 714681
7 68 289407
68 133 801926
7 49 138558
7 149 618735
112 115 750487
88 112 712475
85 112 889139
8 112 703272
34 59 523570
6 59 182962
52 59 102472
52 128 260370
30 143 225474
30 113 622683
3 30 260697
28 143 896520
138 146 962330
51 138 470482
51 130 144213
41 51 535302
14 83 664045
4 83 321521
83 123 846706
44 123 761797
39 106 848077
81 106 465650
39 119 891713
72 81 625696
90 91 723180
1 90 824581
20 91 109425
20 111 241089
114 129 304733
64 129 776819
79 114 307879
87 114 524960
56 139 728403
56 101 744496
101 117 397845
38 117 721505
45 100 906464
45 69 916101
69 76 710
69 95 251412
75 107 187446
21 75 358262
75 148 810360
62 107 975873
48 98 692072
11 98 411487
9 48 854087
11 18 319638
55 110 195880
53 55 314233
53 141 766652
36 141 379802
22 126 510154
0 126 443209
0 84 650295
84 93 367246
13 131 721023
17 131 473130
131 132 852730
17 26 330652
2 31 41434
31 108 815081
2 32 190616
2 142 24335
121 124 510477
15 121 10054
92 121 390289
43 124 137515
136 145 449516
122 136 242271
37 136 697075
120 136 616237
66 109 312360
29 66 559694
5 66 237042
29 78 92045
24 71 403476
24 42 45948
57 71 141938
50 71 795111
35 99 798370
35 140 469863
97 140 897684
137 140 28005
25 89 671525
23 25 783846
23 61 426458
23 74 874770
19 103 430736
103 127 688202
16 19 31550
127 135 945836
105 125 123957
94 125 439246
125 147 706240
94 102 831521
77 86 905926
40 77 438775
10 86 333260
10 33 129477
65 134 493526
46 65 191551
65 70 599644
46 58 787982
63 82 489240
27 82 240961
82 96 504061
27 54 124633
80 118 122142
60 80 955084
47 80 995833
60 144 288694
12 73 720090
12 67 526779
12 116 604346
104 116 473511
150 17 80 638792758
37 80 565328
37 143 521993
116 143 339308
87 116 214829
13 87 366580
13 71 911596
25 71 292190
9 25 12896
9 82 611398
44 82 874513
44 145 385293
62 145 504528
62 115 583244
34 115 615092
34 74 878614
74 91 887342
91 129 284386
57 129 781835
57 99 641181
30 99 778055
30 86 245899
73 86 233608
73 89 848918
89 95 303422
77 95 759029
14 77 867540
14 90 334138
90 135 445203
17 135 855457
80 83 186016
70 80 405670
61 70 769431
27 61 165090
37 141 432711
37 108 540570
37 104 103383
141 146 689500
64 143 715847
105 143 775532
43 143 503859
29 143 819533
3 116 706897
116 124 66871
76 116 266543
76 88 826463
12 87 114552
12 122 121523
12 130 155950
56 130 934813
13 102 670958
13 47 530045
5 13 312305
47 114 97713
65 71 393927
51 65 133583
21 51 733339
21 97 464487
8 25 451187
25 93 1703
8 35 95875
35 45 882991
9 109 659271
9 59 475923
9 94 181967
9 52 622206
55 82 349429
55 78 563034
55 138 459582
117 138 23445
44 50 118286
32 50 655571
0 32 146527
32 113 286966
103 145 602950
41 145 752792
49 145 470003
103 123 170509
46 62 911663
18 62 516004
15 46 520285
18 140 820900
115 149 56059
54 115 158801
115 134 812768
98 134 537446
34 120 646653
34 75 221401
120 142 755870
75 136 772124
74 139 25320
96 139 271960
96 110 435226
110 121 202225
91 106 523021
91 92 866608
63 106 180423
106 144 589942
7 129 201825
100 129 201025
81 100 421749
39 81 116612
2 57 937396
48 57 604857
2 23 148737
48 84 796855
99 111 523641
28 99 539808
67 99 650437
28 119 257907
30 126 972932
20 126 797275
19 20 211131
19 127 4866
86 133 248454
60 86 327440
36 133 185355
68 133 677213
73 118 850258
26 73 122319
16 73 929767
40 118 765994
10 89 575963
10 112 780179
6 10 412209
38 112 805459
4 95 266674
4 69 403777
69 148 144715
66 69 425658
24 77 148171
77 137 821006
24 125 314602
107 137 826682
14 53 74488
53 128 705460
53 131 767629
58 128 288258
33 90 383916
31 90 623439
33 85 543246
22 31 87397
101 135 658296
1 135 114456
42 135 899719
1 72 724791
17 79 638288
17 147 652907
11 17 804074
17 132 369522
150 121 133 566332583
117 133 847236
70 117 129665
0 70 580547
0 110 283951
29 110 813725
29 47 780745
47 84 478272
54 84 896844
54 89 529909
30 89 125429
30 36 217565
36 66 500379
66 114 638618
101 114 389352
65 101 530974
58 65 472629
58 78 238990
2 78 764610
2 127 867794
40 127 243791
32 40 432828
32 145 703001
140 145 715666
39 140 422964
39 82 221498
28 82 444929
24 28 194177
24 100 417485
100 121 889532
122 133 967323
35 133 46255
35 73 664377
10 73 783867
112 117 209308
48 112 64420
14 48 69908
11 14 568672
23 70 214986
9 70 722178
70 128 710018
23 141 863900
0 107 496472
0 120 196338
81 120 416452
91 120 80073
110 139 816024
52 110 762207
68 110 712126
52 131 496002
29 74 492924
29 102 584022
63 74 334269
50 74 383153
33 47 981527
41 47 623881
15 41 323329
41 80 631503
6 84 97116
25 84 153564
25 94 600815
25 44 832794
45 54 506524
1 45 882608
1 61 996447
61 118 871358
60 89 42507
31 60 320672
31 87 855058
69 87 60457
30 116 240059
30 136 34219
116 125 298599
72 116 617187
36 126 752223
36 147 64735
106 126 304749
106 148 617303
66 130 126664
26 66 758779
66 86 211857
7 130 692867
114 142 10218
114 143 627286
95 142 673260
71 95 489594
62 101 659735
101 108 494812
62 90 593623
27 90 121889
43 65 573186
13 65 245475
43 79 545372
76 79 713183
58 135 180540
58 124 669491
42 135 836663
12 135 698713
78 146 742777
22 78 223902
38 146 874818
19 146 825832
2 96 762507
2 17 37571
96 149 435832
17 34 977883
83 127 80292
104 127 517811
85 104 435557
104 105 637404
40 103 198807
40 51 993965
37 103 209766
37 49 266870
3 32 577367
32 93 667913
3 144 84994
46 144 131476
55 145 401078
92 145 540139
132 145 690815
4 92 540912
77 140 307366
115 140 495902
64 140 429731
77 137 976323
39 98 664250
18 98 937925
18 123 592949
18 67 661322
82 119 119269
56 82 561400
111 119 23051
20 111 692957
21 28 897657
28 88 465231
28 134 763977
21 75 667369
8 24 73896
24 97 677229
24 138 298347
24 53 662999
99 100 650757
5 99 413534
99 129 339392
99 109 343538
113 121 749634
16 121 334526
59 121 77451
57 121 276773
150 31 32 589179789
31 129 502447
53 129 732998
53 62 869034
51 62 11694
51 80 181032
80 124 24441
19 124 879615
19 98 249545
34 98 896228
34 94 131857
94 118 722166
113 118 228012
70 113 306405
70 132 897945
89 132 409661
89 131 551191
78 131 947347
42 78 412121
42 111 745930
72 111 60775
20 72 474306
20 148 926737
60 148 192286
60 99 634896
99 110 877553
91 110 469946
91 104 840581
12 104 583137
12 32 626663
31 135 934021
31 133 54078
109 135 464942
28 135 524814
126 129 62634
129 141 551497
8 126 290446
8 90 428672
53 74 977297
74 142 897430
74 140 400905
15 142 30405
62 116 464940
62 75 982811
52 116 856352
29 116 802348
51 137 995919
51 63 697865
96 137 696743
66 137 441562
61 80 560171
11 80 352389
47 61 717576
43 61 82118
95 124 813522
40 95 693876
95 106 980294
106 122 739887
19 128 695481
19 73 303696
19 76 200684
18 128 830937
98 136 436080
98 112 153698
119 136 426706
33 112 633098
34 48 260011
48 108 187029
48 139 107299
67 139 541233
54 94 594364
24 54 906580
37 54 909952
54 57 582958
23 118 277461
41 118 581802
23 65 291113
23 105 966458
38 113 841545
113 138 322063
59 113 872624
83 138 200437
70 144 657483
55 144 558111
2 144 502578
0 144 155434
93 132 723180
26 132 215958
123 132 835541
123 143 202083
89 117 255904
89 92 926028
79 117 621599
13 117 495365
69 131 583289
39 131 266460
21 69 997437
27 69 952179
78 86 775402
78 103 941443
78 100 596373
78 147 259408
42 58 785221
42 77 773017
42 50 548197
49 77 286958
111 120 633788
111 134 735399
5 120 687577
5 9 856094
72 149 226210
125 149 329789
16 125 968894
125 145 450797
14 20 949353
20 82 640875
20 45 723012
1 14 65440
17 148 762789
146 148 263825
17 102 424510
10 102 336494
60 114 413446
60 130 926383
35 60 96307
60 88 550933
87 99 154081
99 101 927279
99 127 742196
71 99 963844
30 110 106728
46 110 407893
68 110 359461
30 115 697175
6 91 165548
84 91 684964
84 97 253113
97 121 345412
81 104 594913
22 104 32047
22 107 714915
44 107 304713
12 25 429401
7 12 47029
25 64 900978
36 64 939521
3 32 739462
32 56 700744
3 4 51762
3 85 129300
150 99 105 756008907
105 132 631184
132 136 857516
16 136 428565
2 16 895548
2 113 567433
57 113 403791
4 57 313934
4 33 994219
33 126 533958
43 126 130616
43 100 540557
67 100 811798
18 67 162015
18 23 890843
23 25 666918
25 59 379048
3 59 362596
3 42 73191
42 116 446266
66 116 843619
66 117 520595
21 117 647747
21 30 727024
30 52 781860
5 52 658192
5 7 499538
7 119 747323
77 119 584995
77 99 746868
101 105 254322
105 114 420150
101 145 287676
101 140 538800
84 132 528069
118 132 962029
84 127 498027
108 127 841834
91 136 558830
8 136 720109
110 136 527387
8 55 677995
16 95 795618
16 137 521238
16 37 908360
16 89 113563
2 142 150129
2 49 515094
10 142 316641
49 138 574791
88 113 645134
15 113 981256
13 88 976360
9 13 726872
32 57 758477
20 32 711077
17 32 35904
20 63 181208
4 148 743327
75 148 535476
75 98 963137
64 98 746355
33 141 737559
24 33 636046
24 135 100844
24 60 140019
45 126 317479
103 126 439110
45 125 610382
70 103 918978
43 56 599843
56 111 862063
50 111 440304
11 50 248491
34 100 396604
44 100 704523
34 93 560941
6 44 926169
67 130 733060
14 67 854876
14 83 664030
14 104 878101
18 94 964272
65 94 452990
68 94 236680
41 94 299595
23 122 784720
19 23 345322
122 123 383428
19 120 834252
25 90 435544
79 90 244731
79 144 224620
78 79 695148
59 69 709210
69 87 84268
58 69 659276
86 87 161485
3 71 403912
71 146 361623
71 134 740973
73 134 989009
42 92 132661
42 115 249139
42 109 68611
61 92 580983
28 116 278740
116 133 37606
97 133 488223
1 97 139917
66 81 17719
66 124 13790
47 66 973205
0 47 661562
117 139 650960
102 117 436566
85 139 898170
85 112 694836
21 53 606066
21 54 126710
31 53 632390
31 107 206343
30 76 854224
30 46 113819
76 147 985194
131 147 844774
35 52 914619
52 106 275921
39 52 723482
52 121 227133
5 51 710567
5 96 549831
5 82 172259
51 129 322582
7 72 31526
72 128 31174
22 128 219813
26 128 852720
38 119 556651
80 119 428583
48 119 563681
29 80 706039
74 77 645704
74 149 25510
74 143 728122
62 149 189237
12 99 877871
40 99 103902
12 36 378196
27 40 176499
150 43 123 239225655
43 82 956731
82 95 526024
95 97 828535
70 97 354031
25 70 945396
25 104 941727
104 138 558625
42 138 742150
42 71 551759
71 114 937598
18 114 644949
18 144 368111
60 144 961021
56 60 577
56 92 146639
92 136 472507
131 136 251255
91 131 288189
80 91 916309
40 80 146838
40 90 136802
29 90 18691
23 29 797178
23 86 936965
5 86 996042
5 20 10782
7 20 429014
7 133 272807
123 133 533081
27 43 244790
43 46 759813
43 148 504052
10 27 703131
82 113 639296
75 82 943601
28 113 521743
75 89 319704
51 95 305335
95 142 384693
95 132 400519
2 142 687246
81 97 939916
62 97 138087
31 97 661227
9 62 311967
70 119 368337
119 125 749408
110 119 327247
125 139 61574
14 25 328699
25 103 294906
14 146 674630
101 146 362269
73 104 760858
104 149 992961
104 124 346464
73 106 180079
0 138 36834
0 109 96923
0 45 741370
109 134 989123
42 143 43492
42 141 534711
1 141 943955
1 84 376975
71 115 758292
69 71 362910
17 115 890127
17 85 654704
93 114 927429
107 114 796171
35 114 196432
12 114 693487
18 24 243367
18 19 873944
18 116 715993
18 65 223544
88 144 228303
99 144 99519
68 144 857164
74 99 282325
60 127 555758
60 108 290288
105 127 489308
94 105 704364
56 61 264983
21 56 995624
33 61 492372
21 128 381211
92 140 997820
67 140 579518
63 140 89627
63 102 721579
34 136 30385
41 136 826073
83 136 984592
34 53 307584
8 131 112871
66 131 407379
11 66 4476
66 129 580414
4 91 424817
91 98 407079
98 112 390209
112 135 907822
3 80 63105
37 80 912238
22 37 199906
22 58 815612
40 72 303915
15 72 378469
72 78 203968
15 64 327025
90 122 132256
13 90 895396
90 126 464953
13 118 348000
29 44 828275
44 57 235175
30 44 735267
44 54 893022
23 47 631830
23 111 162888
23 76 325770
26 111 437259
79 86 668252
36 86 159362
79 147 663612
36 55 573960
5 59 398200
59 137 706735
87 137 183351
50 87 814722
20 117 268540
20 52 148931
39 117 799625
39 120 666336
7 145 841626
16 145 783275
77 145 715446
16 121 69241
49 133 806565
6 133 384913
130 133 672548
6 32 212771
38 123 868432
96 123 289043
100 123 683043
48 96 873465
150 58 97 601767281
6 97 937568
6 69 898605
61 69 917381
61 107 885529
35 107 761821
35 81 580862
31 81 602734
31 121 881326
50 121 353140
50 75 353848
75 132 176835
27 132 130698
3 27 309812
3 95 660767
71 95 495338
38 71 621478
16 38 975679
15 16 185009
15 74 849232
4 74 218710
4 113 951906
49 113 994726
49 101 419504
70 101 471815
13 70 661074
13 34 554097
34 149 788491
48 149 84033
48 58 936423
97 112 292773
97 144 382002
80 97 445615
64 144 332910
6 32 79665
6 123 274206
18 32 282255
32 43 587622
69 122 525310
69 137 417667
69 73 481710
137 140 998517
61 87 820799
45 61 699112
61 116 436340
102 116 178351
26 107 771205
1 107 377401
89 107 861630
26 56 260085
35 78 667396
35 88 923734
9 35 486507
78 124 872719
5 81 863566
17 81 317223
17 23 385119
23 146 412955
31 133 551957
31 145 385263
10 133 801753
10 14 969882
46 121 185325
29 121 121697
29 67 604394
29 79 889201
50 143 280199
50 135 881869
104 143 462041
54 143 514258
75 127 682614
59 75 571452
62 75 95156
62 84 543757
66 132 236140
132 138 168740
37 132 325651
98 138 964572
27 39 971388
27 52 359371
39 100 286979
44 52 103186
3 91 815641
3 11 953421
3 92 781421
90 91 508018
82 95 759253
82 99 97315
65 82 737174
65 119 558118
41 71 7522
41 106 446120
41 76 954519
106 126 57025
38 51 690707
38 148 777623
51 118 865749
118 141 618634
12 16 161371
12 36 663946
12 136 974379
36 85 836949
15 25 550539
15 24 756484
25 47 789564
25 86 157731
74 77 409432
74 129 57606
74 110 455295
2 77 464450
4 93 154834
0 4 823972
93 96 788948
96 134 781095
113 130 156396
22 113 298417
28 113 429083
22 55 455654
49 53 366074
53 131 80678
42 53 410683
8 131 280775
83 101 669485
101 117 70262
72 101 780213
21 83 926
63 70 377624
70 103 877678
20 63 918291
33 103 871353
13 142 409005
13 128 513057
40 142 150719
128 139 37606
34 94 351616
34 125 68802
34 108 184017
57 94 845312
120 149 700546
7 149 368729
30 120 473615
30 109 38782
48 111 515142
48 68 982276
19 111 372420
19 114 612898
58 115 775486
58 147 600827
60 115 647380
60 105 950998
150 46 142 332097439
114 142 950992
29 114 240111
19 29 668594
19 139 988431
103 139 650616
39 103 81984
39 120 684263
69 120 512886
43 69 117863
43 93 736634
5 93 412299
5 149 516666
15 149 839990
15 83 299210
78 83 66795
45 78 96379
6 45 564593
6 99 680150
99 129 853407
1 129 473974
1 52 714057
52 107 890559
82 107 432455
56 82 433855
36 56 336543
36 38 84575
38 127 87118
122 127 514693
46 122 527115
67 142 809619
54 142 313358
54 86 160395
11 86 999732
0 114 150827
42 114 177609
0 89 705982
42 92 580905
22 29 583832
29 135 7722
22 90 530595
44 135 51955
19 118 242703
64 118 660332
30 118 907418
30 57 445436
65 139 746848
100 139 542290
49 65 303743
32 100 556622
33 103 970430
33 77 467132
12 33 120524
77 104 81301
13 39 507197
39 146 121772
13 138 836192
2 13 303132
68 120 161550
120 147 214531
59 120 211251
59 145 256843
69 130 909380
69 102 637857
69 148 261701
26 69 599598
43 48 673170
43 81 890964
43 88 934832
48 96 151139
93 143 473801
93 124 81626
23 143 656343
123 143 49840
5 95 510109
3 5 884996
79 95 434736
95 126 646744
31 149 323488
40 149 924309
31 37 583347
40 113 138691
15 132 521477
15 98 577687
132 134 892390
108 134 772077
83 119 41373
27 83 340336
41 83 969169
83 141 97806
78 111 236060
14 78 766798
14 128 608752
73 128 599874
45 101 684564
45 131 163309
101 133 740155
34 131 648318
6 75 18872
6 21 588269
75 87 533584
87 94 767947
99 140 503193
55 99 28972
85 99 666840
35 140 156298
129 144 654315
109 129 941634
97 144 232339
50 144 669611
1 58 444096
1 53 828146
53 72 429411
53 74 712367
52 84 285386
52 105 989365
8 84 703005
20 84 526864
70 107 802332
28 107 297542
70 91 151640
28 116 113316
51 82 522217
62 82 594481
10 51 427071
4 51 149627
56 125 460739
56 110 136411
56 121 970820
106 125 741733
16 36 255132
16 115 429875
60 115 500034
60 80 701921
38 112 370887
61 112 674052
25 61 447575
25 136 381613
17 127 225719
66 127 708198
117 127 895028
47 66 324166
76 122 193789
71 122 16369
18 76 888533
76 137 198785
46 63 332941
24 46 682475
7 63 77595
9 63 350655
150 76 93 742994542
39 76 873059
17 39 760355
17 19 487476
19 37 5606
37 102 249530
71 102 318711
71 118 875712
81 118 986868
49 81 718622
49 73 710807
27 73 591968
8 27 679508
8 111 841721
83 111 710869
83 87 329864
44 87 799376
44 119 23103
20 119 47681
20 148 81974
57 148 411849
57 61 715019
60 61 639331
4 60 536371
4 125 575295
125 128 603490
13 128 387773
13 110 4051
110 113 28487
93 113 802801
76 96 173204
76 137 293464
96 131 131204
96 144 402160
39 84 23489
84 116 231281
84 146 335796
55 116 386246
17 62 476121
17 108 277247
66 108 475629
30 66 927402
19 21 919951
19 48 816264
19 98 273639
94 98 242532
37 123 674869
85 123 572934
105 123 465430
105 109 853742
102 145 458302
59 102 164476
78 145 303701
53 59 670768
71 124 965499
68 71 932270
86 124 478647
68 88 336381
74 118 937696
58 118 270427
1 74 698412
58 121 790636
5 81 350079
81 147 254986
5 141 994231
117 141 137817
12 49 318730
49 115 986210
49 50 431254
12 51 233898
73 107 757908
28 73 404527
28 36 170200
32 36 546729
18 27 534096
27 99 820747
89 99 662914
89 112 523264
8 26 275152
8 136 883386
26 127 265712
2 26 853492
67 111 542662
80 111 334786
25 67 172858
25 122 546419
83 139 301957
83 130 83743
82 139 818146
82 149 657121
65 87 974400
9 87 545987
33 65 756355
33 47 33021
44 56 314056
56 64 266456
45 56 854705
38 64 148205
75 119 241745
119 129 673210
10 119 857907
119 132 73559
20 91 312685
20 140 710502
41 91 843762
6 140 660543
42 148 105679
138 148 978804
7 138 335339
90 138 89747
57 92 463304
11 57 416161
57 69 894466
69 100 802270
61 79 799052
61 142 869445
61 104 843722
31 79 112568
16 60 203565
16 24 3932
16 143 365936
24 101 525410
4 54 390494
4 40 77376
29 54 355537
40 72 768173
46 125 623216
63 125 366098
46 52 185707
52 134 496032
106 128 191575
120 128 38969
128 135 240928
97 106 334842
13 126 136741
13 95 685539
126 133 254394
22 133 982187
43 110 215820
35 110 123100
23 43 542468
14 43 924579
0 113 513632
103 113 885181
0 77 767255
0 3 101848
93 114 716241
15 93 509046
15 70 444235
15 34 797705
150 65 94 299438536
50 94 625727
35 50 217948
35 112 85309
112 130 450416
78 130 506902
78 132 77753
23 132 288879
23 63 441979
63 118 678667
17 118 923811
17 111 228407
111 117 496236
80 117 43248
80 129 20053
41 129 566386
41 120 549495
2 120 591327
2 51 109125
51 128 984328
27 128 200293
27 115 396122
19 115 120229
6 19 901992
6 38 719323
38 122 849104
104 122 494302
55 104 787277
55 72 375707
65 72 876573
94 139 482171
93 139 36967
89 139 765745
26 89 498542
50 86 944520
50 66 776123
37 50 103273
48 50 794395
33 35 107925
33 64 590805
64 79 26344
64 76 441576
31 112 127317
112 142 792015
31 44 531629
44 136 619518
52 130 870490
8 52 552867
52 147 257757
8 105 451239
12 78 161686
12 127 614509
0 12 43343
5 127 99898
10 132 473244
10 90 182438
10 91 839590
91 124 24384
23 39 862430
20 23 172329
23 106 773540
20 137 829413
4 63 191152
63 145 295766
4 69 772657
4 135 241351
81 118 436419
70 118 710104
118 143 980158
59 70 103953
17 92 709738
17 61 727375
45 92 733209
54 92 23552
111 121 982103
111 134 590989
116 134 35422
134 149 539689
95 117 508190
21 117 176753
87 117 647674
22 95 450092
13 80 476655
49 80 301277
68 80 254657
49 110 993174
107 129 771679
43 129 973517
107 109 128470
29 109 150130
41 140 773280
41 113 901147
9 140 99132
32 113 433195
77 120 642115
73 77 569090
3 77 41257
11 73 861750
2 74 270332
2 133 640802
56 74 62940
34 133 229118
51 148 24733
36 51 152163
16 51 197383
36 47 522252
84 128 114648
96 128 280221
53 84 195443
96 97 838859
27 85 937600
58 85 937733
85 141 652613
138 141 540999
28 115 967944
24 115 835572
24 131 485825
42 131 313064
18 19 27073
19 62 460411
18 67 162107
62 123 321781
6 126 539680
6 75 773620
82 126 25954
88 126 482601
38 108 904949
99 108 200089
30 108 104299
60 108 572797
98 122 375283
98 146 287110
83 98 179476
83 119 761505
7 104 505774
7 25 247284
7 114 618493
25 71 853280
55 103 927383
55 100 434916
14 103 357438
14 144 196394
57 72 200449
57 101 208415
40 57 748798
40 46 430392
1 65 776798
15 65 577649
65 102 483527
1 125 769914
150 23 124 525695921
23 105 839720
90 105 676591
90 142 302657
142 143 937921
110 143 749695
74 110 168858
5 74 938406
5 85 750622
48 85 33188
0 48 412211
0 31 7876
31 83 404439
14 83 89104
14 91 500189
26 91 256096
26 118 352453
42 118 289795
42 120 657847
120 129 933705
129 138 282204
19 138 432684
19 94 938329
50 94 871641
28 50 140201
28 63 840926
25 63 609686
25 61 951857
38 61 600020
38 124 880400
23 44 4766
18 23 430730
36 44 3979
44 100 940513
24 105 639701
24 64 398064
24 58 537734
64 103 195891
75 90 516064
75 146 581376
75 134 515366
20 146 59776
52 142 182836
121 142 419477
125 142 631938
116 125 309915
77 143 31777
95 143 193789
72 77 580201
15 72 967376
110 111 246235
71 110 634328
53 110 374234
1 53 120135
8 74 911092
47 74 415579
2 8 467195
2 89 571020
5 16 625054
16 32 634829
16 114 590819
16 119 483722
49 85 81516
85 104 51508
49 68 686377
49 67 557899
48 126 128337
41 48 299249
30 126 713609
41 66 338169
0 147 834718
0 45 917480
0 54 230686
57 147 169980
31 81 731847
31 69 568479
10 81 998296
76 81 844583
83 99 962655
40 83 146972
12 99 860651
12 123 13799
14 43 940438
14 130 462820
43 127 849128
60 130 129132
73 91 297153
59 91 641926
73 96 565001
59 112 299094
22 26 892177
21 26 753105
22 108 94827
22 106 997568
115 118 891801
117 118 990498
39 115 533198
113 115 378101
42 86 697419
42 141 587656
92 141 970474
6 92 598325
102 120 635259
35 120 835137
56 120 643155
102 145 159766
55 129 63578
55 139 880720
4 55 122216
139 144 98364
29 138 45691
62 138 210495
29 65 964082
29 82 338942
19 84 129808
19 135 756054
84 132 853388
34 135 953343
27 94 255084
27 79 465783
79 140 574405
11 140 378166
50 131 768642
50 109 993967
131 133 383916
17 109 98574
28 88 448932
28 87 289893
9 88 760568
7 9 201488
33 63 49668
63 148 954158
37 63 254897
33 149 895911
25 78 700086
78 101 129994
78 80 683124
101 122 46879
3 61 606122
46 61 873441
3 51 626535
3 136 324976
38 107 290677
38 93 929783
98 107 290240
107 137 433286
13 124 953928
124 128 680315
13 70 218415
13 97 237453
150 11 96 286690413
11 73 581151
29 73 417455
4 29 618869
4 86 307055
50 86 355115
50 95 249965
93 95 373145
37 93 890930
37 133 559068
133 143 14426
65 143 862778
65 121 370855
49 121 446219
13 49 448705
13 110 273092
100 110 330190
12 100 436321
12 33 328042
33 53 510767
53 134 212099
28 134 515507
28 137 237908
103 137 132794
57 103 560380
41 57 982783
41 146 405754
63 146 498034
20 63 792328
20 96 643237
11 74 16015
74 116 924293
48 74 275414
14 48 317505
61 73 617658
73 113 43173
61 70 582607
22 113 215857
29 47 23118
29 118 699413
40 47 568124
47 56 887879
4 149 152639
4 52 221871
4 78 510200
78 120 291729
86 111 530911
9 86 467016
98 111 600493
111 135 550266
15 50 487201
50 94 872496
50 140 70635
15 43 295275
95 142 575702
2 95 760656
83 142 402594
81 142 575151
93 145 41970
51 93 665069
26 93 593452
69 145 445616
17 37 806151
5 37 898631
37 138 440870
106 138 663353
105 133 777991
59 133 619265
80 105 130570
67 105 979764
143 144 455110
30 143 552688
91 144 907373
30 38 169888
65 132 243701
65 104 922261
3 65 734852
39 65 411724
21 121 714918
109 121 445840
21 107 283954
21 35 31134
27 49 270862
49 139 100002
27 31 173447
71 139 804748
13 72 14461
42 72 401824
7 72 214987
42 114 711776
0 110 808935
0 18 365894
18 64 538015
64 76 802886
32 100 846429
100 131 785957
32 129 482703
32 148 157384
12 84 632980
12 54 466208
84 88 727636
36 54 408720
33 45 855708
33 125 861330
33 87 35689
25 125 60850
53 147 565288
46 53 745761
53 122 443230
46 130 732286
82 134 782924
1 134 308285
82 123 196038
82 101 571416
28 117 190137
28 89 892800
85 117 954210
62 89 627949
136 137 32386
34 137 880933
24 137 857013
34 102 464872
79 103 188058
77 103 174598
90 103 260321
90 97 856979
57 66 500050
8 66 623645
66 92 264045
8 124 336723
41 58 921502
10 41 769613
41 141 230370
58 60 230598
19 146 988432
68 146 357562
6 146 891699
19 23 870780
63 128 843931
63 108 154917
127 128 160020
99 127 858951
20 115 420752
115 126 163791
44 115 161707
16 126 33577
75 96 384483
96 112 704069
96 119 636577
55 119 779120
150 87 134 340042291
77 87 877916
77 90 223472
3 90 492301
3 50 134221
50 147 367118
36 147 582022
36 63 483006
63 70 749451
70 120 850471
98 120 17132
59 98 965902
59 149 904305
38 149 23894
38 74 909270
74 85 787027
68 85 905382
68 137 908268
69 137 209650
0 69 141228
0 22 570094
22 89 273381
89 135 504617
135 148 841089
21 148 141224
21 139 27750
139 146 714014
31 146 664133
31 99 487369
99 134 696551
83 87 508387
83 132 935720
83 115 946342
106 132 249059
17 77 395404
10 77 639533
71 77 737406
4 77 612612
32 90 17075
32 62 643559
62 104 923070
30 104 599056
3 125 803340
3 107 828464
3 25 592420
3 133 386036
27 50 88360
14 50 721986
27 123 847572
27 128 220859
67 147 716092
130 147 943631
46 67 167737
28 130 466511
36 121 207000
36 97 962062
97 129 257209
19 97 656636
11 63 688815
11 39 450332
11 55 625107
11 72 372074
70 138 462613
70 100 305182
6 100 319361
6 102 347302
12 120 17915
110 120 114093
12 126 830852
56 110 926681
98 109 468916
5 109 574214
109 118 746061
5 101 321151
59 60 452147
42 59 286337
18 60 290614
18 20 63342
16 149 667977
65 149 67529
16 79 331995
15 16 878598
38 122 96746
38 66 453100
122 124 684604
66 91 52544
74 112 572392
74 145 576688
61 112 669042
23 145 678693
41 85 821110
34 85 769
41 64 332000
34 114 678060
68 105 47333
37 68 426393
24 37 739469
24 45 951804
81 137 674089
82 137 326996
43 82 197272
43 96 399012
69 116 629012
88 116 569515
54 116 978415
53 88 849506
0 113 756760
0 35 32287
8 113 834234
8 13 31125
22 140 875336
22 94 460473
7 94 463213
7 40 918888
1 89 966871
47 89 691256
89 103 815526
1 29 104454
73 135 140695
93 135 729049
76 135 13092
73 80 538072
111 148 810874
51 148 505548
33 148 446803
26 148 708172
21 95 133716
95 117 916763
75 95 742024
75 141 804393
58 139 933205
58 84 437537
84 108 245051
2 84 862950
144 146 599698
9 146 690583
49 146 514638
9 127 355020
31 86 262588
31 44 181848
31 57 771012
31 143 533127
99 136 624294
99 119 722015
119 131 996799
131 142 519456
92 134 707331
52 134 544770
78 92 996998
48 92 437763
150 58 104 767367029
104 123 521510
85 123 565383
36 85 278013
36 128 760559
116 128 955866
116 117 79994
56 117 635079
56 67 461758
67 142 556154
55 142 291134
20 55 796852
20 83 565192
83 90 428134
19 90 635887
19 77 965441
77 145 576737
81 145 333337
66 81 313316
66 131 304756
73 131 874865
73 105 769717
105 147 544749
2 147 681632
2 97 108864
49 97 722057
49 148 283284
137 148 209182
87 137 260908
58 87 742704
5 104 74479
104 134 617737
6 104 535117
5 91 228507
123 125 253727
94 123 483613
3 125 804225
3 108 220773
0 85 931683
85 98 470795
0 79 589952
35 98 883951
32 36 237613
36 144 476588
36 74 564439
32 106 89882
26 128 819664
121 128 839805
22 128 680742
26 61 730227
116 141 762687
64 116 132886
29 116 519629
139 141 292488
117 146 680268
86 117 392775
11 146 480755
11 80 987593
56 88 598378
56 130 440814
18 56 331052
30 88 997965
33 67 417962
53 67 540034
9 67 313495
33 37 275493
100 142 832512
95 142 676617
39 142 669177
95 113 110476
45 55 27389
45 143 198781
63 143 548911
63 65 443924
20 28 105622
28 93 942138
93 120 504193
59 93 541665
34 83 588123
83 110 543801
72 83 551782
13 110 48745
16 90 58240
90 124 922581
124 135 854687
107 135 583000
19 138 145814
4 19 109776
57 138 304777
4 15 320440
48 77 410705
41 77 483247
17 77 478842
77 136 260850
25 145 677444
12 145 296577
78 145 831187
25 132 705921
23 81 712031
23 133 977307
76 133 583718
76 122 117252
66 127 658103
66 114 586614
44 114 160397
44 115 524176
7 131 844797
92 131 550957
92 118 897015
75 92 220898
73 129 291460
73 111 546747
73 126 586759
10 126 887555
103 105 584254
105 112 193082
42 105 798174
102 112 250496
54 147 857727
68 147 490367
54 69 339877
8 54 576005
2 71 636664
2 40 976215
46 71 229910
52 71 238862
38 97 17852
27 38 324167
27 62 71129
21 27 103832
49 96 777149
31 96 382931
47 96 942726
31 149 605582
140 148 686158
101 148 221941
51 140 834339
24 101 804249
89 137 834210
109 137 418567
84 137 1211
43 89 51993
70 87 662219
87 99 392580
1 99 522327
50 99 681203
14 58 514684
58 82 551814
60 82 55792
60 119 727835
150 7 90 689525227
7 94 788353
94 101 968199
101 130 603832
98 130 375336
42 98 857348
42 46 682012
24 46 194472
24 85 843485
84 85 268935
71 84 854947
69 71 581215
69 76 738242
76 120 249966
113 120 423265
86 113 146753
50 86 537106
50 79 330330
79 108 579539
57 108 389309
57 132 362336
43 132 776919
43 70 551475
70 119 549772
119 138 96090
91 138 44508
8 91 296882
8 80 963568
48 80 855621
48 90 571551
7 19 287493
7 104 226939
7 38 294995
52 104 555019
17 94 859974
4 17 953672
17 25 476941
4 66 409094
31 101 6577
22 31 78804
31 68 491605
23 68 160377
36 130 807479
36 44 53944
36 74 548238
44 97 682478
95 98 257131
0 98 659633
5 98 664058
0 129 281872
42 60 479616
9 42 993751
60 73 987388
73 123 138921
46 143 935112
16 143 290406
3 143 80677
16 107 995734
24 33 549429
12 33 410552
33 141 882187
27 33 200684
85 89 719130
85 105 281224
105 137 626685
29 105 763595
84 124 934953
14 84 266991
13 14 472686
14 40 285738
37 71 729718
10 71 794538
71 133 692418
54 133 892502
69 121 359410
69 144 695419
100 121 439633
121 135 635960
18 76 387247
51 76 24864
18 106 681723
51 116 261275
20 120 989538
96 120 20209
53 120 942788
102 120 345577
110 113 842907
56 113 777023
45 110 320698
56 103 505389
62 86 685454
55 86 819620
62 115 275359
55 77 361169
50 78 454285
21 50 592347
50 131 60116
34 131 67232
79 134 343818
79 82 633157
99 134 83261
49 99 226270
108 114 103320
87 108 271430
11 87 504670
1 87 750473
57 122 71018
57 145 973784
64 122 15889
122 127 978070
30 132 256850
6 132 662358
30 83 946922
26 30 186876
43 92 304258
43 67 416155
43 125 441887
61 92 384626
15 70 968013
15 146 374431
15 139 402445
146 148 245003
72 119 145254
72 142 99959
112 142 965953
142 149 479277
111 138 395679
32 138 839757
59 111 654132
2 59 781979
88 91 760042
91 126 85910
39 88 235377
39 81 585500
8 41 43098
8 140 783721
136 140 532455
63 136 23827
80 118 777633
47 80 871350
118 147 975552
118 128 906863
48 117 247827
58 117 438163
58 93 223559
35 93 208307
28 90 150177
75 90 974490
75 109 466176
65 75 99403
150 37 68 244554604
28 37 618053
28 74 891333
74 103 369203
5 103 653198
5 83 243201
31 83 916609
31 51 349014
51 110 397117
40 110 989636
40 62 96496
35 62 552708
35 141 184114
26 141 358306
26 137 212543
46 137 446984
39 46 144015
33 39 414245
33 98 365524
10 98 157497
10 61 72655
61 99 232448
99 113 201999
18 113 915448
18 66 53960
66 111 654033
106 111 594316
11 106 365105
11 127 319592
68 127 936322
37 128 901306
128 136 891987
67 136 620768
92 136 46644
28 100 991639
28 132 260792
97 100 367491
100 145 734972
74 147 723123
23 147 977494
23 70 844883
70 133 748929
6 103 932414
32 103 590888
32 109 357108
32 54 242926
5 58 814669
5 114 142066
5 69 844157
15 58 990476
83 87 259730
87 112 835599
34 87 368049
48 112 445127
30 31 12510
31 50 3258
31 93 300466
31 49 657001
51 79 775397
73 79 555597
79 131 551555
64 79 216924
110 116 450744
59 110 201475
110 124 497259
14 116 25863
40 57 155787
57 140 512181
3 140 347326
3 63 569344
52 62 716017
62 84 423456
16 52 926798
1 84 581734
35 129 557466
9 35 792540
8 129 953334
41 129 149255
135 141 587419
71 141 925595
27 141 712302
90 135 158437
19 26 563877
26 125 520021
2 26 931135
53 125 903302
137 139 620235
115 137 57561
60 139 338151
60 134 824900
46 142 117568
46 123 279093
7 46 606253
65 142 368080
39 120 697557
39 82 607033
39 94 404380
20 120 514936
0 33 453822
21 33 307898
0 126 488719
45 126 904788
76 98 397773
17 98 316598
55 76 805104
17 43 749025
10 96 994229
10 101 539847
42 96 818423
38 42 638743
12 61 584647
61 107 457119
61 105 789224
107 119 990183
56 99 843895
99 149 557506
22 99 17020
56 81 67420
89 113 332183
89 102 96538
86 89 441796
77 102 281823
18 29 110105
18 24 520451
18 148 364603
13 29 936293
66 117 746833
66 143 172406
66 108 709980
122 143 920864
104 111 796655
72 104 54415
104 118 284663
4 118 527339
106 130 447176
25 106 148615
75 106 25358
25 47 668850
11 85 482190
11 44 600441
11 146 131110
44 121 884445
95 127 850130
127 144 398563
91 95 347423
88 91 818230
68 80 672328
36 68 850453
68 138 518726
68 78 998376
150 79 141 301030253
11 141 582094
11 88 461716
61 88 871841
15 61 392371
15 58 439108
49 58 490428
49 112 134853
112 125 618225
125 129 477604
33 129 374840
33 70 641046
45 70 516971
45 139 506358
29 139 485469
29 147 433481
135 147 577579
51 135 296492
51 107 339898
65 107 888541
65 76 100562
19 76 64034
19 124 758934
77 124 517785
22 77 932447
22 55 162077
25 55 689589
25 105 590930
37 105 695785
37 79 953302
57 141 611170
108 141 662868
63 141 220762
57 62 460196
11 138 802469
11 119 645665
59 138 369626
38 119 608724
3 88 715451
88 140 652198
88 121 880909
3 136 979740
61 142 646102
20 61 861967
87 142 460544
13 87 202378
15 31 436746
15 39 865365
15 93 181136
23 39 766831
35 58 558600
48 58 171219
24 35 761920
18 35 740789
49 118 195363
49 132 915460
109 118 483827
91 118 812647
47 112 40333
12 112 859842
1 12 445226
12 42 406256
74 125 525338
74 127 900103
0 74 499417
89 127 225032
129 131 904251
52 129 540335
82 129 549200
52 103 830286
33 110 660483
33 43 466163
33 99 209317
43 116 213912
70 78 718244
30 78 439983
28 78 733064
78 95 603363
45 130 64369
45 104 989305
36 130 862108
7 130 952732
26 139 492701
5 26 253909
5 146 351268
146 148 532036
29 115 286714
29 67 688916
114 115 267138
40 114 333391
147 149 621050
69 147 205429
34 147 399812
69 143 763513
44 135 246960
94 135 541361
17 135 853038
44 144 690155
51 85 699855
10 85 794276
56 85 950647
4 10 130139
107 113 962665
86 113 136263
2 86 481323
80 86 77419
46 65 151728
65 73 996405
46 71 638430
46 50 223346
9 76 682615
14 76 312089
9 101 152425
9 128 979862
19 54 381873
16 19 702921
54 64 381
54 84 270806
97 124 719087
124 137 709389
27 97 937963
97 133 491584
60 77 307173
68 77 418647
60 72 992463
72 81 573263
8 22 458085
8 92 118242
53 92 123901
92 111 137818
55 83 809570
55 117 448127
41 83 965300
41 100 570264
25 120 879789
6 25 73684
21 120 309985
21 75 154720
90 105 241466
105 122 225442
90 123 461763
32 123 850744
37 66 894299
66 126 855165
96 126 783231
96 98 710352
79 134 442691
79 145 768907
106 134 476247
102 106 61124
150 105 131 448035921
101 105 652009
98 101 892169
98 121 663928
6 121 104684
6 41 8001
36 41 573025
16 36 358121
13 16 16143
13 46 319515
42 46 201615
42 138 992267
58 138 777923
44 58 615134
44 90 968400
63 90 262905
63 128 580729
128 147 700517
17 147 275929
17 71 643484
71 127 189501
127 146 33267
92 146 43420
27 92 481251
3 27 679027
3 80 817013
80 81 555073
61 81 601354
61 148 942812
131 148 630623
25 105 949009
25 134 202754
25 137 877140
2 134 643844
29 101 164931
52 101 574902
101 113 950838
35 101 710453
39 98 161374
98 110 288727
39 108 687446
24 39 169181
120 121 410707
7 121 237687
18 120 304449
18 124 708582
6 77 738166
77 109 841581
26 109 357511
50 109 798348
1 41 54839
14 41 442678
15 41 539976
1 51 588030
36 59 47915
4 36 515607
36 126 75892
59 82 759211
16 95 598467
16 66 80234
66 79 639826
47 66 141436
13 56 8658
13 89 688874
19 56 328681
19 76 366422
46 86 580619
46 94 630568
0 86 284656
86 118 925368
42 62 302720
33 42 971100
42 141 243137
55 62 89912
138 140 763619
106 138 101596
28 140 55071
106 112 966467
40 58 892295
40 75 411799
40 85 330449
75 142 53325
30 44 461534
44 73 385859
44 45 858375
44 133 866166
84 90 187004
90 91 272923
84 114 159779
91 130 588424
21 63 573650
63 96 319936
21 74 553593
32 74 354391
31 128 104051
10 128 735255
31 60 402711
31 69 680342
99 147 448529
99 100 605776
100 119 180041
68 100 418129
17 78 342207
17 54 34960
78 88 932255
54 104 611067
38 71 556912
53 71 483423
38 129 384815
129 145 958462
5 127 490294
116 127 690440
5 122 737992
5 11 364517
146 149 400451
111 146 230519
97 146 880350
64 146 45978
37 92 493291
37 70 253350
37 143 966185
67 70 284692
27 125 644574
27 48 375214
57 125 588075
22 57 62010
3 72 738609
3 20 86923
20 135 537606
20 102 643738
80 139 522837
103 139 254679
34 103 158824
103 123 733681
8 81 888094
81 117 30579
23 81 199692
8 115 926797
61 83 934076
9 61 931370
61 144 257748
65 83 719943
93 148 962372
12 148 898752
136 148 551471
107 136 132308
43 131 470631
43 49 811601
43 87 173509
43 132 633910
150 35 45 607183803
40 45 819918
40 85 964151
37 85 59369
5 37 493070
5 120 544108
46 120 510149
19 46 893429
19 115 894890
115 133 418269
14 133 891146
14 94 517589
94 141 332556
118 141 330127
30 118 130283
30 125 397836
86 125 787342
86 139 56195
132 139 572358
90 132 276523
90 121 90595
99 121 197541
4 99 428019
4 8 278025
8 123 308312
79 123 260044
79 103 851717
103 145 940875
28 145 339477
28 35 699498
45 134 102042
18 134 839042
18 51 557252
17 51 506547
40 126 909255
40 73 643222
40 113 673011
23 40 558816
32 85 748400
32 122 609022
10 122 738308
10 64 18265
37 129 208841
37 95 953209
92 129 493906
1 92 449095
5 104 803940
5 26 203703
56 104 183118
42 104 1078
120 142 5236
75 120 766604
33 142 390909
33 49 205650
46 59 634506
48 59 320199
59 65 144623
48 66 347363
19 57 908378
19 47 581401
47 130 751633
62 130 134037
80 115 78518
115 135 507524
80 136 832701
53 80 693425
116 133 383952
97 116 126348
116 138 636234
55 97 459043
14 148 145979
13 148 165186
114 148 857140
13 89 961991
94 131 444138
88 131 107322
50 131 789756
82 131 112016
15 141 87151
15 29 321900
29 58 886605
2 58 599616
63 118 541820
60 63 870389
60 78 862971
22 60 348720
30 41 779748
16 30 883343
30 43 119146
41 98 828970
67 125 978586
67 143 497620
67 93 580379
93 111 135192
25 86 176496
86 147 36542
7 25 360261
0 147 602802
38 139 481304
139 146 589808
38 71 731240
106 146 167516
127 132 908901
81 132 259513
124 127 724877
54 124 967206
90 102 422537
39 90 589319
36 90 524430
24 39 410382
11 121 609752
69 121 86225
121 128 676320
9 11 202066
70 99 892739
12 99 870085
44 99 842313
99 144 700421
4 100 449565
4 109 50823
83 100 778205
21 100 744275
8 119 318168
101 119 468725
119 149 371666
34 101 14324
6 123 809416
27 123 529862
72 123 342095
96 123 762096
77 79 885086
79 105 666155
68 105 867429
31 105 850251
87 103 193709
103 110 793823
52 87 774297
20 110 450350
140 145 751015
117 140 957628
91 117 283630
107 117 405188
28 137 817567
28 74 548566
3 137 498812
76 137 479878
35 112 322504
35 61 272315
35 108 911460
35 84 935759
150 73 124 295488988
42 73 949614
42 54 432370
54 121 450987
83 121 818027
9 83 561145
9 116 234107
116 134 619358
79 134 561493
16 79 618782
16 100 807612
74 100 50152
23 74 385820
23 104 162107
77 104 56259
58 77 522678
49 58 263103
29 49 997050
29 106 677844
94 106 174205
82 94 784666
46 82 468398
46 76 983089
76 144 112320
107 144 496290
96 107 245142
80 96 534164
67 80 882185
38 67 59560
38 124 779407
57 73 543315
73 87 429325
26 57 639031
26 52 716968
42 143 638403
42 112 816303
123 143 419223
91 143 815709
10 54 283909
54 89 744041
10 47 184878
89 114 624098
121 127 77004
27 121 896983
27 55 712783
55 115 772945
83 85 193322
40 83 31181
83 132 741937
7 83 832581
9 62 99217
9 64 448298
5 62 615761
59 64 630506
116 119 70036
11 116 237609
93 119 526601
11 99 732819
63 134 742373
70 134 938212
109 134 928142
2 70 249593
20 79 644632
79 117 624357
79 102 138627
20 86 425365
16 90 617374
66 90 103256
90 145 638490
53 90 464210
12 100 41290
84 100 87334
81 100 814266
21 100 573765
74 101 400206
41 74 852103
101 133 693722
101 149 301449
23 120 212094
105 120 414959
113 120 953638
98 105 752101
75 104 893643
61 104 825599
104 137 600839
65 75 568150
77 139 467144
77 148 797188
18 77 270135
43 148 68732
15 58 520487
58 92 32986
15 24 584345
1 92 285601
49 142 15291
19 142 294010
30 142 512145
30 141 632974
29 32 206135
29 111 274794
32 68 487616
68 138 753958
36 106 887725
60 106 959993
106 140 840639
36 118 364197
4 94 1807
94 122 853060
94 136 892559
4 126 420599
22 82 325681
45 82 500055
22 69 769309
45 146 520200
46 97 817731
6 46 157498
35 97 268137
14 97 18139
76 131 354394
39 76 496038
76 88 630098
13 76 866108
28 144 862119
135 144 207915
28 34 870519
28 48 243464
37 107 861565
33 107 216742
107 129 167793
25 37 785771
96 130 854607
95 96 960654
95 103 544000
0 95 373370
80 125 171951
17 80 542698
56 125 896807
17 110 481871
67 108 197455
67 128 592724
67 147 104548
72 147 756700
8 38 40770
38 51 42310
38 44 264747
8 31 11418
50 124 510842
78 124 92956
71 124 958886
3 78 236298
