cc61ad56a4797fb3f5c9529f73ce6fcedd85669b
1
2715 1743 2225 598198971407791566
2097 2583 784566
156 1748 803938
693 1557 393741
2308 2544 120269
974 2382 19907
826 2597 487779
274 1652 248719
1497 2338 131447
493 2155 292307
312 991 847458
864 1658 251347
304 1853 839484
1434 2172 570368
1505 2505 639751
1553 2498 525554
2305 2457 286700
42 2066 775669
1095 1249 534877
162 1112 828538
1311 2269 590745
714 1417 676975
1373 1387 663438
953 2537 504105
23 2155 170712
599 812 801852
1059 2510 746152
1872 2067 398061
860 1627 396288
805 2089 711871
1032 1253 114458
1140 2044 34153
2386 2409 202024
791 2158 921705
662 2621 949303
1711 1736 370866
1772 2165 853805
716 2659 914881
642 1958 524145
830 1668 809678
925 2356 698857
1958 2433 283933
310 1129 993182
1513 1755 192947
15 1888 387197
868 1122 257702
909 1002 850999
936 2005 88590
992 2443 801607
2431 2475 808600
260 2322 856275
2106 2644 732409
117 828 9452
1037 1799 456574
46 573 297008
998 2078 778882
675 1155 206927
1204 2320 354362
1488 2022 107178
1115 1925 916330
452 877 163927
904 2027 886138
1455 2461 167169
346 1596 644131
2409 2703 321389
167 1622 453188
407 1946 660695
414 1841 946193
920 1728 317371
1313 2384 629546
2343 2361 56047
656 2280 896394
1521 2302 991021
741 1256 790422
1531 2637 586671
496 1805 528213
470 1223 750515
271 488 507071
1165 1818 628062
698 1297 733934
386 662 551165
868 1015 501489
10 2477 14630
566 1082 100160
2392 2504 530749
744 2388 627273
157 261 344978
68 634 356073
1492 1991 538216
2239 2504 898358
820 1706 245841
856 2404 138233
173 1401 550516
309 1897 47161
1379 2199 92785
1686 2008 237106
88 2128 726235
879 2459 833317
2035 2521 887844
1863 1921 311945
2170 2375 193303
1982 2125 73695
1742 2250 247678
59 2239 666851
184 1528 636835
876 2397 705694
662 1379 184244
882 1435 241688
656 2482 20799
478 512 658411
545 1450 743197
870 2614 736243
330 1423 300268
2008 2080 944674
780 1907 616117
1164 2119 546224
598 1595 168684
574 2235 374063
2172 2232 561877
908 2036 613116
13 196 888067
910 1519 451090
1296 1789 518075
579 1203 329912
1610 2034 124472
809 1729 594203
1188 2487 516552
1052 2404 829814
1174 2362 115220
120 144 724461
760 1060 761597
2045 2322 167354
861 2427 485921
2150 2653 769342
786 1551 997564
40 1739 242105
1011 1953 279787
561 1422 720917
1275 1856 838796
766 1109 2525
278 523 271874
387 1247 885643
1171 1622 807573
6 507 689854
2188 2478 59254
1897 1963 721546
633 1246 469471
301 534 961450
2309 2326 817369
1185 1874 398224
86 625 440791
415 1369 140765
1962 2028 528768
655 1668 796908
366 2445 775306
185 2565 401033
724 1197 94082
2605 2677 331328
1477 2270 314984
198 2654 342031
1717 2618 814390
1985 2608 241533
134 2544 299393
1780 2329 349828
167 2664 685817
1783 2413 32937
290 612 184075
160 2621 835181
252 2045 742373
688 1103 880220
2003 2398 888473
140 2145 779074
155 2457 713947
989 1337 22269
2076 2657 811941
609 1653 883502
981 2038 213114
1660 2499 435657
1069 2222 185606
26 1087 837452
818 849 971940
211 1307 950925
714 1427 993274
572 1063 804331
795 905 974719
1631 2426 322662
894 1066 719645
677 2443 459403
1880 2227 726514
1692 1779 661320
1038 1613 111728
184 1939 87838
376 2536 201059
936 2456 695347
183 640 405522
9 1836 300295
214 1215 95359
1031 2136 336703
1194 2554 594186
134 2496 483037
474 1133 976242
1943 2143 741265
1349 1991 574202
1649 2230 444264
851 870 211050
108 1701 982371
1076 1738 972332
1936 2311 547619
1146 2286 660823
1604 2045 504831
254 667 881290
1564 2157 407032
86 1594 893614
1272 2007 232900
2000 2029 542493
117 951 783302
2298 2361 24097
192 2319 264287
837 1382 522324
491 991 779550
109 2546 66919
1982 2148 717011
732 1936 957119
216 2468 949761
1 1949 304826
151 2044 798193
493 841 703760
343 2360 279779
450 658 926100
857 1813 812064
564 1718 772504
1178 1451 486827
1678 2579 993648
1733 2529 186390
56 2201 257936
767 2154 842608
1388 2294 784143
153 1026 189724
1033 1792 531276
840 1431 573117
1171 1935 492527
132 2350 722061
980 2159 228617
2050 2482 853773
1805 2632 782677
80 94 807382
222 1776 146656
30 2261 560975
1421 2240 685124
627 2405 840952
1477 1569 593488
1775 1793 716002
2110 2516 781892
1439 2451 946945
1961 2444 666359
2007 2634 710170
1113 2297 877531
1095 1965 144086
1496 2676 188825
869 999 450681
887 1511 457110
659 717 506284
201 277 379223
2106 2710 988726
990 1698 662849
711 1403 846665
604 1966 568057
658 1886 653561
1175 2420 625706
2332 2519 490823
1584 2074 569701
1785 1890 938268
834 2152 185506
73 952 43409
2058 2101 741540
1391 2679 280171
485 2115 466107
976 1697 718564
991 1825 816611
1600 1640 28004
1780 2350 344906
2555 2680 140047
85 2161 302383
2214 2478 680631
588 2203 418854
910 1863 169970
883 2467 976888
738 821 783239
915 2309 726055
923 1724 67714
1024 1707 82958
1848 2449 376743
319 1796 9959
1318 2028 259907
380 1391 904679
1888 2414 509214
355 2345 345924
292 1028 261836
373 796 474902
1318 1939 558115
922 1039 722715
691 1274 36422
352 2438 998165
292 1378 998304
61 2323 803918
205 2538 956333
2154 2628 244668
685 1804 983730
291 2603 534207
99 212 281293
313 2466 449414
258 2704 702823
152 936 110290
165 803 703365
1098 1983 841619
1026 2379 231358
118 2284 963566
170 2671 683463
15 107 960352
294 1020 887850
506 1114 728188
2050 2358 672661
1959 2684 334800
142 296 750415
713 853 136102
369 1001 73413
1843 2247 184614
941 2474 484995
1366 2273 400921
0 2627 658302
10 2305 269000
124 2702 677709
939 2002 612866
1341 1972 319160
1168 2484 893885
1520 2702 326889
891 1325 962196
337 2629 951104
320 2605 770991
546 2403 683458
500 1057 868353
1251 1843 558577
338 546 598634
717 2365 319926
554 1322 536700
810 2274 708283
896 1674 238426
732 1852 95701
762 1021 783420
1287 1498 193311
387 1543 919440
1592 1988 559010
1762 1810 806395
1773 2491 651440
1314 1393 117309
1057 1970 93072
1407 1744 792115
2058 2447 25747
1715 2041 670005
1335 2472 394245
268 2230 541023
663 1912 309311
1605 2039 18094
577 1948 1370
1195 1761 301184
1003 1964 958078
628 720 322237
2488 2577 757208
1953 2617 939797
790 2267 276137
1565 2608 903135
130 1221 802171
263 1418 98465
1012 2706 152368
273 2460 661165
1232 2059 817331
564 800 799272
636 2600 33551
401 868 638246
241 1407 31646
58 159 332401
0 2427 719321
1199 2147 536745
2482 2520 758991
146 2254 587205
678 2385 186545
1591 1944 481399
33 813 181450
1567 2676 906030
1586 2381 929483
1430 1822 329333
890 2435 293444
215 1931 872249
1106 1938 402287
885 1743 37799
471 1817 569191
574 1441 400308
371 1102 868534
1917 2591 256630
1443 1864 768843
315 2640 955951
2165 2458 914442
1639 1650 183787
487 2501 200574
596 833 681279
1177 1984 584042
730 1569 167921
716 858 963773
575 920 259254
34 222 663587
856 1798 541270
770 1222 814840
557 1154 70444
773 2669 851543
58 1233 966729
1022 1293 513745
322 1159 771833
420 2481 972922
552 1134 381533
1173 2307 403805
410 1643 4983
408 418 540431
605 2651 977221
136 933 167905
1834 2562 863428
1651 2442 861295
2322 2517 826069
181 468 542997
51 1542 310205
206 2573 367937
1388 2324 824455
488 2665 427108
620 887 255748
505 1264 317187
1389 1790 783283
11 997 911594
741 1490 999163
265 2000 53951
375 1764 359444
1375 1899 503860
521 796 930950
549 1707 470870
1548 2519 87498
897 1691 873795
1201 2275 464205
1300 1433 150264
1800 2607 892690
1835 2291 980808
900 2029 781686
663 722 946729
8 1747 290447
274 2604 308777
776 1818 200878
482 2701 889022
691 2419 278852
260 555 396986
274 516 80225
1209 1428 427229
1533 1933 376151
552 881 579845
527 797 65213
1570 1937 213376
151 1978 122640
1761 2167 546818
545 1071 806387
2189 2262 734450
2277 2436 460183
28 1046 105246
742 988 184757
441 785 236111
1575 2075 886072
622 1301 562168
487 2698 785017
1154 1668 807688
128 1379 420450
251 756 411935
246 1242 504819
291 967 736540
1336 1493 2787
1432 2415 497749
146 2438 618846
2085 2174 764960
193 810 739629
1741 2316 829262
1763 2257 244660
1642 1792 780984
1513 1872 525908
613 1076 246769
895 2572 524209
64 870 2843
898 1404 530766
126 2714 196309
968 2206 288083
1042 2416 106386
717 1790 81713
2156 2564 154181
536 1734 445020
551 1105 395704
1354 2412 257911
368 1335 111100
1843 2455 123150
597 1922 142075
1670 2454 556220
1043 1566 431913
1061 2558 413101
1452 1997 224601
1942 2449 812350
819 2277 137260
388 1623 815553
334 613 383396
472 2149 557148
488 1877 333974
1506 1616 318992
327 2396 109758
1210 2121 456984
1279 1535 489773
230 276 571560
680 1271 487389
1450 2694 710036
1080 2357 583397
940 2425 531858
201 2662 507655
339 847 160216
1079 2124 820775
421 935 935263
1593 2007 616407
79 2496 695946
2040 2631 773005
758 1915 833375
664 2340 229750
855 1757 494387
680 2001 578275
1509 2141 917477
59 2060 617633
443 1766 584128
130 1599 909992
692 1981 231556
1896 2579 357993
188 2412 124479
1824 2265 632522
223 1475 203732
1417 1560 785134
1830 2019 970781
947 1154 382701
398 2169 429997
685 1972 627747
166 1425 805166
1636 2261 714916
1735 2598 412009
907 2139 622093
1793 2183 942309
825 1065 561270
194 2441 122406
1494 1937 287299
684 1457 913046
411 2454 25434
2243 2448 871618
763 1232 696495
1116 2446 893627
1026 2493 628218
128 2476 251677
942 1836 625866
232 1644 558252
1779 2165 300595
0 1832 637849
192 1759 212515
92 1962 714917
588 2339 33747
124 1075 729309
830 2661 448281
1448 1747 475587
1844 2428 423641
904 1326 860301
251 735 25308
613 2308 281478
1940 2629 876409
883 1587 713363
213 1083 809903
568 868 43857
1284 1611 37845
665 2023 563353
679 1505 969192
32 333 941285
441 1187 17348
728 2062 303756
1999 2385 127918
42 2019 451177
1233 2654 834382
1707 2014 647322
1594 2408 605690
2486 2579 700324
1444 2494 542893
231 894 879220
872 2569 379030
1393 2577 906880
214 972 87693
665 1963 942092
1186 2136 867488
1154 1558 93385
1262 2499 951564
1567 2206 892120
388 1323 457863
651 1927 133996
454 2032 630714
466 1544 970957
456 1726 469260
1929 2663 403832
1409 2430 921114
882 1013 845539
1484 2476 93314
718 2432 683871
1027 2185 510879
489 1828 874967
483 2412 459663
710 720 526645
919 2526 896239
1699 2202 880036
1454 1621 506024
1570 2327 236912
428 1568 160611
1263 1296 99081
428 1111 745944
4 2296 4838
1540 2215 314436
1759 2626 227077
1216 1589 261049
613 2388 690321
1149 2267 45135
533 835 377373
176 1705 432696
1578 2355 34765
1181 1897 955441
661 1514 942485
173 1949 522837
409 2030 172120
1793 1957 808588
210 1977 959730
882 1523 160480
22 674 54289
88 2009 893168
7 1665 72574
297 1793 576061
815 2490 576762
1406 2083 781665
479 1343 147139
969 1663 667744
974 1616 453494
766 2011 522455
115 1273 947534
1889 2346 795473
91 1362 794570
1869 2419 876409
616 2445 163373
108 1974 583017
1294 2192 575007
689 2624 406241
2155 2542 739889
553 2513 541331
1017 2281 327806
1354 2321 955674
457 1659 100525
1076 1513 58571
182 867 857170
1572 2628 60516
1003 2553 369972
1669 2350 296226
1277 2218 140969
256 367 672046
360 946 290142
581 1190 8951
1058 2657 810035
887 1257 481499
441 2527 89411
422 2695 996926
499 2535 111617
475 833 84478
1009 1239 564669
2171 2574 952573
764 999 391110
328 2404 563229
626 708 575082
1020 1390 775306
239 1089 344921
237 2572 959280
84 338 282536
154 1020 744334
593 2331 71793
1275 2424 196706
333 1672 498967
263 1985 528964
511 1005 625895
681 1984 48847
1002 2048 77530
1540 1643 461305
1165 2048 656375
2066 2154 457348
615 1190 770709
906 1679 884429
196 1298 48062
1383 2423 635458
719 1542 733104
579 1736 375345
541 2075 229181
1072 2173 989563
458 872 634962
186 1364 864487
1358 1825 18708
2168 2381 123411
996 2410 7398
1477 2298 444421
368 1547 504007
116 542 183455
1470 1549 464985
710 937 772785
2234 2702 675452
1590 2075 931241
482 608 284889
1271 2122 135013
745 1689 3323
589 2461 903849
1552 1878 780439
1907 2545 898348
2303 2594 190380
270 1452 61389
1504 1823 64773
1363 2146 22691
259 2018 391132
856 2320 351985
690 1194 100441
90 828 577465
1305 2541 441399
283 1922 836327
1755 1928 597256
1035 1496 844782
290 1001 424911
781 1278 613104
444 2524 531659
803 2231 435735
163 1785 494291
199 1916 710145
1289 1456 704348
475 2411 527832
299 348 880152
68 2268 549183
1069 1533 753273
1455 2386 620712
1569 2276 929555
959 2413 797186
2329 2647 756640
191 2137 638864
593 1994 352349
426 1683 374613
801 1930 240529
1900 2129 650603
221 1081 185773
235 2500 282932
695 1846 190031
505 2029 890599
878 987 666721
1975 2095 56652
2487 2497 197918
333 692 141507
212 705 821685
886 2267 671293
65 1688 474310
1836 2668 809934
305 2178 892041
34 2516 567259
643 2708 830670
360 1951 916782
1350 2515 136926
20 220 162024
1660 2108 842625
600 2229 808662
34 1541 818777
2013 2667 46492
236 994 29292
1814 2233 708557
1525 2123 684351
177 432 326493
2317 2429 275933
1144 1153 120046
251 1564 851511
665 2307 144326
1575 2633 842597
867 1437 314594
344 1559 40075
1522 1592 891556
1938 2629 234646
1020 1361 243815
70 1897 970278
191 907 836403
614 2020 550662
480 1255 772236
1087 1144 229142
1430 1574 780773
107 2441 541002
244 2337 923570
1088 1400 765067
680 1704 818907
632 2236 883067
111 2455 49740
570 2060 362966
1856 2096 31721
345 1561 512628
190 1091 334111
2126 2639 196842
1456 1632 695638
1933 2421 270800
737 2433 353986
303 652 406622
13 1231 252313
1056 1804 176496
657 659 367071
1820 2116 513769
1524 2564 91164
521 2539 991091
782 1645 864304
976 1839 107620
708 966 928253
517 2267 208316
630 2492 71298
711 916 72843
1737 2211 738888
41 2330 716208
1750 2303 615220
1145 2225 535867
629 1355 117373
1126 2342 358900
1371 1784 350584
426 1909 799861
697 2635 771599
112 1100 322610
1077 1546 405713
2209 2282 84505
2118 2639 705955
285 1486 373588
778 2655 133139
261 368 591852
525 1139 686029
964 1751 81543
987 2074 598566
1706 1969 851474
1179 2189 229398
1546 2487 581434
1037 2349 526211
1571 1969 138067
7 950 595192
1516 1729 283164
978 2647 419572
1999 2234 730330
280 1756 598303
94 101 980064
554 2181 367960
1895 2401 303600
156 2180 502761
772 784 225276
1142 1183 75740
1820 2495 832389
1573 2612 80551
539 1142 245413
389 1296 166082
638 2242 181863
2070 2286 956441
624 799 722324
623 802 849245
396 957 927561
1282 1851 236533
405 468 635139
149 238 454739
1516 2025 397629
514 564 630497
363 689 435952
27 2605 290777
1421 1447 496889
633 740 485428
1265 2235 9561
462 846 654138
1731 2114 579222
928 1363 453368
1606 1769 472894
306 2086 701584
460 1099 831115
148 2266 506282
257 1641 509346
2153 2687 655561
984 1258 260342
863 1137 41208
132 1795 387082
1925 2241 459042
1156 1474 527443
76 1085 679489
2085 2460 923579
720 791 447535
399 2308 738178
1494 1992 846744
245 576 566335
313 370 575505
668 694 112453
1415 1862 792193
253 1623 794848
1803 2128 63357
1326 2509 39039
748 2599 522162
1658 2390 177643
1273 2532 779579
922 1337 774837
1707 2507 158163
125 1206 473135
602 918 500132
121 2567 307664
915 1828 556414
290 1048 569147
1537 2046 185635
429 1771 364313
2372 2428 634047
382 2362 410146
183 2351 993205
1352 1482 515835
1448 2713 988756
88 2171 609274
381 845 391784
1325 2591 65605
713 2356 805165
1130 1248 710936
695 2308 883551
902 1797 127653
1530 1895 489709
498 2329 368341
929 2111 820683
1755 2563 925229
2022 2422 52582
474 2284 797388
185 1131 906355
711 1999 346128
1172 2055 629665
30 2415 337113
75 2529 998893
304 1716 693669
839 1436 864723
511 1259 115802
366 1616 198306
1362 1404 86051
628 913 857897
1663 2210 914354
452 1114 336077
1436 2709 751779
606 1081 350076
1860 2554 563585
1957 2014 6204
557 1760 999777
544 1258 503453
1675 2097 172012
446 791 549453
789 2303 663291
1027 1902 64330
131 1759 54171
40 988 204402
162 1222 404335
416 2238 218934
1326 2623 964661
140 179 300781
212 1874 783329
1486 2231 693893
1432 2495 206373
955 1025 864020
145 2203 994130
871 1224 163340
1086 1950 639000
2138 2391 907917
783 1955 954473
1104 1962 97941
2 641 314364
221 808 235090
1394 1708 162670
63 1709 57304
2071 2307 787394
217 2251 42862
17 1462 201033
547 1534 94211
69 598 809565
296 1687 668350
840 2104 217479
1042 1667 275955
731 1938 911681
412 1925 751857
563 1349 634645
453 2345 632248
640 2325 69732
572 977 336200
1061 1160 704706
774 1550 446356
76 2063 694463
1299 2292 41494
1291 1663 395649
403 2548 900156
887 1128 65164
706 1934 400960
308 1999 873956
693 1413 823829
114 2448 622090
397 2283 219133
2603 2705 202017
1469 2631 585527
1016 2418 859188
1336 1709 402390
1601 2555 170769
576 1062 641133
1023 2182 997645
1661 2102 217319
1269 2088 142443
1298 1422 73075
137 1643 280728
271 2010 921308
1300 2698 383693
1339 1470 939958
216 785 656215
1806 2120 348660
1661 2465 143603
1118 2127 773143
551 1317 11603
501 1821 19265
283 1532 863037
47 147 60840
241 1394 306195
810 1529 853734
512 773 121837
906 1726 953196
1208 1305 873570
440 1353 919063
1184 2013 125286
477 2556 426779
416 829 79693
991 2381 867675
18 1959 182574
307 836 100443
323 1170 87586
1438 1975 476173
616 1695 842348
802 1588 748295
389 756 753523
1597 2006 482326
133 1225 153450
1168 1773 966572
481 1993 893840
1306 1629 65524
1676 2289 793875
1339 2064 203719
699 2502 562576
108 487 137846
2105 2393 5045
635 1056 842567
942 2582 334472
309 2383 479742
2094 2315 873344
300 1359 470800
1347 1837 393617
897 2160 706365
3 2379 985093
1388 2419 488502
752 979 847686
475 808 458233
1141 1195 561144
1552 1663 875902
1843 1884 632067
985 1374 314889
99 1437 902958
537 932 128864
465 1486 231783
1109 2692 523927
1066 2110 719647
1163 2179 729031
388 1870 703442
229 931 416733
906 2503 180324
912 2420 919118
1728 1971 65639
1555 2076 569640
661 765 740025
522 2236 593732
225 1526 880587
477 1919 407192
549 1501 296892
2193 2603 779177
1435 2379 540835
1189 1446 633757
532 781 837996
1995 2081 487918
593 930 794265
525 2576 756987
1521 1845 790634
2334 2709 852217
379 718 495000
1224 1908 277190
816 1147 924090
831 850 816734
496 1732 787467
555 1709 872806
587 630 260675
650 2167 414886
19 1118 263777
1017 1751 707860
492 2611 570570
1003 2548 920971
574 1334 539083
149 2235 14747
1267 1876 783227
586 1315 700729
595 1859 983676
1482 2316 593687
1260 2304 198048
541 2450 968143
486 1079 699879
414 1720 145976
236 2592 860135
690 1781 337499
221 625 280517
4 1664 9728
596 609 287903
431 1931 141537
336 2252 888460
2103 2652 370752
269 1268 588347
2565 2713 554324
223 1115 623544
220 1443 303519
1347 2231 871181
2013 2218 321179
676 2331 538501
302 2201 739474
893 1510 919563
1292 1948 677261
259 425 35762
565 802 920868
48 188 582350
1822 2056 843892
647 1449 437567
1290 2524 516143
962 2253 122830
2301 2511 75022
921 2459 99055
1659 2228 925665
737 2163 931430
1295 2213 677574
1932 1953 778055
2026 2387 72952
1823 2006 798933
445 719 185407
1020 1743 521548
813 838 119685
994 1742 142075
1385 1701 148169
250 1158 674376
19 1372 265901
391 406 326423
702 965 690345
2159 2561 656454
2188 2470 317986
705 1288 155983
1481 1829 378837
315 2161 873041
1849 2201 249261
1671 2699 293864
35 2236 916405
1656 2649 879032
2224 2346 334312
201 2290 627337
1127 2564 725091
224 275 530252
1960 2703 511739
921 2620 508860
154 2585 424747
1367 1382 360928
221 1062 541094
1579 2698 5741
610 2317 49099
805 1190 749512
990 2294 113719
2370 2679 886184
532 2371 339700
1770 2696 547546
962 2290 158862
682 1953 762142
835 2547 726982
473 1758 720047
670 1533 490912
409 1180 327904
615 889 136151
1376 1585 773026
1918 2338 957297
2246 2471 710178
725 2086 811949
2148 2691 832463
123 566 700056
321 913 875897
698 1581 102078
1910 2223 292373
1682 1858 50238
852 1032 926429
853 1098 819127
1783 2348 81812
908 1241 540638
2021 2205 85415
846 2589 433714
1693 2280 415983
647 1035 858630
1351 1556 289364
1640 2670 64893
1788 2676 751179
57 1690 467605
877 1607 198463
855 1201 28058
380 1715 230734
1598 1943 945274
1625 2293 653930
387 722 415929
747 774 167200
1465 2345 903867
451 624 6069
605 1458 230206
625 1308 481644
870 2479 801387
485 2442 56357
368 2090 52673
15 1006 623519
2135 2328 728561
524 979 186334
1004 2562 101065
2128 2502 439208
1321 2304 700872
792 1397 741481
1365 2600 964432
409 619 541878
161 673 330553
40 1875 93934
927 2391 645441
53 539 176189
1050 1743 330850
186 1234 432442
1360 2018 492284
1059 1353 634992
882 1479 363314
547 1957 33914
2106 2285 773265
2069 2366 156488
1656 1802 338090
490 838 623742
997 2354 248448
416 1348 943803
1929 2057 868765
1774 2265 561143
1871 1874 22847
150 2297 467589
1141 1471 702512
1991 2333 617464
169 1917 568179
1624 2642 652642
1084 1728 967386
32 1715 551351
260 2021 510133
2081 2335 486801
1768 1771 28836
507 2125 788429
560 1038 911822
1705 2683 826258
2214 2635 909930
680 2338 13106
1612 2079 287226
635 771 9896
1140 2510 670808
426 2060 658689
1379 2258 745129
1169 2105 237144
1508 2180 359150
389 1386 349882
332 1967 228665
1355 1996 509736
1168 1244 757884
147 478 153978
1150 1546 825405
434 902 768992
1019 2559 28133
1370 2481 634308
973 2597 649720
306 607 451531
496 757 637024
1497 1839 926779
135 694 266274
1448 2023 699575
1276 1819 973042
1428 2651 960997
569 1882 78305
2276 2594 255984
780 1114 508404
1301 1689 331497
368 2004 124497
471 2691 719944
492 1007 169491
257 2215 651729
1297 1507 140156
958 2021 691090
279 1942 892682
293 971 83272
676 1276 251938
90 1312 362722
1338 2100 160041
5 2015 812701
2176 2416 671858
2062 2251 941134
171 1850 828113
1156 2051 499838
818 948 462734
1447 2220 299119
2550 2589 927733
1104 1616 524413
1424 2132 834315
1561 2167 534880
516 2359 851739
1214 1637 747342
324 1763 327406
680 2464 758717
804 1319 239896
74 1091 555270
820 866 382511
1491 1889 631973
2156 2184 528663
353 461 960093
96 293 535737
1054 1833 220089
1280 1769 494738
16 204 73196
585 1233 555751
775 2262 735194
883 1420 987799
2166 2320 107568
482 1045 703497
2390 2577 607661
1768 2487 208835
1383 1723 244100
77 2010 619612
452 2084 870618
1040 1329 704970
519 1858 212778
1027 1350 131093
913 1536 582152
1971 2530 924013
973 2377 291459
203 1520 25878
1270 1529 629091
1579 2524 742209
145 1177 839761
336 1176 62327
567 1084 987478
764 1313 355630
763 1743 159100
980 1413 880958
1179 1619 988817
299 653 250477
1801 2360 366921
956 1736 738086
975 2085 841987
419 2194 31305
1381 2536 135652
963 2292 785692
916 2279 498336
368 393 974046
155 698 529495
217 1217 669500
2117 2506 244187
323 1541 119261
1809 2502 848976
987 1235 292504
1399 2167 840877
845 2508 906693
113 1508 961119
55 2699 20657
812 1464 147084
1323 2324 512619
191 558 319924
247 1330 172731
1389 2399 635636
1183 1579 869363
1703 2624 35045
1368 2049 752861
643 2256 156257
1158 2095 429779
401 2489 734245
69 1575 345390
185 402 664530
464 922 60438
571 1603 534350
478 1602 185785
769 1751 905415
1567 2347 930839
392 1024 473112
556 902 929017
1703 2410 191940
227 468 689217
1637 2199 166111
1137 1953 497373
646 2344 144523
1094 1800 744278
990 1657 607328
1018 2054 674565
60 2625 78885
1805 2605 98020
2537 2645 472827
609 1887 615234
1509 2517 673754
285 1526 887056
1839 2626 12786
447 1069 244249
436 2534 826355
717 1800 259663
300 802 784424
2278 2610 148352
577 963 889662
1960 2687 507560
606 2030 525091
3 995 679327
164 584 343690
593 2571 461619
982 1567 548874
2035 2414 579088
582 2557 932518
1840 2451 625116
204 2233 278440
1429 1617 129951
1906 2232 81574
357 856 264864
1611 2662 579878
63 984 645131
852 2395 398110
1163 1186 618189
31 1309 405012
1691 2529 402370
109 719 359908
131 314 991110
58 1782 183840
1646 2353 835176
516 1911 896977
1216 2344 455037
413 1639 744028
130 2150 358096
586 1541 780608
788 822 387959
265 1374 165692
181 2134 788609
197 2471 896333
597 1252 941387
118 762 421205
841 2576 676274
796 2409 964696
503 1780 803618
2162 2411 335455
1676 2026 7501
874 1358 58751
1059 1298 672888
93 1464 495156
1042 2021 629423
2519 2529 756966
1539 2551 152217
831 2029 19918
848 2559 700070
1151 1797 889074
450 2322 663396
1099 2342 678924
1954 2000 241457
28 1710 126473
1108 1410 149195
143 795 282605
954 1972 629315
425 946 854483
875 2581 17809
607 2512 541330
125 766 298560
2130 2521 33468
2111 2493 642250
1127 1437 985728
265 518 922238
673 2494 592047
1013 2549 471069
906 1256 585307
642 1487 418629
1051 2463 322907
358 775 834373
875 1194 891308
69 1007 166543
893 2227 918450
540 1343 7499
275 472 860956
1565 2090 636552
649 2631 594341
143 1586 419021
71 2202 960438
1079 2253 418382
1996 2389 73320
843 1408 789818
794 2193 387880
439 2346 299185
1787 2220 283316
407 903 410067
182 1980 427841
90 2018 824244
194 398 724543
284 2522 86251
656 964 855860
120 2204 128522
806 1702 596101
159 743 945320
205 855 135636
2200 2702 120665
249 482 355650
2049 2666 856255
1206 2337 872853
52 2659 389818
1072 2216 719541
1517 2387 781562
317 2027 762257
1589 2660 822198
1296 1770 895519
1440 1614 915637
103 1125 241664
1267 1796 734474
2112 2113 823617
1608 1808 499357
1073 1920 778878
1068 1467 596003
136 1407 33441
2044 2596 484719
121 550 49544
2551 2622 855074
2414 2634 471493
949 1836 469183
407 1512 660798
195 344 455705
335 2444 397301
930 2558 769517
507 548 848483
2486 2570 102092
327 1535 396413
39 572 127601
2378 2508 178392
607 1068 907953
664 1227 163496
1814 2341 128912
1137 1511 372836
531 1514 551983
2394 2420 661830
162 370 89699
97 1603 889518
1144 1644 973602
1324 1957 627494
429 1485 860887
515 1120 331264
1179 2580 521045
1858 2432 513308
723 2085 907239
975 2710 744198
587 1783 805126
1375 2654 619580
405 2473 309988
227 2286 545932
1065 2248 88549
551 916 325212
106 796 936813
880 2543 471812
1025 1753 727316
57 908 701589
961 2156 286262
983 1473 6973
1347 2658 365928
603 613 747522
1883 1888 517189
28 777 382764
931 2182 466726
1562 1711 809024
1037 1374 760943
1030 1945 884006
1680 1941 454470
1358 1900 346924
299 2068 472479
242 2325 825507
1392 2609 210227
2078 2282 630439
2245 2264 559503
352 394 871101
1306 2015 993289
285 1453 218389
1648 2164 917389
284 793 413806
1423 1972 946389
436 1466 49752
616 1443 969399
1913 2186 738837
87 2437 208024
974 1882 580953
972 1866 30590
651 2646 658481
1096 1500 393476
1289 2560 267328
437 709 987750
1814 2108 975075
50 2422 810108
172 2038 404342
921 2071 147716
2573 2685 85296
1432 1634 75416
1688 1990 855850
753 2554 306238
711 2352 976061
1296 1513 834078
2202 2583 857032
406 544 499854
438 2184 103569
1449 2412 878602
269 2398 418563
190 459 160063
1615 1718 383701
1095 2272 730950
924 1878 384523
591 948 889646
330 556 96726
29 516 152562
1866 2336 757463
296 1680 620617
640 2046 90050
139 881 164765
1746 2632 267805
1072 1340 782675
396 1768 935078
909 1026 364553
1796 2511 292628
131 1616 507870
1049 2245 140662
1298 2142 995114
1536 2648 630456
993 2401 415246
96 2132 791109
1447 2113 913767
1232 1534 218566
1867 2485 445852
549 637 242759
1197 1720 553431
74 1337 309691
351 2378 475537
615 2539 253142
390 2290 213829
1237 2587 722584
903 1424 612870
1484 1719 443882
361 1337 50540
1018 1548 216480
312 2049 991210
166 2581 284703
1699 2598 495867
95 1986 58520
383 2251 36923
316 488 587762
1168 1909 47634
2193 2681 44422
673 2667 222155
272 2305 16004
902 2658 2627
65 805 288883
729 1594 236092
847 1140 914645
377 1464 1233
1618 2407 714024
621 1395 513988
1044 1665 658313
965 2610 662131
654 2172 205556
1827 2242 752106
839 1322 837990
1946 2147 308497
466 2092 343587
612 1979 539334
1331 2083 525972
1293 1578 502662
1589 2449 920328
2436 2625 389892
1419 2304 358491
485 2540 522524
495 2041 312756
2434 2706 713633
1008 1272 829415
1123 1845 955986
2293 2385 130940
1224 2480 109612
129 929 730951
1099 1584 445593
1163 1243 63030
895 1582 744646
329 433 224105
358 1468 264402
25 477 259899
535 2282 249122
393 1414 992800
1666 1915 162961
903 2141 492199
2170 2191 794821
349 380 380446
860 2212 915613
107 1230 204116
41 254 637126
736 2000 29817
2222 2714 432109
926 1967 214754
246 510 653710
1379 1575 429097
651 2135 450539
291 2690 543602
2244 2288 797529
735 1926 859016
1321 1948 532276
1703 2271 21285
292 1041 513587
192 1411 820496
1235 1969 836310
87 336 834337
548 1712 595132
1776 2649 132000
494 1402 742865
1051 1236 862028
695 1983 321188
48 637 449527
1811 2302 982
504 2435 800910
2269 2486 263854
169 1047 484663
489 2259 503818
682 1416 180563
1128 1737 466673
1607 2411 276963
1299 1432 41731
103 2667 941254
4 532 62481
1144 2322 438176
1191 1757 758793
827 2367 626455
1535 1780 88010
189 1538 419447
337 687 721046
1492 2433 137973
356 1907 725605
1079 2602 800529
835 2006 546582
1127 1731 486100
86 2255 998209
2353 2508 955705
1281 1455 640039
873 1180 310504
187 2531 779915
640 1767 751773
1684 2609 218330
2253 2454 95144
852 1105 876613
1415 1736 630477
240 1654 494704
20 2087 797707
119 2509 888066
644 2324 935098
419 664 202909
2237 2264 999309
28 2061 472487
970 2489 502008
1406 1570 48775
246 375 242987
40 200 121388
69 2138 10811
859 2527 983943
900 2196 340258
1844 2636 462041
528 1176 949533
1104 2365 951974
617 2710 758707
784 2499 56777
1888 2273 958998
773 2431 804321
1235 1717 198178
444 2409 526953
1371 2469 198402
1076 2102 324006
689 1172 386034
588 2099 506169
2249 2590 92767
652 942 989332
1995 2539 649322
2207 2429 872649
1503 2197 572491
882 1852 516094
255 1036 106322
1795 1843 352445
114 2172 335881
1229 1239 388392
911 1047 870774
849 2518 733834
376 2671 491005
721 2132 737096
48 1145 639201
1947 2096 553206
1779 2414 813675
986 2064 559877
120 431 342115
187 1365 656539
406 2260 714747
1380 1489 197371
1032 1855 745932
880 2201 865379
951 2047 30775
2161 2696 967029
873 1166 982894
1229 1514 219533
275 683 17995
992 1001 105329
158 276 96157
592 1291 593318
88 685 72964
1639 2059 825119
1396 1423 186418
1985 2581 828433
1144 2229 468497
87 1971 748514
288 957 346627
741 1545 309247
539 2538 239173
969 1117 902412
1157 1776 11437
967 2714 25399
326 2353 457938
1144 1635 687334
1542 1859 126602
583 1228 754830
1232 2399 547534
1057 2144 985957
249 2186 87098
1400 1836 566447
78 1934 919601
567 2578 43189
67 526 307358
977 2426 604117
581 2248 443989
1573 1967 906610
180 888 483991
1101 1940 480843
44 1212 265396
7 2212 205482
1422 2076 967499
423 2132 49075
410 1555 320749
1896 2363 374044
510 1833 287584
1444 1685 511867
775 819 48767
654 1720 775674
289 711 971199
883 1723 656616
1780 2672 992204
555 1107 375786
2308 2313 348626
970 2195 99727
1245 2401 581399
1711 2121 513473
1816 2025 205317
1831 2186 37206
98 2499 472838
1724 2020 91270
743 1138 314120
54 1429 851128
1642 2175 465824
451 1810 952693
1286 1419 166666
2110 2595 208062
1557 2083 911118
1846 2688 805752
1794 2366 14015
769 2149 712709
184 739 225630
266 1052 393455
778 2086 351899
173 1672 459262
590 841 269307
649 1968 240105
1506 2706 252949
156 700 874729
539 2107 344374
651 762 596008
627 1541 861220
725 1914 345625
359 406 952512
1225 2495 832673
725 800 136452
470 844 36978
2446 2613 989164
917 1503 373625
754 1436 102130
748 1945 887405
1713 2578 504433
2300 2402 789192
340 1973 898923
726 1477 779539
477 704 119014
389 2295 700377
1333 2556 340977
917 2428 985533
892 1288 188484
1051 2174 145512
271 1472 371909
1762 2667 286106
417 1776 237863
441 1969 670626
821 2230 216749
872 1737 978729
1612 2474 480589
2067 2081 239208
857 2447 927343
312 750 58746
914 1136 838612
2568 2703 457611
669 1556 398996
612 944 941488
2196 2528 431936
1973 2647 23633
1694 2474 565094
1933 2331 657793
2057 2351 912626
1217 1539 144174
2165 2485 601137
798 2611 190964
1157 2096 460209
1388 2254 470092
202 990 833797
1000 1476 757729
2104 2452 952549
638 1809 655619
669 1954 339761
1152 1468 627636
976 2088 614934
1487 1614 575328
1700 1730 918729
542 1015 516394
259 2323 713841
1426 2050 712162
375 1034 895585
172 1547 616466
1589 2675 430915
817 1476 250424
233 1482 627536
529 2189 65037
32 189 309371
2436 2601 16132
397 1891 679790
651 1807 621006
666 759 777003
716 2540 968538
60 1448 156565
2200 2682 884379
1222 2696 897032
537 1332 908801
353 1212 160482
1437 1786 664073
877 1777 318245
746 1752 220336
109 964 638389
1658 2595 918211
432 1708 588411
1229 1727 19282
786 1154 651628
311 1712 387650
1330 1399 359012
153 2518 93570
1527 1883 381740
415 764 533014
210 2018 882523
325 1493 842575
1989 2588 375960
1261 1488 5979
1184 1314 471165
1614 2643 574008
289 2567 578391
466 2477 569796
481 1681 130570
473 2085 100657
212 1472 26513
363 1474 442708
68 2674 936164
55 1233 708956
461 1865 271858
667 710 630815
175 1805 596877
897 1380 295056
415 1632 839654
1022 1801 331725
50 1706 753965
971 1583 117973
641 1591 96602
1654 1742 865431
281 1173 272202
463 470 50341
542 1826 868673
926 2691 479752
31 990 475086
1348 1836 175533
1914 2426 913484
165 966 515644
599 1038 364164
1246 2119 611977
546 594 590320
2108 2641 908771
374 2217 961179
1242 2254 675786
22 895 715492
734 2357 13439
1338 2310 561825
238 2121 164851
1066 2380 308447
703 2592 776033
1069 1350 45576
1820 2073 653367
842 937 805086
535 2712 29295
1559 2219 408035
1026 1678 793661
552 1356 460251
1025 2453 245473
287 1745 204329
526 984 506204
84 1004 837142
1156 1327 437439
530 2598 737201
1821 2230 878046
1959 2283 317968
419 2299 717732
874 1035 698484
356 2245 476544
351 827 506699
1143 2234 116990
853 2037 261198
1640 2578 830832
902 1211 763083
480 1749 93770
702 2528 304125
131 2291 586638
807 2706 178327
1250 1721 193180
1387 2535 156768
526 832 671339
421 1283 417015
1725 2333 109589
1386 1429 65400
1873 2133 494540
309 2217 618999
3 1847 525802
1205 2477 843817
81 588 975207
1178 2029 743971
773 1388 806820
713 2552 852282
1519 1655 753508
1155 1517 588233
811 1589 699866
73 2116 918160
520 1076 213660
626 1937 693881
1918 2170 416567
476 1413 343927
833 1558 787677
370 1110 752455
1682 1956 435450
1532 1978 156760
806 1554 822437
97 2022 612167
287 2509 837169
849 2053 341827
199 963 547298
1228 2318 189264
517 1129 960444
233 343 245287
701 2616 45303
997 1494 588154
701 1726 509392
1611 1853 44372
180 1901 168121
364 818 492383
519 1109 195697
58 1753 878592
402 1966 251630
904 2177 572573
970 1097 929718
321 816 828350
961 1072 745100
142 886 817361
513 2357 391112
590 1343 113735
651 2270 95744
749 2210 685533
1903 2061 546402
1369 2704 862965
61 2693 553572
1908 1920 135586
645 706 242770
229 1148 211779
14 860 978054
181 1226 281478
600 2198 211318
2195 2598 924302
851 1119 49191
217 1078 631343
163 204 39104
1842 2633 847254
2265 2454 556409
960 1655 458758
1673 2274 984562
1052 2108 528253
1700 2082 799072
2350 2593 825973
451 1030 933858
1405 1934 388166
178 1454 489394
1162 2086 328680
1371 2255 108150
1321 2043 808087
1101 1241 737526
239 730 833423
1686 2566 298217
1767 2144 114487
755 2432 832296
631 2190 975450
110 2033 390724
255 1297 370768
1291 1310 441523
707 834 272443
1303 1423 572645
362 895 668525
1885 2509 592245
2450 2535 302183
122 194 817531
1480 1619 213180
1073 2671 132606
1108 1961 321557
507 1515 340998
1638 1972 168269
1647 2098 812688
128 439 90684
1219 1356 105819
122 2120 87506
1202 2445 500000
2406 2582 714841
879 1875 456734
1580 2390 519900
1960 2207 314195
1077 1941 731302
1357 1654 811591
280 1700 424355
914 1339 151041
1629 2133 997284
1697 1906 514205
1440 2389 714494
461 688 550902
1266 1892 596625
1414 2033 240637
768 2416 131558
1339 2047 331627
1844 2700 111858
435 907 591891
2244 2541 883768
1451 1792 308560
943 1519 823562
958 1674 947806
1460 2401 682991
49 1708 544837
743 2462 587168
107 1018 682416
715 1405 507181
1000 2009 938268
1328 1346 202045
997 1553 909292
1442 1730 294002
277 727 445145
920 1849 38379
317 2373 289670
174 1790 562275
1260 1612 236465
1459 2301 107574
1765 2125 24902
1781 1943 367044
43 169 352590
2091 2281 698926
1011 2631 230724
136 760 754750
877 1384 842504
1285 2316 743331
1764 2446 691821
898 2298 303769
1057 2657 614893
1585 1644 174375
287 810 746876
906 2007 294210
592 2031 195513
2130 2146 610639
0 2697 416833
1273 2104 86214
611 860 631454
1182 1228 376562
83 887 549085
660 2062 942229
219 1826 643197
524 924 376488
385 787 235971
1751 2364 972607
207 2034 223979
1537 2299 402955
1344 1976 1913
104 476 822970
1344 2131 32813
1734 1888 395449
1256 1492 554452
1868 2312 786585
641 1635 53883
14 1850 760975
1633 2330 541183
704 1791 626005
1450 2605 970048
638 746 907631
22 2119 221492
467 2332 735880
355 2578 650967
825 1851 683771
1636 2039 134976
180 694 508845
1390 1398 122831
964 2246 173271
1092 1746 67779
1238 2668 72673
1193 2039 583784
472 1677 612842
994 2547 15469
489 2268 697892
522 974 205652
1071 2369 230173
579 2300 408066
78 218 237080
264 697 813046
1226 1952 845273
531 2656 447190
93 482 789120
1060 1928 601125
1134 2054 608397
1345 2661 211538
22 804 908930
513 555 790697
1920 1989 419494
1241 2072 947052
1669 2483 152293
303 801 506045
210 1287 774805
2374 2525 897394
229 2399 174419
367 1155 878411
1409 2630 711820
500 2140 495871
1405 1608 104664
140 418 506354
301 1547 664192
319 2178 384132
755 2707 125536
557 2164 107459
1686 2647 875112
404 903 634368
413 1123 275772
1581 1876 36735
315 1998 619963
295 1281 849288
1793 1813 315037
675 712 344154
1053 2306 38134
1890 2406 415487
395 1673 654039
101 841 801339
224 427 962708
1651 2335 311070
1093 2126 767583
168 1709 10169
218 2423 952787
318 2663 965869
849 1097 387021
138 202 184735
745 2017 952949
433 2638 469639
126 1993 421019
509 1643 983912
1218 2109 215355
347 1758 140826
1981 2094 442915
1338 1390 310083
971 2584 948908
2153 2586 583076
193 281 623267
109 2522 827215
1090 2190 287052
176 2575 350007
2052 2678 374524
646 2563 878112
123 1909 944869
406 2611 66869
1503 1922 78447
709 2174 636600
1338 2034 441089
1563 2427 595347
400 2531 191518
338 2633 236366
336 2650 313132
1430 1870 889178
671 2521 678993
1568 2522 500746
1688 2312 394358
1478 2706 603745
765 2590 462701
236 2376 120326
1213 1508 83823
43 1910 88468
454 1907 871486
1412 1431 910798
648 2665 855081
350 753 605616
1095 1566 682798
576 1568 401888
1074 1603 182521
1518 2025 894083
666 710 307659
653 1070 22316
816 835 600374
1495 2689 104240
270 1528 918596
1264 2120 239637
1410 1512 255032
37 309 679145
89 1571 867500
213 1248 503086
1882 2226 539993
504 1014 214323
327 1120 399861
1846 2440 172158
836 1130 223543
868 1466 717157
2069 2644 990646
797 1739 956924
248 2595 656303
2374 2661 448104
1087 1192 997862
516 541 83602
484 1612 321763
191 1018 611895
1921 2566 571101
1483 2521 648925
489 2635 839669
95 980 366560
81 518 656921
1014 1743 866923
387 1532 611401
173 497 980802
1158 1892 750518
83 1761 165819
234 1948 379206
348 1502 781261
41 1412 498165
779 2638 595904
72 1721 518997
1696 2203 272580
247 271 12342
580 1141 545054
1265 1787 545632
66 2337 453309
2398 2468 190909
280 2276 987563
1387 2400 449364
2261 2394 870047
1511 2103 731888
375 1304 211503
998 1220 563487
802 2619 438562
514 1317 499478
2052 2066 36259
814 2565 604402
888 2304 228626
568 2420 616281
755 2510 201717
153 365 939711
2533 2680 970892
140 2266 513348
82 667 984002
2287 2673 647547
253 861 669119
529 2314 956550
1667 2575 130138
60 1891 505437
208 1580 326124
601 1613 497453
1207 2061 832256
36 1945 827165
1189 1795 201510
1297 2065 242347
1074 1879 102503
1624 2401 178677
1068 1157 191698
2257 2630 677588
977 2523 440629
45 1092 890915
538 887 777320
209 1709 50653
543 1508 521667
1893 1904 975844
618 1240 525359
2330 2368 925022
774 862 154266
364 378 510906
1254 2645 258116
455 954 898897
1200 2435 27255
2005 2179 718823
762 1087 786963
258 865 451472
602 844 802119
150 223 759599
1475 1500 463900
1713 2002 926682
577 940 485483
1070 1320 424857
956 2670 149167
934 1836 787918
1861 2613 402421
578 861 471598
1473 2510 224624
106 1463 473901
721 1461 755689
1518 2042 498040
884 1546 511059
934 2204 438876
1250 2500 265724
790 2711 270980
654 1573 215904
1392 1402 931167
318 1626 208536
824 874 944608
1857 2481 58735
474 1166 607455
618 2473 358549
2166 2413 483357
421 1347 152813
1162 2642 503908
148 707 616129
2175 2473 903693
559 2008 558677
495 508 518812
341 1269 498713
837 1486 767749
1466 2480 995832
998 1342 675538
228 1803 885581
1377 1785 688860
226 923 9397
1296 1739 502646
99 1935 25599
1198 1514 697066
2131 2555 752000
531 755 820251
1427 1457 190340
298 649 598665
235 1422 894879
26 337 787763
583 2663 332961
525 1969 19095
1426 2263 865895
688 2533 362453
419 1329 112974
1163 1673 586482
329 2704 231555
502 2399 911736
626 1801 276598
354 2357 285946
1960 2397 780397
1566 1701 354484
1881 2075 517941
623 1198 833169
1405 1531 784627
21 831 877127
292 1858 823896
1127 1172 715550
406 1663 688178
1159 1771 453262
1158 1311 468256
400 432 998149
788 2471 258654
1307 2508 697927
1228 2668 179902
2105 2697 69360
1592 2700 966328
480 1219 576981
19 779 396248
282 427 300297
658 2077 763861
112 2280 539451
1067 2542 659522
408 2056 433852
143 1924 728030
2010 2686 641439
1814 2006 908806
1604 1898 561082
2628 2709 228426
484 1445 737928
502 1462 643420
934 1167 290288
24 2368 686948
1218 1276 96929
372 1326 265777
1070 1113 708820
696 2668 99659
917 1812 177331
925 1554 462372
1029 2577 670232
813 966 852268
1367 1910 812334
1223 1729 209540
1328 1788 173620
1046 2668 799178
285 582 899808
1618 2632 374995
374 826 869856
78 901 101559
537 1977 301307
100 2337 14661
470 714 584726
1662 1995 384599
192 747 894867
556 1132 515009
315 1647 787732
998 2537 257507
508 967 447389
1802 1849 104414
382 2048 326616
385 1931 548835
213 1722 632305
371 1531 327463
926 990 717025
340 2187 997299
1161 1374 321353
1577 2642 567703
1743 2015 848500
1215 2694 902142
523 1465 849535
1413 1955 834141
2024 2277 79253
921 2019 551942
677 1812 734930
639 1113 768985
1294 1686 745481
62 2068 573721
1208 1963 190113
230 1387 903900
331 1604 397338
1717 2551 497244
1055 2630 660141
1661 1740 578348
227 469 749010
1666 2673 504452
55 2051 469403
1630 1632 303037
1495 2535 440062
1347 2615 304024
1056 1613 725296
1334 1987 72184
672 1569 203116
843 1580 507248
288 449 62610
1894 2287 505911
756 1262 720877
442 1493 347128
386 1676 296589
822 1670 715974
259 1910 542995
1586 2555 699181
1108 2514 577547
262 2577 64676
1392 1713 710195
913 1525 566750
1478 2016 647834
1599 2426 925247
682 1748 625764
815 1765 143788
2439 2594 199914
1576 2119 885243
76 243 693630
1308 1499 339466
823 2328 261260
1592 2017 734379
422 2013 571932
1715 2093 389949
1296 1754 631411
867 1880 846742
930 1053 699033
529 1815 632220
430 487 786806
1335 2371 270643
105 2560 684758
1268 1689 492304
899 2055 16460
462 2436 848300
1101 2568 56306
532 1236 882901
209 2063 693710
721 1395 99742
195 280 126864
2418 2466 64951
340 1458 723383
885 2441 114519
29 1828 769620
918 1628 580181
2178 2310 82791
779 1950 466007
478 1254 872293
1064 2381 566369
1813 2587 197019
2043 2186 51407
1450 2213 325036
573 817 930590
477 2289 910838
1647 2012 918692
1677 1854 990163
91 1302 258848
227 919 169340
2330 2548 674540
286 2517 268295
141 233 689423
489 1829 298321
695 1620 630383
562 1928 904694
635 2714 629347
127 1240 78909
826 2614 22887
2475 2606 386065
2474 2491 361128
212 1412 130538
1167 1714 685888
367 2208 470923
1596 2323 80380
1135 2081 637156
996 1248 871512
905 1816 587159
457 1047 202060
700 1766 798295
751 1590 17471
854 939 292141
738 2417 769754
1364 1796 466069
1259 1306 663608
1805 2020 782021
384 1805 652921
744 1923 322189
1336 1505 232630
7 1521 104473
342 912 488654
807 2126 535764
733 2455 913887
38 1316 263719
821 2425 265681
448 846 828831
1893 2048 361612
91 1397 807789
2572 2630 680585
1196 2684 163142
479 1810 644742
1121 1352 587435
922 945 137363
1124 1175 969347
859 1915 744970
1129 2184 314020
774 2221 28380
370 1977 112816
2361 2473 284037
160 1425 415708
293 2117 36897
1267 1838 146700
267 728 910361
38 477 581978
145 2481 763510
1320 1900 883318
165 2423 135062
1197 1778 488871
1724 2496 441659
786 1010 14640
402 1905 675329
848 1166 819533
102 2484 601384
164 1257 709661
967 1439 304079
371 2573 82265
761 2417 905026
1144 2708 801666
12 1413 329130
464 755 447897
686 971 426787
217 938 747912
1609 2547 244395
11 553 717086
424 1459 80181
1472 1606 560824
663 1456 433821
1708 2672 822395
782 2160 930551
1906 2353 246013
1621 2317 489984
1055 2436 917827
16 2151 55478
1090 1830 834405
