cc61ad56a4797fb3f5c9529f73ce6fcedd85669b
1
2783 1345 2693 23266675
660 1325 994980
1341 2289 444625
537 1983 786018
280 2688 618930
1140 2151 576936
2058 2485 229286
191 2262 497049
848 2780 639862
445 965 732703
681 2129 366207
2327 2665 230864
512 1276 229223
814 1386 47597
1059 1226 296362
761 2090 55044
842 1937 540498
905 2596 258485
13 2540 942405
669 683 602961
1678 2181 460920
1260 2180 366622
57 2229 57730
34 1996 901751
148 250 61387
16 2691 922256
441 1907 61283
13 83 6872
192 480 273135
609 1992 843575
1975 2095 106238
58 1362 41975
998 1654 735353
1895 1960 181119
1707 2150 826105
2121 2458 369465
984 2181 607155
2578 2770 568725
1121 2237 278222
1157 1491 788135
771 2670 203733
328 1648 595692
410 1549 39112
875 1160 190890
2147 2527 622285
2151 2243 661749
1718 2696 12932
969 1170 154957
402 803 338616
1840 2776 29221
847 1221 973873
1318 2084 361023
1167 2622 922022
39 607 648690
1064 2408 215439
909 2490 994253
1401 2628 636825
285 2680 431062
1086 1642 394355
62 2739 457067
508 2338 603654
859 2415 506954
604 1799 292865
1312 1682 485548
350 502 366226
919 1294 865996
1349 2439 740272
88 601 595845
1753 1963 630101
925 2087 745753
2602 2702 242441
376 1454 474062
617 2133 983002
76 2715 834994
283 2152 717864
1709 2583 43968
1195 1352 728348
96 1525 59291
1192 1826 356921
805 2506 912567
209 864 861451
141 623 8791
846 1908 355451
758 2116 192048
1247 2028 399876
1407 2686 300845
244 1241 97344
355 1562 451916
2600 2605 901916
813 2281 596901
101 2554 590635
835 916 553291
1650 1905 203797
530 957 827915
529 810 681456
1806 2111 221138
2107 2513 993319
295 1764 890987
640 1444 131798
1254 2139 530021
741 1179 669880
2045 2578 187538
110 2344 116536
1684 2347 380012
616 1931 786851
173 2047 528211
826 1204 17471
2721 2727 370418
116 1251 104309
1765 1786 426111
211 521 419305
1506 1620 72800
2286 2758 708330
4 1662 937131
1158 2232 43589
431 2303 737798
1011 1866 321588
595 1629 433774
832 2570 480884
924 2567 672467
682 2267 233268
1316 1437 558367
1111 1641 775081
617 2618 388887
1120 1807 538943
976 1907 177562
1598 2671 633961
849 1034 632519
85 1459 512793
2094 2221 986108
480 2144 13452
69 1060 375033
1401 1769 765564
411 770 325282
1560 1943 148601
630 2041 615843
1713 2557 145682
450 2068 621806
982 1754 936877
280 2594 109856
473 1336 475190
503 816 430785
682 1610 90804
672 1690 762666
287 2682 881719
875 2550 480897
858 1758 317486
666 946 666336
365 382 389909
263 708 366932
725 2542 86539
398 1298 438721
258 1336 362817
1790 2342 480611
840 954 360463
50 2276 350063
1984 2402 177377
127 1418 431512
1977 2179 691214
526 1265 588653
793 2268 838729
424 1504 657311
611 1040 145584
1990 2551 177889
393 818 749378
44 1355 968360
258 1300 918254
241 603 633554
530 2709 628550
204 1418 992611
1659 2270 970642
762 1212 103530
1013 1667 905089
376 1274 87042
907 2175 975355
1455 1589 98036
239 2685 141842
1405 1503 557050
341 711 635414
990 2571 995358
972 2015 972615
1332 1705 52929
1472 1532 225509
32 2313 311480
516 625 272612
274 1235 405969
546 923 884924
194 1870 258035
746 1928 589020
1232 2646 752291
201 2741 365950
1462 2195 713123
277 1328 404054
865 1044 699701
428 2522 200100
103 2765 700093
426 2763 888169
1928 1940 10948
1054 1855 576821
50 1962 361049
531 608 823967
729 1913 454610
271 2343 996879
1034 1475 375280
1738 2111 802485
1719 2530 549472
1017 1752 578844
924 1141 952222
828 2526 331033
546 2478 750452
722 2467 571869
552 1760 731169
159 2623 81194
1324 2489 54356
1034 2713 642275
581 987 58135
429 2146 452731
1504 1840 452169
377 416 545231
454 1178 30724
203 1391 830928
1313 1807 29981
884 2777 49561
1754 2169 896137
80 1136 351839
2295 2604 476572
315 1077 567110
434 690 852653
2053 2541 814736
97 2085 820118
1023 1669 226864
176 1076 167320
1392 2034 71933
1292 2486 403675
2540 2757 513922
290 555 574674
1083 1401 485490
1903 2566 110461
865 2463 452985
770 1102 306952
1295 2332 696749
331 1525 409617
639 2641 60899
465 553 208455
1652 2153 539678
789 796 604398
412 868 639715
407 2003 436926
1155 2331 54440
1026 2253 316715
455 2398 385707
518 1209 463680
1894 2227 576414
1859 2775 350693
119 2708 68223
1311 1350 245311
68 578 848390
1311 1685 300342
1518 1932 76728
522 558 59026
920 1858 502937
628 2388 258558
373 1481 273982
1150 1651 156463
883 2277 259456
2236 2367 437726
1079 2121 723789
429 762 25009
365 2747 316888
1384 1933 934136
1503 2468 160945
546 1398 672146
586 2089 980783
565 969 65392
1304 2341 112713
88 785 45361
295 1533 466180
474 1786 882029
598 1547 308294
1727 2209 171342
216 2130 597962
10 1533 219288
593 1942 865645
1011 2284 930697
1278 2248 895397
910 2584 463706
1268 2453 391953
366 1779 7142
636 1349 588458
1092 1657 32802
235 1074 824921
181 2019 976074
1379 2336 671331
1494 2729 884829
588 2596 29439
1564 2297 652862
1394 1954 294217
91 2136 680252
691 1845 185230
835 1316 885227
197 276 706439
1584 2767 143025
456 1156 193379
755 992 526237
1104 2313 723069
309 2050 593585
994 1762 697965
348 2453 416384
1208 2752 27130
1221 1589 235058
1079 1877 108333
1297 1557 372773
720 2100 902145
134 2760 752366
943 2186 79478
1323 2405 40125
22 591 959364
540 1058 57374
928 1975 409901
1564 1566 916828
798 1280 273324
1529 2772 918080
511 2034 515977
1616 2477 790135
1729 2505 595854
33 2664 617425
641 996 766164
1879 2497 640102
70 1366 889142
615 1870 270739
74 143 999335
1008 1542 577250
2062 2681 753312
96 1676 238088
823 1177 381361
113 2572 581191
1075 2366 667001
1861 2257 400692
1137 2612 241649
232 2613 44179
1301 1421 952994
105 1220 572638
1077 1410 125687
166 2688 432869
2183 2758 214509
624 1190 696847
1632 2779 30950
751 2388 900798
1874 2688 216029
1614 2641 297873
1308 2581 817013
461 2665 539074
308 1205 729002
52 407 665456
114 619 125928
2426 2718 755640
997 1664 235194
1135 1308 676668
1827 1949 72859
241 1530 622725
2090 2240 689449
772 1285 487941
63 1562 494199
218 2126 500981
841 2043 620033
740 1433 340509
908 1025 40250
42 2273 279474
2265 2487 185666
1158 1966 209753
919 2149 697396
1709 2777 723146
1460 1810 560347
712 1076 889232
2444 2749 458884
652 1452 628908
629 1735 774574
2014 2640 520921
1679 2472 667998
760 947 570603
686 1544 310095
402 426 255121
1142 2521 176455
919 1723 795897
136 1531 385797
591 1399 318674
90 2577 533527
508 1587 348653
1152 1717 646600
1589 2381 381053
1971 2412 740277
1555 2331 86525
2136 2298 413696
1723 2355 57584
2057 2171 51486
1236 1325 208004
716 2337 785740
866 2699 229840
875 1402 607903
1246 1708 679741
54 1098 826744
1721 2636 625408
59 1137 816086
236 1439 387589
1407 2453 211525
235 2098 884967
460 1000 971956
728 1717 982364
140 2655 181604
1630 2650 773806
441 745 697213
253 1922 633764
499 2066 520635
1934 2167 190847
1235 2352 157637
1183 1706 648352
1794 2656 778398
1355 2512 627271
596 2524 252724
1196 2482 325494
267 2346 432470
897 925 664692
247 2497 371139
95 1321 321389
2254 2278 785693
660 1466 105910
104 2349 84733
592 1462 397807
161 1526 690912
1363 1828 899714
164 446 475006
174 2110 114055
721 753 576315
395 2311 920842
898 1633 354615
1343 1593 334756
1151 2003 388032
844 1038 896517
701 2454 600103
2281 2474 293460
1084 2414 437936
1683 1880 200557
875 2697 229922
1354 2569 811465
261 970 265087
417 1419 721404
329 2063 515406
800 824 293271
264 2206 905172
727 2644 209133
612 750 251489
779 2734 625971
1831 1974 361542
103 2159 265409
156 2259 604772
1332 1646 706165
806 2691 930975
345 2048 312246
603 1734 635122
438 467 707414
359 981 556316
1040 1978 50577
1514 2119 513849
251 1588 452530
616 2424 813227
578 1144 959317
1484 1631 885175
2438 2725 780295
1891 2731 921964
915 1593 145801
425 2102 365629
653 1771 283124
252 1658 285104
547 2621 713910
2249 2516 189359
990 993 24250
1398 1627 49340
1628 2167 532454
888 1031 299394
249 1181 329726
872 2579 881222
1731 2401 203046
533 1916 330364
1802 2266 329860
911 2728 675510
703 1888 502724
1530 2417 568
2054 2339 127733
2634 2764 438822
1792 2217 954449
208 2296 68958
749 2001 63705
232 2406 38690
799 1836 336607
1216 2194 622702
839 865 414301
1243 2341 326953
257 1697 561795
356 2775 813622
158 2541 500622
1806 1819 156969
1021 1591 755476
2452 2621 339543
1187 2127 14556
369 703 629062
1661 2361 989097
354 2625 658371
2047 2240 492504
2409 2537 685779
316 532 702047
101 1826 55937
843 1968 113461
846 1658 590934
624 2176 500305
359 1436 849383
1052 1624 682186
987 1798 673864
1378 2472 585821
6 2282 296798
1770 2130 916685
44 1350 563219
2129 2479 612005
883 2485 924514
493 1968 406553
651 1733 824402
1042 2723 320907
408 1169 744447
1887 2195 379753
871 992 364243
549 1580 429555
279 2573 285780
1671 1968 520666
40 1473 643736
909 2574 258180
1386 2190 354387
1892 1935 68588
1376 1780 882513
1946 2777 219879
390 1303 184831
436 2012 825345
1527 2625 877027
313 963 628166
863 2390 41068
1593 1671 478620
2078 2365 115363
371 2722 468877
656 1485 812993
1047 2158 154403
1778 1786 840347
1545 2039 365036
1286 1619 665145
918 1962 753693
376 448 422276
13 2555 212563
956 1356 668317
1882 2736 80053
1077 1726 984202
1400 2263 864564
613 2300 42059
980 1238 17972
578 2086 741451
1299 1673 218565
1126 1838 630258
2286 2573 72330
98 1334 63255
181 2261 777018
101 1106 870995
1738 2067 999813
1565 2571 970417
1431 2231 319438
288 2277 493121
703 1173 822743
1089 2240 898443
460 2100 886779
493 1188 222561
998 1017 866516
490 2413 771790
1871 1895 468796
2265 2447 626026
677 2179 959537
600 2449 101455
1021 2639 222674
1651 2499 820070
1194 1264 113158
203 931 837594
752 1421 409084
53 278 271023
422 1919 30540
1976 2605 351467
595 2140 48060
1071 1505 837746
638 1313 271264
672 1494 987824
267 650 654681
869 1379 610990
1759 2736 638717
1297 1657 94984
465 986 596567
1901 2491 569270
1220 1629 215749
259 2401 797318
838 1649 93568
1481 2699 689962
536 2413 613177
860 1393 954029
1036 1636 337374
1598 1997 952257
1890 2735 391803
1524 1985 93813
68 2443 640254
312 1903 23874
511 1674 807315
581 591 400196
662 2387 108270
1144 1755 697798
1171 2701 699430
1191 1921 915574
431 1534 435966
1359 2608 73720
777 789 879168
842 1344 288982
1585 1694 682371
882 1064 260756
0 1877 905867
620 1968 912801
900 1214 97871
656 686 579370
671 1757 243669
296 1171 522441
712 2063 190778
754 1345 853723
472 557 504590
1260 1774 838640
2390 2502 318747
1780 2397 909403
1403 2134 867783
99 2045 366504
1347 2235 732495
422 2014 899053
51 1446 432755
239 2478 345785
175 327 516017
1282 1967 791722
499 2652 430633
1613 1776 81755
1445 2004 241567
906 1433 349882
1432 2421 713055
830 2445 834871
831 1538 648635
943 2444 883800
310 1446 992752
1106 2362 75561
215 934 596711
611 1691 480145
1579 1875 530647
63 2267 944448
393 2733 364167
1666 2314 899077
1093 1805 613297
2252 2408 752572
317 1854 193602
783 2214 732388
465 2531 590975
305 739 180623
611 2225 395713
760 1110 746482
299 2689 352609
435 713 911836
378 2292 890158
1949 2186 591492
42 87 149851
715 1553 25467
548 2071 647094
1408 1677 567552
238 795 984211
1517 2304 214002
2353 2759 181575
563 2542 812576
2079 2406 555216
810 1539 484349
180 2247 728850
63 1537 817327
997 2514 421500
130 873 311622
386 1697 272073
932 1434 900170
1066 2631 35235
1315 2345 10285
1404 2656 187746
1112 2392 24031
2106 2649 212273
49 1328 572544
487 2719 218769
454 2557 850033
333 1269 234167
855 1477 929283
75 2712 652817
111 2475 127505
1225 1371 17767
1036 2388 582314
1377 1487 320028
87 2193 676710
952 2640 840915
1305 1885 374810
1108 2590 385262
1195 2726 265574
1272 2418 18353
1013 2528 813291
1827 2591 745349
3 1116 470554
1076 2459 838169
1357 2302 247272
897 1479 839843
173 2741 549661
620 1884 945924
1978 2552 982412
624 1657 29386
703 857 326557
911 1576 585359
259 1207 529478
2354 2448 759486
1202 2650 760792
767 2335 887926
1613 2294 332917
51 870 50950
1635 2254 292896
778 2744 54616
1232 1639 498477
8 2238 743787
81 2105 709911
1032 1813 231033
1183 1396 534448
2054 2429 860279
665 1114 172339
1743 2709 306747
89 1328 888821
991 2236 628215
1131 2705 794618
670 834 465571
1177 2145 743076
2056 2509 246777
62 2482 70599
1476 2780 8218
1738 2353 617112
1167 1929 709582
229 2154 997955
143 427 718761
495 1918 415899
1420 1534 792777
275 1340 109996
699 1548 812475
144 233 551660
502 949 477565
1252 2053 161232
1778 2148 141662
470 1085 582012
287 511 592706
513 1819 907858
544 1691 79042
432 2399 571564
821 1869 400944
212 689 592676
1978 2761 120247
368 530 311760
1536 2421 501473
1097 2413 462347
1518 2536 205171
298 367 79598
337 1257 890611
1351 2363 180638
649 1633 346122
735 1969 840127
723 1069 545092
247 1668 114375
1176 1784 540851
243 2599 298221
1226 1911 966067
338 1920 664063
1305 2537 955401
554 1580 924499
274 927 676773
913 2581 258517
2207 2762 913799
692 2325 647360
836 2683 743998
1366 2032 589800
968 1675 500106
756 1863 512563
1501 2496 26595
825 1875 637416
10 505 986707
224 1138 458911
102 2464 609854
1144 1492 883352
406 1294 803266
2462 2575 428520
1523 1526 173433
127 1910 491918
1665 2701 347611
143 2010 109796
1913 2296 60545
1008 2640 59825
126 1231 924740
364 1194 396379
53 1992 247300
237 254 929146
933 1887 937925
1053 2532 47303
291 1727 911795
711 1637 358131
220 2385 644870
446 975 217556
153 1056 924992
181 481 468794
1076 2688 216147
1507 2108 498848
1350 2671 424545
494 1687 506750
270 1402 49627
895 2118 876924
456 1888 982666
1245 2138 56448
587 1050 844524
106 371 756072
1577 2779 907958
957 2528 974164
312 1206 31289
235 1930 528602
657 2032 474655
1662 2036 691677
565 799 605844
1007 1740 341240
659 1540 108993
433 1931 197587
204 2483 676723
614 2480 321496
890 2039 372250
1075 1271 74048
2506 2752 626990
120 981 611271
1439 2305 72300
887 2588 18942
82 781 307134
1361 1504 681471
2157 2769 380025
2274 2698 718138
916 2614 60160
108 262 86382
1277 1403 548230
323 1138 810932
162 2722 73136
1202 2760 862901
254 2207 709336
413 2717 411388
1841 2720 258862
1378 1621 67622
550 812 263417
1047 1171 992118
866 2553 603707
600 1638 715973
1134 2399 369843
736 1583 12694
1082 1787 592636
1035 1881 962184
649 2049 520339
1034 2005 353316
60 1984 136438
650 1174 36759
1338 2506 96295
587 1139 432185
190 1762 717648
412 2424 217355
305 1144 205760
1809 2312 504384
1201 1849 499091
942 2616 929586
757 1533 455920
496 2185 259829
1244 2533 937516
330 1240 887689
942 2420 282125
334 716 778153
1452 1841 288809
1499 1570 30720
2620 2672 423596
243 1332 7355
2251 2467 986039
1858 2055 276153
1702 2001 679398
159 2104 302560
2035 2159 272362
170 1386 263689
759 1114 101653
1847 2372 924891
339 1868 640501
1788 2023 182005
41 1880 746007
2080 2734 815813
1427 2128 78253
920 2606 835318
121 853 262218
214 297 709190
127 2754 365897
1658 2271 288245
1823 2719 331534
1701 2260 90585
346 2021 96612
657 2659 882063
775 2565 15366
809 1339 92300
974 1011 734201
2218 2330 803281
2093 2115 859094
1746 2638 619389
8 1817 160550
231 493 610748
1368 1425 684325
1138 1876 532893
50 704 820649
688 1272 197058
585 2367 741852
2033 2326 467248
2180 2653 638949
140 1374 482502
1596 1757 446438
688 1068 889099
31 1314 52766
1296 1683 630624
1799 1873 575790
392 2368 128084
1865 2447 681528
437 1657 809878
2693 2750 350179
550 720 511237
1091 1468 445883
1300 2515 502628
601 2064 771382
1493 2273 707113
1756 2400 126865
132 2184 772916
2267 2730 93657
1277 2014 429725
512 714 674758
1206 1760 39846
764 2634 390146
128 194 918864
499 1672 946695
1341 2038 678153
167 1625 736677
25 2230 216706
65 1453 44003
415 2032 367519
1846 2738 955965
110 1145 361288
84 1224 223884
2113 2271 796189
655 1848 269508
324 2011 41926
122 178 501655
2306 2402 778472
515 535 877430
399 1088 881139
394 2006 375351
374 1282 269976
1697 2378 597842
1712 2609 376216
1192 1425 268165
1689 2706 100856
1109 2430 312472
2239 2750 379089
2262 2468 686587
221 2624 127747
149 2180 616011
520 2529 988489
317 877 884211
1954 2585 424744
882 2346 664623
469 2017 538882
411 2534 112236
1321 2402 243079
183 624 500939
93 2341 251979
915 2037 897861
622 2744 90482
639 1756 244201
466 1537 525127
163 2212 909120
2136 2516 377196
275 1168 192529
21 2740 278636
538 1114 484736
896 1110 929004
195 543 901073
597 1142 996609
605 1902 120266
125 444 358299
2694 2715 259447
641 914 115230
193 898 404039
606 2054 35217
330 2046 625364
181 340 977647
1749 1842 584000
921 2205 999003
219 1090 183290
2409 2509 642673
1222 1954 399200
1613 2318 275512
1182 1998 347007
410 1515 509939
747 2701 913077
109 1115 426774
327 2537 663672
908 1696 442966
625 1611 741807
401 1856 282841
1039 2695 246398
154 1260 86349
1660 1991 391455
566 999 384405
694 911 931179
12 1611 644381
135 1516 588153
2329 2473 944910
1451 1550 380445
27 1784 866781
2061 2184 949906
341 2607 718654
1316 1762 276466
129 1152 331063
1075 1897 545953
421 1288 568847
358 668 405642
548 1969 79205
282 1255 905729
191 2355 236956
1637 2549 556360
876 886 875892
207 2364 602733
1066 1406 370676
475 1200 231697
938 1217 808387
2475 2676 726211
2216 2519 73943
862 2278 139274
169 2321 945413
506 1771 808193
296 1317 906038
1426 1727 784029
90 1285 780602
630 2208 477515
1058 2632 796470
443 2416 671476
520 1218 650425
256 1186 284578
177 459 564397
194 679 344892
1624 1869 21673
714 1525 578669
514 917 783779
1387 2042 991267
1176 1250 972547
1541 2391 320500
1532 2637 981266
441 1107 40027
316 1783 69457
689 1930 136159
2010 2139 650791
1230 2131 485844
116 471 692210
1699 2247 810875
1154 1270 822910
717 2048 856580
709 2466 728723
1118 1373 206965
2041 2382 862376
1229 1782 363554
1694 2082 909494
9 1081 375580
602 1206 208552
542 2604 609767
2013 2480 849454
263 1022 838562
1279 1787 802161
2157 2221 950283
1117 1753 369185
264 1337 993435
912 1586 370218
682 2554 808525
117 1251 214596
1002 1662 332541
725 2488 492073
1044 1184 682923
39 301 934882
74 1569 767326
1484 1922 604731
1448 1570 728805
1744 2014 810069
1675 1777 214201
105 1156 424282
777 2201 963518
35 528 165003
452 2501 585064
748 1901 844469
1397 1899 464571
370 1290 531906
1097 1574 36330
268 562 657323
1082 1605 494753
344 2387 329675
507 564 31262
655 2565 505295
163 909 517818
920 967 641610
480 2060 286278
1523 2334 324901
223 917 811088
159 786 169779
1307 1513 610629
591 1109 409635
253 2007 289008
403 494 952207
1653 1961 108129
1381 1671 403121
719 2566 509097
996 1029 219700
121 452 312001
2275 2302 183144
349 1963 813578
624 1850 167120
858 1883 812527
464 2384 522454
1509 2156 990310
21 692 580831
1031 2321 733398
170 1691 916536
944 2240 499859
660 2065 624687
1322 2673 663620
1818 2372 906687
1026 1815 897126
2131 2541 225379
247 2279 705129
901 1495 423755
501 1115 293752
127 521 414124
1335 1858 692566
56 549 686642
274 1447 685988
930 1203 429009
76 2058 137023
192 678 620601
180 1018 397126
1318 1939 487784
2096 2450 340217
359 1451 541593
304 2507 659964
260 2751 45530
414 878 82491
1497 1595 106107
1322 2714 71976
277 2316 704290
246 1089 841633
1357 2222 783868
844 1815 763372
2150 2502 687374
1147 1185 138212
404 1024 74665
1924 2733 331373
1319 2068 727932
1444 1986 891362
470 1822 387140
2127 2257 446673
58 2662 459614
1423 2267 46748
2027 2428 548924
1578 2752 848768
63 733 541878
13 451 934258
26 325 80504
1860 2440 348645
1737 2139 520154
1266 2586 811112
118 1472 490637
2029 2075 621229
105 2285 478832
80 468 372453
1098 1942 327490
413 2054 742278
176 318 11891
1222 2344 822830
1446 2122 404051
1291 1539 915681
972 1826 756716
599 2514 576495
1800 1867 48619
2137 2589 858673
1007 2465 2296
45 1426 473585
771 2729 620968
1020 2492 685097
826 1009 757960
574 1191 939172
61 988 925658
373 2268 847169
1005 1684 729244
464 2033 4247
2373 2445 287555
292 2304 460594
362 2621 221767
2415 2427 363066
1341 2538 908696
979 1973 903156
98 489 434606
682 1613 79010
1756 2124 537470
842 907 812486
1643 2172 880776
296 850 884613
448 1130 539917
532 734 68134
408 2179 701790
683 958 588537
1607 2560 116752
1941 2006 837716
1410 2394 69708
959 2271 892409
2114 2224 758211
458 2569 6035
1163 2664 616446
1290 1647 797791
789 1745 957523
308 1528 831976
74 1825 741235
2155 2492 964331
642 1517 426465
1232 2579 806169
383 1255 996989
2354 2380 580730
248 1796 252542
995 1262 168302
903 1385 786495
1071 1637 910542
892 1498 964080
353 2057 411058
717 1736 864749
555 1337 564684
732 1784 913451
712 2504 71090
762 2283 189967
265 1669 325049
575 2308 283673
351 2110 72828
706 1346 960573
388 653 923772
1581 1905 123858
1146 1533 44770
121 710 544099
657 1033 526495
653 985 984356
311 1948 8628
482 1341 360575
664 2572 891470
1347 2118 433035
1986 2658 233097
3 2081 540958
82 1530 451989
2439 2666 888377
1025 1353 903734
870 1579 737506
349 1326 313957
1527 2704 516367
1521 1794 309012
1352 2280 244158
623 664 110735
701 2319 862561
380 2415 329662
1548 1886 945463
1643 1648 436423
1007 2299 139446
236 2706 643536
1134 1936 331556
222 1175 656610
583 2530 672198
699 2224 950249
1667 2205 638383
1617 2680 300951
982 1751 131513
379 1013 467625
309 362 130770
2163 2421 634754
610 1391 387502
1063 1537 937331
325 388 813914
358 984 911836
172 1932 560689
198 2052 693803
100 2525 400295
29 1950 81987
280 1045 982274
662 1970 639097
571 2557 403177
845 2572 915064
1938 2051 543061
402 999 420676
923 2395 489892
2213 2428 465691
1339 1566 807884
1171 1889 268792
973 2378 963180
2185 2319 237489
1260 2070 378174
924 2737 44352
1901 2072 525353
1228 2494 863262
2326 2731 838388
1670 2568 245579
721 1348 897684
994 1797 805483
715 807 529382
2097 2161 827786
1197 2113 577080
1346 2503 376960
388 1154 569409
1393 1561 21168
1653 2412 338225
66 1283 603690
714 2017 697251
1506 2064 151024
71 457 780976
802 2488 903638
2377 2391 838045
1234 1844 3202
1119 1782 409652
534 1234 943763
878 1789 277040
174 2032 1503
1292 1681 723025
1147 1999 457172
2293 2687 803472
111 294 977088
586 1289 639853
1015 1633 712299
458 1427 700516
706 860 465698
227 397 162749
488 2403 654543
1529 2728 633603
577 2029 217347
80 2632 597068
2023 2368 838486
475 962 766455
1261 2091 770342
1546 1971 619765
1042 1912 832763
907 1443 68029
294 1288 875851
819 2654 662307
792 1239 428505
1855 1904 818755
1358 1896 559159
1497 2419 867607
1885 2548 130925
1715 2159 978153
1097 2782 596978
980 2328 215010
2493 2575 332503
873 1065 595072
26 582 35971
151 733 846950
301 676 757017
328 1792 824141
901 1588 978870
2343 2711 130520
513 2651 696278
570 2656 413318
1746 2356 958678
885 910 580673
157 2483 162580
334 1526 990227
763 1843 988338
249 956 607544
1766 2041 354618
1628 2211 859278
741 2333 828443
1090 1237 526377
1219 2639 91986
636 1637 472387
894 2394 382884
886 2570 726032
333 1581 401223
1414 1991 132720
893 1362 582945
1695 2563 472766
380 2636 414312
1532 2778 559557
946 983 716968
113 302 890707
1227 1833 203811
2516 2524 136741
905 910 813842
48 966 828865
1195 2759 469258
2336 2602 777251
1161 2701 869242
78 881 731727
109 1571 781777
1909 2544 69893
568 1418 272124
438 1444 969747
217 2588 176397
663 695 67588
1157 1512 165623
1570 2433 897590
1930 2410 913589
244 445 753865
1067 1704 406155
1195 2248 389940
501 2379 433445
994 1387 421105
696 2284 57691
542 2142 109337
639 1528 248406
14 2670 689226
63 794 386316
484 2423 316036
326 1777 903783
977 2008 41619
1792 1814 698500
7 2195 582631
1317 2214 753494
212 880 916671
1635 2044 552811
444 2022 771524
718 2507 493063
193 2436 30898
217 1626 80684
2073 2441 613425
1361 1843 116411
185 1473 924994
311 2544 959732
475 1089 56340
731 1482 605978
447 1879 137079
297 1902 856626
101 1204 143080
1362 2608 851113
1712 2516 200266
1389 2127 966037
1914 2533 704566
1096 2509 812116
827 1114 506601
1129 2275 670737
1395 1789 127324
556 2603 299109
189 2269 351793
486 1825 324185
107 1829 824777
136 597 663370
1508 2479 18162
122 492 262245
705 1824 569342
1678 2185 212882
1509 2519 412975
2114 2745 768046
1336 1967 465550
2436 2641 768496
2125 2627 119258
852 1226 418413
156 800 989662
409 2135 740086
1632 2518 12188
1861 2187 351135
1415 1819 873701
1459 2574 549403
889 1910 525642
1164 1820 36291
100 1785 713132
1159 1300 142965
2528 2748 501488
1429 1780 743769
1568 2722 817423
1104 2285 989183
1149 1648 184842
198 1813 480804
288 2676 671290
2070 2418 558804
1122 1239 691845
881 2018 319273
37 404 522221
1284 2417 848753
289 2775 398466
828 886 979822
206 1486 555576
198 1210 68214
935 2178 535955
1474 2739 853371
495 1422 371455
573 1317 290661
2206 2766 486204
2660 2702 621979
139 1763 808630
381 697 900769
275 2413 793970
921 2250 17691
1177 2222 802661
2569 2664 961904
325 1071 962783
98 1349 78026
1154 2624 419236
2091 2276 959993
1700 1830 446875
511 1874 785719
501 1055 639200
271 1664 319750
911 1159 83316
81 2714 764214
139 1601 259220
187 2226 241219
425 1627 356455
247 2069 993499
1392 2642 338768
567 1219 727484
52 2687 938404
950 2193 563324
1700 1728 865333
1640 2207 767074
271 2381 486157
1484 1878 691058
0 1817 677367
541 1167 119943
1348 2398 35894
813 2178 803608
305 2020 214425
356 724 37980
2631 2763 880102
570 1724 546250
166 515 926003
1221 1989 260730
169 2672 485141
802 1577 149927
764 1747 3951
1827 2101 827990
1820 2686 319404
1010 2672 208975
579 1451 895815
703 1225 466122
2075 2286 650247
139 2629 558246
1803 2326 218313
224 924 32274
592 1208 568501
1105 2292 23438
97 303 933203
612 2123 623628
613 1132 341558
1333 2005 301872
1 2226 771734
1870 2303 697527
576 995 860092
1709 2605 290035
1216 2293 871574
1573 2371 142900
1027 2138 814634
331 1554 497091
223 1315 568551
557 724 64392
1821 1906 936087
116 2225 844683
1593 2533 773361
557 630 675927
365 2753 883084
558 703 69499
1409 1464 926765
40 1163 494058
1008 2404 480257
856 2438 139330
145 1259 547814
1544 2317 13225
23 566 2851
308 2159 811028
1555 1572 893177
2296 2739 303649
1333 2743 435217
126 2087 396324
2456 2639 229268
499 1220 568895
1288 2327 331034
1413 2094 821291
522 2755 34170
2002 2286 260883
375 2421 46400
1084 1917 875295
725 2619 378364
963 1994 340878
115 2479 587575
804 2454 576124
1597 2360 96577
261 2115 63363
569 2435 465830
479 2589 461054
1094 2017 550591
2215 2449 571433
1741 2387 860708
1014 2221 227172
137 177 241599
2011 2193 641750
236 517 273979
241 561 40750
564 1803 665692
1982 2297 94725
2071 2525 814633
1077 1857 88608
226 937 66052
124 2561 732817
54 69 734298
1347 2425 434428
1050 1063 257269
342 1277 1911
46 1867 812334
668 2703 43211
702 2306 942208
91 2425 721112
659 711 146297
510 2246 728916
730 1752 993161
29 1384 484020
1458 1993 587837
973 2610 508195
1742 2209 523013
378 1717 178799
574 2617 569713
229 1545 764547
228 2149 500603
322 2339 137359
1725 2488 710653
196 736 520900
361 2275 255491
36 1507 761083
1871 2648 775483
102 918 775413
1196 2048 679177
299 1952 362365
989 2648 703927
322 1965 819306
370 2342 90826
1103 1531 480257
215 1920 415023
1261 2441 261175
1076 2545 918484
1131 1664 208659
90 2381 397204
1859 2203 633394
421 612 181258
151 1170 785188
11 2235 595015
1644 2774 16372
1263 1520 212510
20 1279 789061
2539 2652 257820
305 2626 707800
2116 2763 915669
991 2106 573610
1698 1945 582937
1972 2059 651258
2332 2411 927750
1395 2568 206057
498 1983 633975
1053 1264 23865
673 1790 888666
182 2692 210296
119 1452 988832
539 893 581814
1037 2374 636621
1323 1430 764657
80 1199 540527
147 975 327122
1440 2046 188651
129 1143 483152
1210 2630 229618
1538 1933 978099
1281 1989 301651
586 1370 852019
1321 2311 570155
822 2500 360447
94 1853 29047
1915 2645 237081
125 477 723594
1 2559 301214
476 2702 652762
742 2023 418211
560 1187 284276
1094 2237 864508
2087 2646 803088
1302 1436 703638
1877 1981 708991
647 1567 434052
1263 1788 763648
566 1575 69015
2071 2205 448755
680 2486 156773
1127 2753 64997
305 1180 190188
363 1366 391434
1666 2377 818705
1180 2767 143304
2058 2729 74049
2432 2484 349487
419 2768 948536
1782 1852 101959
465 1348 32032
350 808 998851
391 1709 872593
1312 1935 551697
1341 1645 798839
929 1442 22291
718 1037 686290
120 2170 63975
1347 1602 128918
77 1505 865058
654 1916 863794
1340 2706 63964
856 1708 205998
1015 2082 13669
1559 2232 748205
789 1459 244182
936 2282 793554
70 1470 467202
765 1063 28351
507 1099 910218
574 1337 130489
631 2606 589135
1019 2351 415143
327 1449 896643
857 1031 961017
1835 2773 564569
588 2393 805798
1791 2454 27739
17 2719 893453
1735 2052 240985
1748 2342 286461
786 1388 537535
1078 1342 702864
1312 2645 481088
738 1951 399730
1004 2564 87022
1080 1444 106623
1864 2237 776364
1377 2316 801099
102 1257 168635
1502 1732 988347
213 2534 494320
1004 1805 920144
1126 1688 336518
396 2349 280580
830 1768 175888
1756 2480 407437
867 2634 488519
471 1519 956030
94 1596 360769
773 1253 876173
1016 1367 736451
478 1522 148847
1001 2274 485037
1275 1695 439455
477 1442 96275
939 2149 691838
546 764 51501
232 1756 82965
872 1400 255652
1801 2582 300726
314 1356 721036
1172 2393 877568
1437 1616 642929
242 399 443840
292 744 501258
79 1195 648372
727 2152 368651
324 887 73324
551 675 103446
1222 1663 469578
439 481 851537
281 1425 534440
851 1472 408531
1176 1615 2456
921 1054 949943
2072 2668 953030
314 1088 968531
1929 2723 132346
573 791 59843
1499 1651 716986
389 2655 705822
719 1799 465165
2272 2352 951307
1862 2141 463194
2565 2681 434028
284 362 353262
1078 1378 94839
904 1456 484828
1838 2031 734758
130 631 483902
644 1101 275461
2215 2693 506394
805 1223 559592
1667 2192 447328
520 2260 765631
2155 2228 707728
582 1061 107650
202 1985 722041
298 2673 189126
493 2469 157532
1486 2522 876210
386 519 62255
1655 1916 765899
328 1594 881405
1746 2707 729962
772 1907 445803
1249 1572 962896
319 2109 992021
1462 2690 779152
1603 2535 460054
1043 2140 593962
1970 2654 276519
567 954 365944
1747 1809 687518
1899 2347 726849
1435 2181 369560
1722 2025 113324
558 1688 396274
982 2247 878223
290 1317 311793
1808 2094 884260
602 1331 580610
693 1873 920924
1942 2124 113691
2036 2239 979214
352 1364 803007
448 1896 988680
1028 2207 542305
1 1093 450566
552 1394 636960
1465 2345 596801
837 935 933809
285 1871 781406
1966 2451 568923
391 2729 25159
17 1478 636379
347 669 87447
947 2361 825639
297 965 135599
1938 2736 308111
88 1050 467622
1099 1343 403264
65 2220 545501
1048 1586 456419
1269 1306 517296
2237 2304 685346
29 235 970184
1493 1996 766859
1300 1364 812877
74 396 475341
775 788 202041
441 691 51998
1365 1764 727560
131 2481 989631
320 1675 604043
2168 2234 618967
1070 2138 645212
1832 1898 218044
130 1416 59948
259 2388 426897
930 940 902776
2335 2616 651401
1140 1215 737434
2322 2592 374090
227 815 953980
1303 1388 437356
205 343 443111
171 310 179488
372 928 779129
1920 2208 959790
572 1218 553909
797 2407 942486
205 1972 930677
274 1976 346584
436 2421 737658
19 229 368016
398 1674 316260
434 2575 386617
1128 1185 155517
260 353 302674
1619 2124 606447
1380 1615 604957
1356 1957 585622
862 2420 422468
1406 1593 534320
111 1817 722455
2364 2597 319857
1530 2445 882416
676 1500 533108
621 1389 482744
1806 2771 598859
176 613 905666
563 1947 999543
954 2396 676436
547 2643 706867
554 2085 595463
1087 2517 672107
2333 2386 160132
902 1648 37258
1563 1607 753262
2264 2528 824560
708 1511 477854
67 2723 704579
2072 2096 722185
969 1925 181469
1226 2209 479742
1467 1602 568867
1884 2593 393484
707 1451 607925
112 1445 329729
596 2230 45953
1890 2153 380429
1590 1697 467378
912 1483 81476
443 2443 240839
186 2702 818114
360 1319 56830
266 1702 996776
1918 2571 49646
282 1963 253893
766 1426 109172
743 1365 390801
1041 2455 903621
1898 1906 339539
2199 2716 920675
1014 2114 639074
2564 2687 366123
1851 2108 666696
504 2704 518986
486 1701 703490
603 1967 328144
1035 2460 35940
857 2160 460701
1876 1893 403865
283 2743 251896
380 1749 570056
1951 2106 401790
1428 2009 494035
122 2000 32119
1369 2676 900281
1790 2393 456324
988 2546 852827
73 2442 425973
1480 1632 881116
462 1055 511287
942 982 68513
157 1383 868778
313 1793 961207
95 1585 610833
251 2403 172308
273 1966 134627
854 1033 269302
2097 2307 80574
259 1037 916776
1898 2535 149179
1850 2320 727331
626 2014 847324
1804 2511 214225
444 2477 970978
420 726 34797
2164 2187 519675
1318 1440 80646
240 1053 302425
790 1263 549537
459 2423 213214
1625 1673 857982
508 2442 781875
1681 2566 287155
540 1978 347576
622 1736 566069
75 102 530262
389 2451 77750
170 497 819120
941 2467 22696
885 1816 23479
1127 2025 912095
1389 2589 579420
1714 1777 495444
31 988 526433
96 272 700037
892 1276 33481
1081 1521 374586
648 2489 801582
1884 2681 604131
278 385 889457
114 2584 505310
882 1580 941195
48 2336 35796
529 1863 893890
1398 2290 214339
797 1720 44088
2024 2466 388182
1189 2256 921374
2185 2371 343600
1881 2145 647877
1399 1496 138695
277 2427 295445
2068 2448 81325
691 2177 791574
451 695 924459
1227 2348 105324
684 1795 407750
765 2241 823328
146 913 849251
279 1474 340952
15 1239 261510
304 2754 785129
1535 2661 822070
1692 2196 620931
2 462 991613
2165 2213 69451
2370 2568 825548
171 1599 574150
2388 2411 295931
404 2611 18736
1057 1909 332397
846 2412 326061
345 1198 869265
545 1601 61975
1173 2309 24390
2385 2426 559286
1380 2700 692822
307 1211 139021
610 1281 447395
496 1402 165649
1608 2131 505248
769 2606 292021
1698 2637 254134
908 2015 791712
1610 2189 111174
1800 2204 646144
1118 2764 24974
1516 2182 760696
692 1600 92709
896 2331 719221
439 2558 813088
1401 1782 744734
199 1411 866263
2166 2774 731498
402 731 238786
1746 2047 337995
2310 2748 136188
1765 2221 269896
1498 2369 121066
306 1033 203752
1679 2495 331957
1611 2693 95562
1140 2678 133426
2163 2202 492370
212 770 338147
300 361 574590
440 684 604375
1299 2692 599254
1147 2126 798700
123 2747 517250
1551 1831 501941
294 2350 117813
493 2523 431606
566 769 537927
120 165 553548
155 1496 554017
1255 2746 426474
1513 2028 597201
1165 2358 858046
1601 2291 22654
1379 1677 583729
1479 1704 218741
1539 2059 886797
1922 2032 996641
1490 2447 828090
1224 2651 337114
784 1288 986593
142 816 181460
176 1354 144242
1697 2717 624952
2140 2315 192448
1487 2046 924879
1828 1955 746313
815 2229 560411
664 1440 154324
1167 2596 341056
189 1634 944755
707 2508 242847
2099 2688 893992
1959 2689 673156
545 721 112612
2280 2330 976501
766 2077 68714
2074 2564 594795
860 2437 57555
448 2198 611229
2108 2510 418026
485 2121 620471
359 2712 380215
214 2392 267562
1238 1880 798873
404 2547 152989
1810 2646 497420
1518 1811 330881
881 2256 379979
67 1326 25922
1519 2253 186703
446 521 510233
881 2473 707381
1598 1970 415294
86 1442 588925
494 1808 599675
415 2200 665262
382 2550 661788
397 1428 63000
152 944 501955
1843 2617 323634
774 2141 572247
1178 1752 422241
1552 2076 314204
1313 1448 641882
663 2627 210079
891 1793 931038
1258 2078 460872
1372 2282 463012
1801 2507 782353
1723 2724 698389
1183 2270 535382
111 1558 350513
1917 2676 148738
1483 2698 826127
2407 2486 340713
188 2724 37697
523 845 4661
2259 2635 23382
1153 1543 151351
325 1618 579384
524 1905 803103
848 2288 853750
131 2360 686919
1270 2188 99357
948 1964 176553
1905 2473 962943
1160 1441 328817
269 576 792213
315 2710 544046
156 989 189632
1357 2323 745185
477 852 25963
252 1518 113272
313 2587 34957
1719 2489 361621
460 1125 46731
233 2766 381574
1507 2569 777722
2167 2579 215514
395 2718 233858
919 1813 930121
182 2558 974494
174 1275 576914
655 1513 175743
834 1136 883810
168 1406 418384
173 1322 722160
401 2282 320533
2678 2681 181734
2016 2352 682285
138 1684 3833
162 1401 168374
701 2598 207257
1565 1806 255375
55 2051 411780
265 909 148793
832 2677 634294
2408 2541 699094
141 1872 195387
412 2661 661268
1887 1928 817892
1813 2498 982051
434 1927 159064
1884 2291 623777
861 2258 170562
1267 1984 926872
2282 2548 57704
888 1980 290141
1411 2066 447771
833 1771 182489
64 669 140938
5 2312 766628
403 1831 178290
286 2242 540045
459 1216 512049
627 708 827894
276 2470 170360
1961 2633 942876
179 1403 489437
382 2517 624565
430 1710 885136
597 726 118258
210 1258 167142
629 2301 621604
1661 2391 301905
826 1380 761659
1125 2542 604337
980 1872 591913
1489 2170 861699
840 1553 979876
267 945 790839
45 1812 653643
1412 1969 783648
416 1680 333792
751 985 503621
616 2375 468211
192 345 881684
578 2324 626464
199 2322 642358
172 1609 511407
1266 2536 25918
1891 2109 324953
816 859 198394
1113 2575 329194
709 1815 420204
661 2139 527682
1722 2615 393171
1190 1716 637685
66 441 195234
1724 2133 111506
642 2667 372114
903 1882 315649
928 2256 776787
209 2639 114950
308 806 685406
46 2522 565282
85 1404 498086
511 1644 927000
672 2366 496236
1772 2505 673933
453 2308 409586
861 1701 46536
464 951 671623
421 1781 768666
468 1739 544641
631 1526 537879
1665 2738 358665
2255 2338 867778
977 1597 66320
836 1960 275271
28 1894 655456
773 1560 338913
635 2630 919053
1053 2241 64028
224 1832 639562
787 2193 607668
230 632 69847
67 2030 278301
256 460 950296
1692 1693 551772
336 637 147265
478 2069 141586
167 2762 93550
2357 2756 474905
667 757 282127
440 1148 940615
1096 2520 423745
1320 2000 97680
449 622 597303
30 385 165512
135 1810 307095
286 1212 90949
146 2058 114209
425 1131 50147
495 1703 269642
2132 2766 944737
1367 2015 197479
569 1414 677224
200 2306 443205
338 1567 357548
1017 2685 718421
1802 2374 58603
584 1780 247172
490 1219 999763
356 829 673065
1761 2218 487168
30 2042 604504
1599 2768 789283
2398 2576 819732
1194 2716 908158
1792 2457 378912
578 1623 703243
738 1177 919478
2057 2722 846333
293 1544 819281
394 2765 888670
460 483 352485
463 2468 129047
1168 2397 844655
811 1161 515726
607 1602 56742
826 1868 242089
955 2639 606161
692 2050 377906
319 2422 576306
950 2107 195667
724 2040 975136
472 500 183936
879 2336 781618
1432 2721 310195
196 2085 781847
781 949 767443
57 1463 506499
761 2126 956654
377 2414 876484
1242 1822 36453
150 420 340659
1470 1919 906087
49 2125 191493
225 1434 650837
798 2063 309185
1841 1944 203653
1114 1875 259276
1193 2629 78306
1292 2732 340512
935 2769 661169
1485 1785 560539
1451 1543 53870
26 243 161908
1606 1855 704789
1058 1134 319112
771 2364 460668
564 2076 58706
246 2553 454813
1912 2562 636410
65 1930 261554
1645 1714 385668
147 2663 329913
768 2251 608105
1233 2648 304727
1189 2501 979395
656 1535 363481
1023 2325 154337
1558 1775 709013
163 2167 803514
1536 2564 45487
1301 1352 393663
817 2778 943799
1039 2142 878921
1935 2389 86960
858 2141 247538
432 2359 532140
1767 2490 986559
31 1501 257491
1823 2324 264379
205 1985 969474
389 1711 835359
167 904 801103
823 2363 102637
1900 2603 169451
679 1961 89691
348 430 957857
809 2735 231853
90 970 718843
32 2026 653404
2013 2113 747651
963 2771 738354
2382 2669 682471
2289 2475 153271
1073 1283 222646
98 820 642949
657 2471 156295
151 2198 684088
1461 1718 53176
1182 1658 212802
1686 2742 400724
2088 2622 97819
1663 1926 403278
271 1450 455381
514 1049 585066
832 2348 362765
698 2139 794107
1340 1508 404413
475 687 722823
18 2751 972655
594 2392 289286
773 2098 572236
1057 1292 49161
20 2657 685843
1536 2418 612984
907 1517 606181
1647 2102 850676
648 2634 191932
1839 2636 770715
1268 1607 643836
938 1408 660585
814 855 827298
0 1772 644347
1634 1659 896857
20 963 78576
182 976 601003
410 1656 244264
238 1764 139604
401 1213 77614
158 2179 764275
2340 2694 977906
335 2277 365594
160 1183 297455
103 1649 571012
658 725 359403
969 1375 51558
901 2205 605789
874 2028 643038
581 1330 628840
350 1514 613384
191 502 210502
2120 2579 201584
2381 2601 549952
922 932 940193
743 1556 478809
580 1036 24988
1987 2313 757195
1491 2628 861412
618 2407 640553
900 2430 862838
1319 2776 195683
827 2265 41047
692 2357 186280
202 362 55365
368 996 949094
2428 2597 168591
379 1944 448620
1906 2311 723521
780 2198 202161
2191 2772 370359
872 1211 57710
12 1345 978130
1860 2572 476966
1497 1676 767369
580 2433 573894
1752 2431 570263
1072 2422 646246
242 2157 602194
418 2584 77743
1956 2616 979676
628 1210 773016
1510 2195 149618
666 1165 844489
978 1125 229730
646 2266 808672
1110 2245 891545
171 1077 6801
787 2196 997914
1005 2389 570855
632 2736 888331
1184 2772 395626
866 2347 851690
654 2308 39897
994 1988 801821
1189 1622 476055
250 1071 899302
550 1137 153122
2168 2197 580597
589 1903 826110
38 2538 42967
70 995 467888
1250 1301 729229
964 1672 475558
219 2750 356279
245 803 923700
1363 1941 161455
518 2335 755513
1223 1265 998707
542 2360 294752
202 2407 485306
2043 2684 911682
22 2056 403623
405 446 564777
525 2647 722843
273 1592 266672
1374 1409 408229
1382 2198 689030
720 2059 174292
1958 2718 695697
248 1428 518510
1395 2123 77230
1310 1877 665913
500 1779 443479
2476 2754 998326
1026 2551 252318
693 1899 757805
755 1779 340182
930 2719 974372
332 1742 554704
2300 2580 916393
438 2737 822403
1241 1953 998671
989 1794 578373
204 2147 453237
645 678 263990
1051 1214 545281
705 2073 54588
1065 2223 966956
1511 2683 929000
115 685 839671
1515 2561 472311
1597 2221 898236
1549 2603 180085
442 2244 517535
637 2555 497917
807 1458 424739
1902 2022 628315
14 417 945177
1403 2117 278418
2368 2746 308979
517 543 144761
400 1230 738550
397 2037 322431
1515 2746 33166
2065 2383 98256
1766 1854 946619
559 2380 119888
316 1390 146410
754 2698 491333
234 2467 57758
24 2467 354385
1303 1599 227917
1662 2130 877916
1095 2777 321735
1673 2066 892944
858 2430 397329
376 2173 361470
1390 2272 852112
1018 2089 29662
1488 2428 127329
1797 2461 968499
1923 2069 107077
1624 2513 19277
1413 2397 754490
1840 2244 140712
1011 1535 828645
722 1113 518962
1273 2504 508522
294 863 370538
2083 2564 177310
2113 2494 845668
880 1955 356244
1203 2596 830953
2060 2753 211284
1225 1431 126459
1118 2590 61866
906 1061 305461
1116 1657 982106
573 2011 879825
1549 2773 936241
115 1937 828484
590 1033 386486
631 1732 602692
701 957 648128
2138 2224 942249
2418 2689 395681
331 1327 674545
1469 2517 544960
1417 2462 547102
2198 2252 173061
1770 2307 223866
1634 1837 133165
1564 2748 291451
971 1752 628029
2007 2543 636033
1248 2235 891666
99 1443 948539
1000 1792 341911
1721 2320 496682
226 2013 823633
893 2361 378558
1003 1692 860437
1424 1555 849500
262 1873 672217
2041 2432 856193
1430 1556 460135
674 2709 63808
1190 2496 626541
2103 2258 189095
357 2425 202610
462 572 267136
914 2679 722531
1167 2781 450803
2589 2647 243211
2133 2257 200905
1509 2619 486178
2219 2688 225675
266 1313 221564
73 1708 932041
347 1282 605602
1942 1949 931318
738 1604 560766
180 560 694384
43 1894 282799
748 1686 567390
1020 2233 500797
1304 2522 652467
2292 2399 934118
1062 2252 63375
2376 2397 291927
1309 1836 172548
72 2515 24886
822 2238 864309
1365 1438 759772
1390 1844 164123
778 2734 604448
533 2597 337697
971 2021 438095
132 1717 281007
1287 2547 370295
672 1086 400261
2029 2240 800226
1829 2484 589181
979 1987 822560
1166 1722 980467
899 2141 774142
805 1707 209984
1041 1129 560019
387 2180 469793
47 1430 895928
1396 1638 187510
1226 2210 75863
873 1589 915879
1069 2623 16092
93 781 171873
1700 2069 227657
440 524 273534
1894 2250 337126
624 1091 243715
1257 2249 867221
1772 2299 769218
1123 2097 707012
846 1012 853344
1773 1781 18683
1122 1968 390577
288 439 714709
1641 1712 154175
343 2043 928651
112 1055 680362
442 700 440492
2434 2585 344937
1730 2075 585769
528 1958 827118
66 2744 490316
1133 1647 135784
197 799 308105
47 2646 208034
527 1847 417517
687 2099 422153
1612 2281 418739
1335 1834 637259
518 2287 222005
1100 1690 95834
380 697 883200
156 918 237263
412 1979 643136
527 756 174252
2247 2404 775706
1360 2221 608570
961 1016 812121
210 534 9617
1043 2072 236799
926 2450 971062
1602 2675 865597
1115 2334 589470
4 1550 59583
1856 1964 304145
633 2321 265886
1770 2005 903978
1797 1852 218297
255 399 358843
2263 2448 250462
1286 1907 255885
1758 1995 512417
476 573 531460
737 2750 895631
1527 2232 444193
886 1658 416957
1006 2153 171490
136 1786 576825
1660 1750 708740
1718 2514 863010
776 1903 559208
743 1293 161172
133 2733 843092
92 2276 723131
768 2490 469520
890 1489 626377
1124 2177 898352
801 2689 380162
593 660 364722
884 2135 260468
1748 2168 312893
1370 2112 832453
60 643 521290
37 1966 397860
1164 1547 443102
407 820 97314
882 1175 597493
1377 1970 134169
1162 2513 573691
479 2174 990666
2103 2733 470771
675 2227 504133
435 1121 70203
509 992 117889
584 1814 421926
1652 2052 905868
1282 2655 7561
602 1853 549020
1631 2386 241618
1683 2222 100611
960 2510 912977
1471 1689 498497
1609 2435 829979
452 1558 762803
241 1202 71811
325 2351 250922
19 2556 388873
242 2228 616087
321 1342 626959
1155 2605 97697
184 227 807366
335 1030 650777
2162 2487 640232
1726 1882 248581
634 703 884574
953 1975 630105
491 1609 252289
35 2511 701060
36 2246 471677
677 1719 239461
153 2466 989778
1442 1849 661854
1056 1822 615860
1407 2376 766657
73 361 884307
537 2059 779368
1582 2762 476917
562 1107 30177
848 2637 729918
421 2595 41605
468 2143 114257
1561 1664 816106
1457 2626 425681
1716 2495 217390
973 1529 576961
665 1212 395188
145 625 44233
2092 2763 880683
492 1402 99802
322 1399 900618
457 2626 485992
782 2395 594968
1101 1922 39510
666 2181 439783
755 2199 292208
917 1103 289633
817 1522 430097
384 2220 750714
1766 2674 416549
423 2010 67141
651 937 483977
1742 1935 692387
279 608 491023
1296 2099 880661
591 1879 266397
2359 2623 636851
1046 2724 771253
1388 2069 940342
1256 2452 655
893 1329 468591
787 2446 313826
932 2722 353370
