cc61ad56a4797fb3f5c9529f73ce6fcedd85669b
1
2813 1267 2437 18821
231 1805 784096
250 1397 546763
1641 2447 925336
277 581 1
385 1498 46731
239 686 129797
805 2588 1
527 2102 176346
652 1704 123605
727 1363 451879
1206 1692 956699
30 2780 744943
982 2564 118779
680 1411 870944
134 147 830092
505 2772 91496
532 1461 1
235 1251 395013
601 760 685561
2291 2777 877429
202 2098 252365
2231 2625 1
698 913 543199
158 782 49679
1178 1975 253681
281 1393 242067
124 1531 849527
183 224 569792
144 2511 492260
202 2487 713984
978 2458 293243
278 2021 863635
2223 2354 9975
322 593 786123
125 2400 171870
1276 1487 503539
876 1328 655412
380 1100 495048
1539 2654 504501
2035 2400 509031
34 2770 178390
1368 1539 715738
860 1462 19679
1520 2077 318954
125 1780 11267
1305 2345 486382
383 808 549407
111 2098 839208
1653 1899 28546
182 2609 920698
85 2580 174551
1555 2800 627263
501 2540 452007
834 1416 568349
555 2564 57739
2395 2698 399516
1506 2117 934471
40 1956 952262
1057 2452 935551
158 2145 579776
629 1455 609767
464 1588 495378
1540 2462 19149
114 2521 204552
1347 2417 49843
347 2810 959996
601 2073 783070
580 2484 277305
1613 1638 344528
1019 1540 779335
1763 2085 804413
975 2214 324996
48 2335 910973
1883 2774 401978
335 2363 183333
449 1124 730281
2322 2589 801285
439 2098 760245
1253 2534 768687
889 1420 526915
657 1697 763573
882 1701 862580
2707 2762 929173
182 1042 610683
152 2210 701049
739 2358 171455
1144 1260 999678
872 2562 596676
641 2225 64228
1643 2744 847940
236 2509 791642
587 2432 933743
589 1482 958445
553 2458 598424
1216 1221 810284
1355 2127 1
456 964 574029
1255 1912 406615
2396 2625 1
337 2077 921378
359 2503 51507
2367 2524 844022
1305 2045 683946
2429 2489 786280
549 2672 351535
1212 1573 345669
33 1375 323995
1255 1558 1
1496 2171 307156
1012 2469 973672
1607 2117 959756
526 1911 679169
1259 1940 109844
1621 1677 220195
128 1858 220350
837 1054 696245
2023 2507 236116
2362 2769 673053
1406 2706 433461
400 1093 916254
1408 2350 161454
1708 2189 123115
893 2549 200315
926 1842 80560
159 1992 318706
246 587 897589
655 1985 217190
131 2166 194686
14 768 205244
172 480 723009
450 2241 1
435 2547 661047
221 579 414115
771 2687 257251
360 1975 176357
346 1621 815100
425 919 236283
123 1369 798461
1306 2591 430244
483 1709 175927
718 2589 355678
465 2020 713803
871 1439 737441
841 2781 37944
388 2046 881902
311 1413 991289
1794 2250 502915
589 1819 192485
112 918 279767
984 2427 1
192 1101 494200
1366 2638 519286
852 2439 236069
750 2545 445605
46 2480 703688
1951 2363 57902
1426 1886 685231
344 1241 573913
736 938 432519
296 2251 798755
896 949 828586
832 1352 1
329 2418 130283
1071 2778 620425
423 516 243693
1790 2289 114751
755 862 516131
909 2191 21454
446 1471 598620
985 2067 286597
198 319 798168
400 1050 251417
1219 1702 382956
282 2555 106858
2212 2413 578742
1622 2580 231084
2100 2183 128281
330 1985 121745
999 1215 996480
1973 2709 791206
1442 2741 227054
421 2736 90488
468 1755 575161
748 2259 350898
5 1117 671045
1922 2170 385581
1735 2256 715133
544 753 673323
173 2613 548621
360 968 141460
1335 2321 57966
709 2628 964469
144 496 953089
580 627 150925
1189 1933 773606
1927 2349 136265
2005 2437 359756
1818 2029 986279
306 1248 698935
371 655 623606
1203 2229 644648
588 671 372053
410 1969 10763
596 1288 62233
231 1323 507037
1496 2611 830973
774 1004 706124
729 2453 191466
147 574 638356
647 1764 638301
136 379 307024
365 1367 310371
850 1416 471775
564 2095 894612
2247 2310 28164
1583 2389 627587
372 1835 662481
636 2139 490809
2669 2812 761782
288 1746 788384
1373 1717 516276
635 738 981723
1404 2432 297082
664 697 265753
2018 2195 402648
2009 2655 999241
238 845 924939
1006 1163 505945
1447 2055 441979
1047 1438 351299
715 1218 73284
1482 2026 965151
2568 2598 184594
1791 2318 943600
370 988 210321
461 2269 143331
49 959 556337
1444 2619 160060
759 1131 399784
717 1472 430792
2331 2632 541505
145 1676 631458
218 341 366419
1910 2485 429457
385 1011 412280
1396 2268 243432
169 919 800989
1489 1991 672227
1225 1764 809168
1056 2107 611223
1179 2077 777217
1595 2045 203367
267 2304 515290
100 2635 704403
436 481 474631
432 1518 974447
1041 1778 142663
142 2216 222654
694 2402 997030
1656 2076 192483
1723 2124 704646
1354 2066 577024
1153 1567 821268
828 1456 754691
98 812 846001
976 993 398639
1208 1219 516251
2603 2797 264048
1167 1914 389901
1956 2150 976274
387 452 328771
870 1561 284503
691 1512 663050
274 2274 922901
1429 2578 108228
523 2694 348718
996 2468 721214
396 411 633216
914 1942 164320
49 865 126599
828 1833 909241
2118 2639 461193
273 2570 801644
543 1180 545102
873 2743 954709
1291 2297 952904
540 2104 214897
1407 1691 351102
2374 2554 1
2202 2425 635989
1116 1945 441596
662 2109 469327
557 1554 641997
726 751 349715
96 1635 759830
41 2199 843966
87 1320 497095
960 2591 474366
2062 2501 379782
1336 2200 435109
371 2759 11665
2716 2790 25707
717 2530 150763
1962 2145 37045
2323 2582 412928
561 1596 116124
420 1049 809340
781 1852 684239
1893 2719 840642
308 1402 907778
1694 2587 888343
1226 1896 401801
1720 2467 867065
44 1013 429007
1397 1659 754485
127 979 664741
37 1421 1
1204 1642 971631
1572 2622 398683
629 2111 47588
2724 2786 341455
501 2325 383638
799 2478 159524
532 569 448733
779 1314 601220
32 62 650343
5 2314 570914
1816 2757 536922
573 1719 478339
1352 1809 211236
1786 2574 168277
894 1476 726334
2121 2523 170202
601 674 965440
659 2334 233714
2379 2775 848422
1213 1734 720742
816 1211 471942
924 2350 426913
925 943 909713
1002 2557 403491
427 1465 814928
2509 2734 293393
944 2301 735060
13 1191 596705
1187 1780 690495
973 2693 153306
305 2041 299032
1021 2114 705897
151 1220 598939
709 2133 926332
846 1619 698495
1245 2245 557018
1382 1857 1
1483 1801 589787
148 2146 509805
1550 2729 244427
192 1847 85276
1132 1973 411172
510 1007 142744
903 1095 933181
823 1220 696530
1219 1616 586548
1917 2147 935030
112 2779 538461
1721 2251 921268
1067 1266 88695
121 434 387385
315 2478 243885
540 618 164238
130 2750 306973
2207 2581 836851
2160 2599 638915
1887 2476 326754
1589 1675 12602
342 2266 201430
507 1532 875052
720 1370 633315
321 1220 519302
990 2319 222694
1470 2398 54550
697 1492 217725
337 1615 796124
1985 2127 825541
1641 2105 378051
1000 1820 999596
1382 1777 1
487 1375 420389
1173 1625 92556
1451 2430 502334
584 693 424221
1094 1191 340784
1587 1590 156209
1318 2629 348723
742 2103 568086
1342 1626 847697
125 1381 1
82 1894 965086
219 981 482194
325 1897 476515
909 1417 859596
1252 2157 678300
971 1481 818653
615 1748 874044
1796 2460 464951
290 1371 307452
559 1478 408135
1283 2691 157887
1113 2202 932900
665 1526 160279
1405 2673 580369
1589 1765 992166
879 1472 101101
267 824 843407
225 1963 489165
160 1829 581498
828 1149 936886
930 1357 638899
1368 2680 222085
218 2304 414903
64 363 223073
1352 1519 1
1938 2537 314358
1 1580 39870
471 935 908663
578 1402 513411
535 2676 354203
671 1958 726947
1858 2182 908253
1979 2463 849149
291 1773 569546
470 1057 529671
1279 1798 388470
935 1681 630209
194 557 668077
626 1547 506619
542 2034 741128
1219 2037 270204
2416 2644 474331
704 2397 650790
1773 2803 550079
149 935 880973
33 2222 461629
394 2638 235100
1710 2428 29809
687 1065 171496
2494 2692 531617
859 1232 775859
469 1087 956454
166 1986 308435
890 2495 984934
1123 1446 709416
1674 2626 498771
822 1656 376663
2279 2359 139206
140 659 111692
843 1817 366560
1 1831 475980
393 973 56906
1418 2310 818041
2469 2680 386389
1031 2559 82409
1721 2057 204762
929 2606 807437
1147 1401 29394
663 2718 1
875 1953 639845
517 1091 980138
1170 1837 855361
822 1775 937822
1592 2353 554459
857 1261 444022
2002 2271 507308
280 1076 419736
1606 2096 671414
686 2512 512214
35 217 184577
392 2810 623452
1342 2257 478467
534 1928 39144
481 559 616221
1073 1529 434372
971 1298 676944
1047 1226 639966
414 1015 809359
1143 2296 638951
1870 2671 952701
163 1104 35081
495 2798 178426
1225 2237 506240
109 1398 13570
670 1921 301009
934 2723 799851
1878 1897 261550
1527 1966 818675
247 1413 175689
1747 2522 1
983 2041 965663
700 1660 283622
1169 1729 631889
499 2483 423572
1795 2294 238135
275 1818 355045
306 2812 322395
548 2260 174964
587 872 261823
1767 2466 611799
364 1997 734848
684 1430 72229
903 1122 732422
850 1881 207273
1544 1998 445854
38 410 88934
892 1812 87527
1631 1636 433023
1588 1932 958287
825 1223 329928
291 2500 847830
1499 2256 149551
931 2161 902380
1470 2230 667411
2103 2617 74459
1398 1621 292996
663 2298 1
788 2338 917844
1946 2514 924622
959 1735 276911
514 2495 582634
612 1040 394461
2222 2650 793358
66 1989 924162
2134 2643 325153
1079 1573 491045
2124 2233 449662
1681 1813 240936
386 1609 297799
410 486 362977
583 1185 723062
274 867 658238
2194 2580 383555
410 2689 138799
1193 2384 533557
257 2008 745612
1404 1739 558164
996 1858 651342
602 1100 817681
1523 2684 428721
1501 1979 625850
948 2517 13308
1927 2445 120869
1396 2491 411513
985 1146 757027
397 710 612255
24 2677 118756
1597 1971 110726
1559 2062 966816
1949 2710 693767
200 432 561199
991 2192 761045
1570 1891 451180
477 2141 177685
658 2684 511687
255 1851 244375
2024 2482 352125
422 1098 779352
131 424 13227
1343 2233 790831
287 324 479866
872 1316 269233
646 661 464413
1848 2105 977983
1180 2516 465688
616 1977 12377
695 1047 150035
447 2493 584925
1534 1763 42921
450 1797 1
1682 1877 208620
501 2700 593321
1974 2438 132443
1367 2796 883809
536 990 127916
546 1874 598673
342 846 503019
1687 1856 511666
1742 2156 382115
219 2138 244654
426 1147 871792
794 854 22161
1338 1840 241685
191 1254 980347
320 1637 14618
475 2454 808172
32 86 483112
22 222 209428
1466 1502 534271
2104 2418 325235
1566 2623 91018
1253 2709 342660
1364 2453 190586
928 1003 56370
630 675 926618
679 2024 209199
404 506 831338
261 742 723846
442 804 345711
1296 1555 892461
1107 2332 169425
21 989 362412
1014 1738 1
574 2123 690461
1689 2160 824834
2034 2363 778535
133 1914 850280
2057 2411 901370
1360 2542 452067
1593 2627 769523
64 234 511896
1594 2688 47293
552 2776 610085
356 572 674497
764 1742 686049
295 412 453212
965 1929 269665
529 1229 975939
1689 2296 405624
1400 1779 842928
1145 1915 33879
227 1295 509267
538 838 938537
563 1957 186864
626 1414 91391
1563 1753 444329
1362 1476 102476
1695 2247 250485
892 2115 87501
869 2124 412775
641 1605 405164
1290 1969 578614
744 1447 759537
440 1817 810968
962 2679 320812
640 965 284846
79 2426 917764
1623 2766 249346
1026 1059 66081
989 1916 636109
457 1394 316086
277 2686 1
1228 1878 272475
641 1559 687638
2111 2134 806979
1861 2224 358848
1305 2662 95031
699 2481 846278
620 1062 201998
1888 2486 943285
675 1115 628640
713 2390 443901
366 2782 246773
517 1150 165383
563 1838 223007
69 1847 448675
612 805 1
353 600 268376
1540 1553 289884
1670 2296 620321
761 1823 467694
326 1776 642064
660 2480 439200
447 1033 636538
213 1212 705493
1362 2096 157207
242 2281 759791
408 455 297164
800 1521 137104
1008 2594 255499
2507 2553 1
1714 2019 37161
317 1349 389117
858 1143 461800
1334 1846 973865
1540 2365 590171
2313 2748 963878
2706 2726 220038
801 2768 335180
1221 1359 765612
1015 1504 568019
18 2387 558375
1446 2686 1
46 507 108419
1278 1644 880795
1503 1542 653439
1277 2563 409227
378 1740 508933
815 1514 592558
654 2730 345111
741 1652 22335
344 1300 345077
968 1098 190333
1378 2347 587097
1680 2805 290613
164 208 951030
475 1443 923114
498 2392 906168
130 1433 60504
572 2128 270180
2542 2737 202150
557 763 984075
1275 2572 563542
2032 2488 91053
1761 2650 962676
1063 1334 441946
251 1397 636388
211 1377 880323
1185 2356 706198
1337 2254 385233
86 1996 935950
491 1425 393256
1024 2168 617909
1466 2573 258796
402 1586 244708
2069 2577 877401
354 1988 602315
1425 2681 257135
1478 1718 136219
1163 1253 385124
2195 2672 329869
295 2552 167295
282 901 875213
416 665 616410
68 909 976811
950 1473 756695
1662 2634 708683
1481 2003 897062
2125 2239 720823
920 1472 83551
1355 1849 1
575 891 83211
30 1871 383854
577 1275 266856
995 2567 289802
1600 2795 622925
615 1436 991484
649 1063 452416
382 1111 1
45 371 734091
2298 2569 136165
1722 2748 256140
461 702 89559
787 1803 200397
2082 2567 720183
1967 2528 413312
1703 2231 1
1853 1884 837199
638 887 476038
657 2272 222772
513 739 183558
2129 2187 185404
785 1233 888970
205 2101 23696
582 2579 184920
708 1790 32259
208 614 657911
1308 2383 1
1361 2533 716253
1144 2616 746693
177 1218 531737
2619 2769 233721
411 2176 328564
1436 2766 96432
318 761 719439
1449 1704 147219
884 2218 626757
2282 2382 808519
1723 1788 573320
1126 2183 307337
1263 2571 631637
1060 1421 730529
308 378 195986
1715 2355 539993
1133 1567 300468
1650 2366 483394
1970 2348 149362
657 1720 114874
2326 2732 45812
768 1390 198156
603 1592 603852
199 1936 671367
1971 2159 703420
626 1907 792688
796 2804 118341
242 851 883068
2337 2391 275776
887 1701 985818
6 1875 643638
729 731 1
211 1605 107907
668 778 695173
1027 2179 934151
1753 2031 207209
1803 2797 535899
103 2089 702563
256 684 315279
620 1067 698726
360 392 122254
811 1894 406399
776 931 918513
1931 2036 213576
2264 2555 805703
555 1657 942402
186 1277 370304
419 594 855616
1028 2013 362900
543 1960 621061
161 1452 761104
263 1947 442037
796 1926 430934
1269 2793 508591
1251 2223 987646
525 1777 406164
2 2049 74112
480 1586 714879
392 2295 320697
520 979 749212
872 1745 559172
171 1531 32030
1508 1519 1
2404 2467 291050
856 931 557497
1998 2811 441810
1205 1611 107892
1383 2419 993373
110 2169 941493
860 1631 711863
742 1205 836090
1965 2492 568625
1138 1392 154787
1379 2529 639532
1648 1665 937241
2000 2190 93850
822 2252 675710
336 917 990433
2248 2504 336849
2151 2373 331628
877 968 924108
574 1134 112767
709 1048 124576
1808 2173 163420
1407 2041 616428
680 2471 517467
903 2785 290015
12 490 134253
391 448 197033
102 1140 128131
1702 1758 853302
836 979 969490
1543 2637 486631
1124 2344 373464
241 1547 930199
212 790 677510
48 1509 862611
879 1119 413313
1744 2207 1
297 1401 112495
1044 2087 970606
797 847 716878
945 2622 395237
389 546 231185
753 1238 471741
645 2516 636124
682 2367 839735
2023 2496 782280
2256 2339 877759
1280 1552 392067
1010 1296 639178
1275 1741 598866
389 1027 885882
1016 1811 878108
2725 2794 276350
554 2679 368342
849 2217 492451
1008 2375 174756
748 1014 1
439 813 549352
1732 2119 899350
1891 2538 804605
117 2449 755819
350 1130 178737
197 2674 160766
499 765 488535
957 1495 509085
1685 2093 345151
230 1988 752177
126 2132 837411
786 2405 312374
296 1235 775573
1890 1992 695302
281 1735 298334
1541 1610 34134
968 2624 633901
428 2007 477601
955 1546 865936
1516 2252 23253
227 333 270733
1570 2059 559720
1447 2265 198333
81 1219 970773
2072 2487 212350
565 1280 967156
1286 1676 1
1025 2652 503686
1041 2249 528331
1617 2163 257447
1083 2696 925002
864 1825 586983
21 603 670512
617 2063 343975
696 2207 878283
243 349 233251
1029 2116 814409
1291 1826 356086
761 2497 522520
547 557 443746
1102 2644 158292
224 1871 572718
1155 2805 853737
1085 1385 556109
369 2480 855357
1638 2497 344464
2348 2597 125517
2253 2499 893002
1963 2587 927837
309 746 254509
1990 2442 461916
609 856 357832
112 628 588682
475 1247 731188
458 2006 431884
394 2773 843742
163 541 267628
2433 2742 723892
648 2715 57292
650 2642 135985
40 773 459078
853 2501 18452
354 2474 382075
1303 1815 10656
1079 2725 718325
798 1620 339887
854 946 280418
1933 1955 474418
1097 1645 365580
522 2423 864738
93 410 77048
591 1920 534759
1776 2043 822498
1974 2431 293852
1668 1789 217880
1813 2452 399506
2242 2396 1
512 1809 706016
1985 2203 459819
243 1152 89699
688 2140 152412
1446 2220 1
35 155 384952
713 2788 17563
1295 2460 373566
2487 2746 850820
863 1598 758426
2141 2588 196442
1580 1901 996469
386 2526 870445
672 2169 516262
587 1045 703660
619 1479 101716
1300 2263 579990
505 2539 47066
1671 2162 521403
52 125 1
885 2793 960622
1071 1361 130175
420 533 926464
1148 2330 253255
2361 2566 497682
1188 2367 874489
906 2341 523674
1723 2216 438747
1828 1942 262742
1056 1163 376674
615 1897 826332
373 2627 694387
797 2249 299224
169 960 433685
831 2257 273946
736 743 905940
1453 1679 927703
763 1864 372344
136 1093 519754
960 2762 28123
528 2234 619497
977 2464 783399
2062 2108 116069
597 1494 268804
752 1954 582969
2008 2075 455083
1213 1246 137079
2155 2292 127072
685 960 550729
280 903 750470
157 2316 604314
2064 2581 327288
1306 1587 134098
1261 2382 23865
1327 2574 865651
592 1287 643078
1539 2011 257283
700 883 892972
1814 2279 63474
279 1757 361462
537 2429 313613
1507 2574 611695
603 1333 474149
834 2169 260799
1016 1546 52688
543 2184 167008
692 1148 447219
1351 2652 926014
299 1001 132610
700 2092 844516
207 2198 688363
1266 1322 746390
916 2646 882191
419 604 792818
1340 2682 607443
174 1168 292796
390 958 367909
542 2088 773869
1603 1665 989472
964 1124 284370
1727 2149 124609
989 1483 910231
1580 1756 536080
1605 2007 562779
605 780 658437
400 1893 264329
1270 2262 892251
509 855 837082
1115 1789 575552
1954 2000 800296
101 2226 930162
1315 2498 388188
1317 1687 253996
756 1103 216590
798 2740 365213
64 645 249121
2096 2576 606487
1074 1534 194346
2116 2585 250342
3 1715 982281
1802 2510 737877
797 870 166590
650 1562 175442
706 896 291113
409 1224 169475
1505 1737 334268
898 2504 502080
581 1566 920471
1246 2416 473910
1088 2639 941378
701 1040 265330
498 2009 385013
504 2305 52769
2446 2550 263749
145 1635 179952
1997 2717 229824
550 1952 97260
222 2299 72238
474 2664 651825
2420 2456 368524
941 1191 420292
411 1491 933476
307 1314 137161
1389 1547 356067
2227 2383 653266
1112 1459 64959
731 2324 1
1772 2060 649034
767 2467 817756
69 1394 764152
104 2582 162520
1936 2082 913704
631 1194 567144
1230 1347 92017
824 1766 525690
829 2415 658480
697 2372 994650
2030 2713 875592
255 2076 734311
374 787 368594
846 1251 589964
562 2038 81885
980 2152 448088
881 2030 92109
333 1876 630242
1899 2428 622090
190 754 728469
327 1474 696087
2299 2434 708336
59 251 158724
265 1549 949090
575 2433 603142
191 2220 685648
578 882 996264
59 127 236170
975 1227 66401
358 1599 110835
738 952 152197
705 1368 698728
739 2381 513032
40 1124 254018
271 907 589990
693 2734 644346
1763 2698 667257
120 1505 610206
520 949 391046
209 1613 787276
40 2500 845214
1176 1946 914984
628 1632 345086
800 2491 236129
144 2799 431316
882 2477 215659
1622 2639 242417
302 2340 765078
508 1291 753380
1637 1654 229694
338 2186 887852
1207 1635 863605
1156 2019 541008
298 2537 84934
1733 2398 726813
736 2152 505180
803 2304 575883
461 2783 101100
145 2473 101988
2057 2403 895608
1827 2129 91863
842 1176 386148
1925 2373 197723
131 2660 86837
1312 1531 733527
1748 2060 903062
1594 2110 421626
240 2388 627600
791 1736 216909
1564 2540 95792
580 619 919202
89 517 381854
1393 1843 392738
177 383 368666
763 2622 260353
642 1202 433796
594 1526 223387
433 2771 924411
580 1403 73074
1604 2052 298617
133 2602 945120
935 2056 591832
623 2735 79849
1359 1553 634485
2188 2532 88674
86 1096 457722
2584 2588 213410
2004 2751 271863
1239 1457 821567
27 1905 403651
876 1644 255720
1390 2280 849875
963 1569 944444
1114 1804 796267
224 2712 766805
694 1356 381507
539 2171 955914
89 1009 87690
409 935 545619
826 1495 905833
1471 2613 739618
1822 2259 182025
588 2607 255047
405 2718 1
1722 1751 390220
454 2294 440862
358 1664 989866
1109 1667 235083
251 2328 663506
952 1934 177932
1105 2696 387336
1217 2048 442460
555 2172 94456
964 2393 705045
355 489 16634
258 1317 514729
1868 2200 193868
486 776 606554
1283 2455 69966
2308 2605 784623
1003 2351 494557
1228 1464 637855
1351 1550 233920
1908 2235 1
196 1240 280325
1388 2651 827592
1781 2402 289837
310 2292 54202
2578 2787 184835
1571 1875 259976
562 1601 515897
2477 2585 857744
1094 1922 968818
1259 1720 320213
1880 2343 23313
1378 1738 1
438 917 741195
1473 1696 14189
1064 2545 1
485 1991 578883
2244 2630 891409
1713 2287 274916
1272 2079 396894
206 2160 158818
2165 2182 614686
489 2799 790679
969 1169 155715
84 1415 955424
1673 2766 658141
859 2229 416147
2041 2660 835608
560 1124 40680
309 696 259213
497 555 289315
1121 2568 808834
1399 2284 976475
1489 1866 794378
1308 1618 1
63 467 979620
2657 2670 684092
482 2205 198480
138 2059 918057
1141 1482 671676
249 2736 310126
61 1934 293670
132 266 223861
1807 2701 954360
705 1892 120540
2158 2745 552021
1045 2673 863628
1732 2043 476622
629 1586 110103
461 788 622774
488 1612 894585
35 1213 25454
20 2585 497245
178 1163 508872
981 2004 868103
1745 2525 409335
2050 2537 466749
1510 2142 535401
1174 1900 777045
1298 2202 530867
1369 1991 902954
753 965 856577
596 1994 973824
449 1039 978326
694 2459 891604
2242 2806 253563
2 1270 293844
143 233 296154
51 1059 1
604 1157 1
2088 2435 273527
814 2648 675037
348 2479 336161
1743 2536 551121
348 1562 161602
165 1058 269989
820 2472 268925
170 2604 567536
139 2611 858885
354 2255 902504
137 2068 684394
1031 1278 800727
67 286 275415
1932 2287 972490
436 1211 616634
1643 2066 288697
256 1744 673454
2213 2645 312971
1010 1964 318112
1365 2153 472718
604 747 1
384 2606 442726
966 1530 100360
133 991 216015
819 947 863617
2246 2427 1
17 797 645913
176 2042 424065
1135 1250 56804
1186 2751 837254
961 2612 894146
737 758 122663
115 1879 458640
287 595 331873
841 2160 184391
502 748 672848
72 1363 726733
2041 2754 333177
1603 2436 937160
1078 1691 467166
1056 1639 184588
994 2092 446870
1052 1868 1
555 2279 308767
1701 2267 570903
1850 2154 91685
431 2138 804851
339 688 739417
1212 2461 903863
1905 2476 621200
1162 1374 882075
1262 2104 618056
1478 1579 785170
573 2618 659329
98 586 228949
36 422 513404
1 1198 998469
1702 1731 978858
1005 2022 788059
953 1315 726063
1058 2712 937591
165 1285 56420
639 1585 483343
797 1966 579300
2285 2703 549869
1125 1468 789360
1005 2026 36731
1190 1439 479288
525 784 362293
1935 2080 526323
135 401 146279
1212 2446 329323
633 1324 183965
63 2722 181258
588 1265 869383
1273 2431 678147
1515 2687 132930
1620 2648 495714
1615 2104 728074
612 1111 1
1366 2624 361596
1977 2589 575391
2134 2804 225990
1274 2535 66640
1854 2493 719921
572 1810 638684
1949 2304 419549
549 2003 259742
204 2159 293164
143 2047 103594
1314 1707 376000
621 1941 218965
1017 1656 129186
634 2024 343006
1358 2733 733641
889 2656 967729
984 1676 1
130 1363 886288
832 1857 1
371 1086 77608
160 1541 52174
1098 1906 962045
2208 2403 870612
1484 2427 256227
1738 1793 953317
581 1145 1
1460 2114 1
613 1748 985463
282 1342 714860
2102 2415 650430
749 1244 287739
1245 1321 97302
2127 2507 1
756 1981 957122
614 2244 233630
51 341 214694
418 639 387788
1003 1863 295692
186 2754 227303
2196 2335 407095
2324 2626 81066
1268 1429 535092
169 860 931647
405 2553 1
505 1691 844267
936 2433 905840
757 2546 1
180 1038 952596
238 345 499895
1811 1902 425378
1512 2342 371230
765 1469 763502
52 1059 1
323 809 691704
104 605 296715
521 1043 594647
173 187 911855
88 437 765216
1281 2367 303859
1925 2290 921066
384 1340 848259
504 579 409983
688 2374 817944
485 842 466777
121 1023 915261
1990 2775 925884
376 2313 803920
300 932 431396
622 1380 409154
207 2293 338667
588 2802 240504
1856 2627 153410
1041 2099 485831
2185 2313 652853
2067 2735 194812
26 1684 538349
1898 2431 187883
955 2130 655313
434 2631 602396
2553 2648 502081
276 580 318355
74 587 709726
2089 2441 276843
607 1242 247661
2185 2229 545356
203 1176 540606
507 988 853187
897 1065 344658
304 521 861386
167 2379 608953
457 1182 915158
1603 2542 687535
196 934 909208
722 1452 9515
918 1822 329872
1229 2714 491048
157 1676 510053
867 1318 134161
36 1034 523611
372 937 76822
2510 2598 669671
660 1340 388850
943 2726 55802
92 681 783911
377 1343 674000
199 2521 136736
1585 1969 917450
1290 1454 690912
1645 2704 360381
100 1143 100363
1858 2388 251399
523 1855 279675
571 710 519582
470 1987 89069
622 753 89424
67 313 217795
415 2211 178188
1638 2801 586021
1005 1571 501769
410 724 900681
2329 2565 252531
1910 2389 64933
1067 1158 308397
2193 2221 650219
1301 2674 946436
617 2396 491550
1705 2092 733953
2037 2443 867328
1712 1909 795410
1228 1828 955011
2620 2787 518319
2025 2687 502002
1165 2524 758533
95 2447 654531
489 1249 707431
2322 2515 601736
723 2621 978054
1114 2352 467484
237 1958 746385
1176 1992 724156
2342 2429 238301
150 245 349426
148 2407 762393
1578 2751 328189
41 774 764916
1326 2117 917389
1324 2598 257260
840 1409 121982
860 1954 991203
633 2458 408234
1938 2499 187529
289 773 87292
356 2735 597290
317 1368 132748
1680 2666 160455
1490 2332 292893
1449 2450 899108
1419 2645 194278
283 2568 860035
869 2791 554857
1536 2226 517301
132 889 550459
2619 2777 266439
13 2337 210022
600 2601 226715
751 2243 565310
152 271 376246
50 1080 580293
901 1976 670597
669 868 782655
1510 2605 206588
201 2071 479008
997 1572 664581
154 1312 535972
641 1574 789702
284 464 586085
2324 2444 884049
899 2369 494467
288 940 239342
2306 2541 587669
902 1003 565908
553 2232 275438
154 2364 855611
375 2246 887709
2280 2380 201807
2708 2765 839672
373 1289 942502
1955 2622 984557
395 2292 803766
1610 1837 11579
316 1667 867356
1037 1629 704783
429 2338 356206
977 2705 188758
1159 2758 504044
995 2606 685523
811 837 519324
1630 2465 455651
971 1181 35845
1486 1591 821247
91 2690 87406
2264 2701 504210
1092 2414 217878
620 1619 675480
749 1122 145899
107 606 146083
146 2375 421021
1640 2137 357708
86 1446 148074
1004 1037 308603
398 590 342501
951 1497 97844
241 616 152653
384 2206 724337
437 626 109101
1827 1927 157428
262 1797 940874
1423 2360 448901
265 560 858686
303 942 614083
355 2014 605782
557 1535 813748
1611 2112 678656
77 882 71529
1028 1885 598103
2443 2668 437085
1191 2363 175104
1000 1205 507884
652 1685 536429
3 544 230349
1957 2271 114968
1917 2264 821540
409 2138 708468
177 2429 142920
26 1639 489534
219 257 938587
1921 2511 501380
707 1869 446296
1082 1769 642035
932 1022 788558
1099 1501 75204
120 1804 136873
375 868 411801
627 1129 765531
1311 1458 589184
61 303 400690
1899 2512 259456
911 2633 281154
210 1223 263054
1191 2073 351229
493 1190 125867
568 1643 414669
440 896 988975
783 2283 576598
748 1461 1
148 1401 842568
846 999 696764
451 553 397501
869 2642 778152
658 1606 67865
314 2009 524719
1210 2150 329224
785 1645 481009
794 2260 198080
234 350 726672
1557 2063 160081
38 1345 473183
125 1845 40831
1255 2275 1
167 1982 740447
874 2784 20650
216 2033 74312
986 1538 63268
1995 2086 220487
90 1548 825623
365 2065 417085
1220 1356 692990
73 2044 874659
489 2113 982456
1305 1718 94983
950 2409 861542
561 1426 100709
2 1204 422729
799 2189 723553
1715 2653 745767
1648 2157 696332
1310 2404 68949
610 2634 753410
1496 2646 42170
277 455 802913
1097 2165 490676
648 1887 104493
2 1853 873455
1526 1852 233105
1857 2101 219242
203 1161 273557
409 1730 76623
535 833 721660
966 1218 75511
1089 1601 373871
1196 2291 307548
411 1821 505097
787 1669 840802
72 336 630517
293 2247 704847
867 2184 521783
504 1631 404324
207 1348 866554
1184 2229 497381
1197 2644 850833
817 1928 537713
794 922 897988
367 838 417151
1023 2586 855208
43 2010 155885
611 615 344766
472 806 377781
519 1662 270471
1329 1831 873464
476 2482 814923
1523 2558 228978
732 1257 674908
51 1145 1
545 1934 719902
299 508 502143
324 2543 761224
652 1888 999413
2493 2683 726788
649 1926 477492
2010 2285 492647
720 1528 467739
96 963 847665
951 2651 92177
2275 2736 352246
1124 1432 911307
727 875 921417
122 697 260236
904 2135 765884
827 1663 905748
424 2228 447474
76 1525 336201
2174 2255 210015
75 853 510710
62 459 805607
766 2400 683871
646 2751 529268
813 2254 553901
954 2051 451642
2685 2751 680115
1731 2333 481955
1669 2081 185891
1584 2050 254271
558 1713 773644
140 2702 198907
726 792 615548
1082 1507 351340
1441 2230 993162
1160 2116 109199
1771 2084 155016
566 2462 397058
71 427 485713
1286 1744 1
1235 2097 417053
130 1939 210383
1830 1924 984229
53 1127 164597
1690 2046 774075
1754 2016 401937
1223 2722 559405
815 1770 642898
1649 2235 885966
487 1640 771998
611 1900 26020
763 2759 242635
266 2292 548260
1477 2095 778633
723 1706 155864
511 815 274562
569 2738 704541
1200 2115 918060
302 1090 75443
28 2760 98826
1220 1598 852986
2040 2475 226884
20 2316 257720
1264 2603 187563
1261 2239 20588
1718 1767 130518
1298 2523 12996
728 740 17151
737 1522 773744
1042 1199 581001
2166 2640 367705
1202 2412 174142
429 2390 919997
1791 2776 133573
1832 2292 729761
1937 2322 190517
651 2727 194443
396 1775 107759
2005 2490 730802
76 2433 566507
1879 2382 527467
680 913 287361
1867 1947 463885
1214 2531 924166
194 2660 617777
1629 1784 636815
1201 2040 672852
806 2099 601776
1445 2163 985501
413 1353 473157
24 1961 77892
1905 2032 954312
2079 2636 223323
1498 1792 591037
1069 1868 57078
47 1969 133091
413 1044 557031
1557 2729 807121
839 938 625271
45 777 31675
1988 2446 68799
430 1036 881589
2267 2812 685352
92 1329 772791
253 477 206203
2036 2198 950637
2094 2511 882144
537 1284 995704
2105 2125 301984
1862 2185 963386
344 1047 313619
377 412 244395
602 1171 631276
2070 2257 345174
185 523 688512
107 1169 985740
977 1048 748871
1816 2540 353719
1149 1439 471260
1584 2302 624957
1530 2197 754986
559 2076 410627
1055 1724 181305
587 2144 19729
26 351 754757
812 1737 395775
948 1980 242907
340 2433 207494
220 2120 11662
681 1314 219189
1410 1640 82044
778 1175 692737
55 2386 362550
1319 2633 480473
1172 2571 915439
1162 1462 852907
696 992 301787
417 2313 243061
493 1311 1
176 2627 202470
1321 2669 969208
1360 2551 182378
1376 2245 564108
153 1109 158832
1434 2046 224582
592 651 393782
593 735 837676
554 849 342294
97 1482 793608
1918 1949 832028
2301 2508 879352
285 2258 960217
478 726 684020
215 2612 350442
404 2595 414655
1254 1666 110127
232 1093 99151
380 591 971969
1032 2792 258988
434 2407 536216
1607 2470 177764
1442 2029 366613
2600 2740 843876
1440 2592 195066
511 1725 825388
164 267 863499
982 2168 692598
643 1330 324102
1020 2101 204196
1615 2616 862051
2357 2499 458387
171 1497 271434
698 2790 539140
1131 1474 677248
2275 2324 1
493 1424 1
567 2180 566227
699 2379 605251
2143 2583 993001
212 1606 608675
760 2392 578853
645 1463 949387
441 2273 243179
648 2062 904180
83 2107 419499
1877 2608 594182
1880 2608 698764
1621 2458 117768
1596 2204 775810
506 2152 996995
1678 2223 61281
229 1119 787776
1948 2357 19984
1452 1762 710439
512 1084 74388
526 1607 400770
1545 2154 351496
2201 2778 373920
12 2148 553541
789 1929 323248
264 2544 406253
845 1954 59830
2040 2617 95721
840 1856 943598
2148 2647 304164
1294 2607 386640
1505 2250 844856
468 1492 273349
667 1582 106122
2382 2641 220642
1782 2348 832637
944 1356 540938
2341 2366 668836
335 2109 521378
1395 2293 379932
285 1477 179374
2086 2458 644992
2121 2273 737284
2547 2667 829601
390 2370 9746
966 1032 327300
312 1072 39157
1164 1856 534830
1553 2545 763988
1574 2561 522085
2218 2382 595379
475 509 355496
304 2355 907709
223 2012 402564
409 2576 41345
332 2112 257256
1938 2594 10434
1491 1726 810618
1045 1975 792602
683 1911 509531
597 2516 384288
1593 1841 208383
679 1889 593113
926 2064 972670
108 1190 886126
1325 2160 688011
2050 2069 659573
289 2411 524038
70 563 747430
130 1138 723661
247 902 357794
500 1559 825496
1844 2408 909191
905 2648 918219
1588 2122 444573
1913 2683 467832
131 2309 588285
1273 1419 478735
2413 2426 428028
2367 2446 60208
1602 1907 106184
697 951 306996
244 2475 751653
11 1202 102002
382 1424 1
103 570 643372
8 1101 934323
939 2441 756770
9 1166 481128
25 230 455374
573 2777 139601
2040 2711 701716
1882 1943 154022
119 1284 489712
1377 2724 429767
403 509 761994
1769 2080 729512
812 2326 423097
1400 2220 1
1470 1597 79490
750 2047 65614
886 2532 820323
1939 2288 267783
745 1824 999704
216 531 183279
1077 2398 460549
377 494 365225
998 2340 901654
580 2356 577255
1698 2727 927828
215 2296 452671
1197 2300 238344
170 1624 762826
2646 2808 824976
620 1204 697161
361 1563 736903
795 909 790869
1379 2756 420476
150 2333 158791
1016 1672 414936
89 1030 555341
699 1957 492873
1683 2798 421787
308 1608 305184
1329 1543 76042
1796 2136 326834
1568 2114 727628
1797 2665 163877
1395 1815 320126
532 2546 1
260 900 281403
1693 2404 299045
556 1302 125780
595 2663 296506
1051 1916 308851
1032 1195 63578
729 1628 321141
755 1641 594450
716 1155 249877
386 1015 641823
1151 2333 865017
2006 2341 530200
1046 2066 801133
987 1707 310164
380 2448 125091
89 343 244844
135 2235 745854
473 500 313840
736 1007 270499
789 2014 169816
1400 2545 1
2191 2664 409691
531 2708 395294
499 1601 190503
58 2401 462443
749 2422 993792
23 1035 433367
317 1461 978179
2216 2317 272145
220 849 659736
2134 2753 382848
1055 2694 937283
181 1074 315540
490 2609 511914
625 2712 833531
181 1383 974610
730 1428 34348
1872 1874 827318
872 2204 286645
652 2433 488419
677 737 779261
94 1521 876532
537 1577 953565
582 1984 99967
12 2763 343745
192 2732 46537
463 1292 289775
694 1618 443956
1256 1654 521421
2053 2263 653728
146 1806 884704
1018 2003 830322
29 2454 322867
185 1747 841185
214 1690 651198
915 1345 204908
352 1708 85127
252 1856 541118
763 1495 637121
2175 2508 380424
1002 1852 460281
495 1597 21738
71 2520 785607
371 1785 928635
292 1895 758612
582 1581 589982
2676 2784 352670
653 1137 892197
292 2161 97799
1781 2528 932796
632 1994 766871
157 462 915331
875 2460 437367
2296 2457 334654
1675 2303 963308
1624 2421 610005
1065 1373 771598
2440 2459 803477
1562 2260 589417
2231 2678 390026
1331 1365 910191
631 2589 1
338 1500 143390
290 2482 411710
338 654 142824
240 1271 870169
492 2227 432158
999 2238 483218
1185 2321 455778
1188 2156 314404
1384 1955 868690
1512 2020 892157
391 552 19113
742 2371 467491
583 1234 146263
1274 2720 837927
1344 2773 815356
444 2256 330779
56 688 578466
912 2129 592342
718 1699 13089
2277 2578 563527
399 2147 505873
1652 2465 899770
1508 2374 1
64 1860 430655
44 1607 191508
1416 1729 129461
1923 2702 472146
1742 2805 470227
2421 2755 802610
284 775 672722
319 548 256948
1870 1892 73797
173 1467 746550
407 1702 392435
2482 2674 509616
599 1690 460592
469 1871 600311
2243 2424 623876
72 711 519735
1410 2674 496401
2044 2800 758381
232 1371 981185
1774 1870 112733
501 2713 257314
433 818 61057
269 2250 982608
813 2506 804741
2086 2106 170636
2061 2179 136947
309 1451 541722
1453 1509 272956
631 1381 1
1736 2346 71585
1890 2646 704058
201 457 213254
842 2013 112169
967 981 484854
125 2590 52629
1548 2033 746275
1686 2172 128191
1128 1863 614093
1013 1982 846798
924 2590 289952
1903 2478 10880
1016 2544 297009
673 843 287091
1330 2614 803763
1177 2688 657896
596 1372 548204
259 815 302740
1054 2628 78436
645 1075 981355
1836 2083 113255
1142 2302 714813
1344 2556 533813
263 1630 348449
840 1490 998471
80 974 184360
1531 1859 653008
656 2441 816502
1110 2298 1
1475 2236 939415
753 2532 98946
1079 1331 511907
1456 2714 388188
1461 2767 714606
1776 2360 773252
278 1586 682761
486 2752 329829
1471 1834 794531
1493 2314 824310
1798 2548 685087
297 725 20584
367 1297 313592
1664 2732 304359
89 2789 507638
769 780 546580
2026 2145 153663
223 375 58085
482 943 158428
186 2494 932038
851 1293 961647
226 260 955516
2414 2560 532277
15 2358 256523
1017 1663 53548
677 2720 174816
456 1480 371089
24 1528 886004
1375 2796 870104
662 942 95032
1692 1701 262839
375 809 351131
1330 1386 435177
37 1052 1
1598 2265 477453
1183 2183 517092
1473 2809 177228
166 2088 469681
279 546 294315
310 2575 628359
1578 1646 399807
256 259 757178
1283 1319 548881
1437 1934 607370
432 2201 875304
4 443 43727
273 1869 832233
1345 1661 919764
519 1929 13038
1904 2622 149146
132 381 700282
1422 1669 448438
1513 2453 522048
1090 1399 472776
977 1204 56005
1865 1873 704252
1797 2522 1
98 666 335576
272 617 758387
1529 2465 643632
1324 2276 784369
203 2717 21130
1383 1993 570162
181 1792 646595
1136 2802 810821
1494 2320 404832
1356 2423 694155
1847 2807 467664
459 2135 88558
1176 2268 834289
70 1217 503457
542 1847 661023
80 1198 74981
2554 2668 1
1172 1511 671324
84 541 842544
1332 2535 897173
324 1468 399267
139 1537 573254
590 2090 348799
779 2649 127668
11 2155 651604
1299 1661 387941
1752 2621 670136
1238 2675 828643
948 1753 58111
639 1472 706004
31 106 123113
1139 2044 781873
343 2733 541898
1180 2503 436212
1448 1552 777776
1214 1522 76128
479 1449 860432
1435 1551 305363
242 503 379400
667 2202 685511
1703 2383 1
1304 2734 826631
1175 1289 209286
799 2346 910450
986 1187 570510
1312 2545 544271
1053 1503 961787
392 2695 153375
1185 2743 547121
913 1412 463984
1647 2178 464985
551 2271 426245
2298 2306 965215
565 2278 479248
116 2674 131103
14 76 140497
1431 1800 654318
2504 2650 70037
109 2764 458664
379 1700 125565
927 2249 227829
1333 2370 793265
1097 2240 498997
1350 2163 479874
193 1501 591926
106 1066 784066
677 794 730787
933 2777 134514
705 956 111955
696 2768 366518
484 1972 395825
1279 1875 817614
465 2368 679867
1485 1750 895621
923 1753 347884
394 520 228459
524 1765 337149
181 1106 407141
331 1715 983633
1771 2093 273538
185 2209 265951
643 1781 625478
821 1698 345384
4 1135 136859
1250 1883 143166
347 1517 875026
769 1438 219993
80 1764 549516
1910 1989 446185
1267 1311 9439
2312 2487 461155
144 1338 812137
631 835 776969
286 1339 416388
169 1200 987055
478 2177 976720
811 1767 569495
1175 2730 474804
358 998 629580
16 2496 360873
132 1004 146144
113 928 507796
757 2437 9410
746 2617 392012
1361 2280 650935
1783 2801 889947
400 1844 947585
1945 2511 949373
608 1436 59470
530 1081 934230
1795 2399 939843
2236 2379 208242
450 972 367368
914 2621 588500
954 2241 69021
392 1999 473968
1712 1947 41922
1732 2337 640229
225 1514 724502
6 2299 634472
1556 2381 678849
60 2747 536900
736 1524 723433
1687 2136 368116
1072 1454 453892
712 777 397579
599 2019 536594
294 1618 401589
1258 1536 829531
1749 2601 647987
1464 1768 420715
1460 1747 1
729 1110 1
270 1568 421361
834 2609 251184
816 1990 70372
517 2038 526094
1576 1635 974065
280 807 833542
664 2465 265183
636 2234 808935
1306 2615 836335
68 177 12801
72 2090 940739
1098 1959 453637
90 993 437498
1385 2198 183313
589 960 876120
460 1875 95042
637 1594 792900
659 1634 65501
1435 1640 700376
1908 2242 1
453 1385 393157
2079 2696 548003
1341 2037 229219
380 690 505288
479 1750 320062
1763 1930 554132
598 743 939594
129 870 727212
412 1010 369256
750 1192 37659
1068 2572 321275
1491 2164 400516
518 1348 366783
830 1709 510562
549 2493 874706
2122 2532 918677
864 1522 617922
770 2392 77006
747 1558 1
1236 2129 382290
637 2517 702608
184 920 133393
269 930 114402
797 1931 87015
1878 2676 594316
1606 2728 791198
348 1258 750531
199 1131 180181
407 644 750622
619 1193 432177
1923 2093 755414
2286 2303 235496
2401 2684 699074
1827 2778 932970
2588 2668 1
466 1572 985553
1717 2721 25973
247 2414 722901
582 1905 199716
733 1205 149714
368 2419 284356
533 1231 825676
372 1090 325042
121 745 142475
734 1669 848691
846 1823 741709
445 507 876132
843 2052 464348
2661 2793 455748
2091 2632 993337
146 1222 713201
981 2542 373113
1787 2277 633273
1325 2072 127242
99 2440 957112
1808 1972 475697
1092 1637 249350
1369 2658 771875
78 2749 15663
23 2661 524520
876 1805 649497
1113 1401 871210
7 867 966940
28 298 438220
765 2178 298125
331 802 958628
268 1335 974797
2339 2502 877993
866 2504 861455
751 1257 638047
193 2758 603642
622 1282 356096
783 2739 966797
1950 2638 954111
2187 2410 100342
1120 2685 638241
713 1422 930878
1172 1502 904703
334 2434 51127
916 1711 772574
2127 2795 871425
1022 2670 278533
793 1965 313797
85 1178 497433
595 2430 368565
152 2439 306241
1618 2241 1
1080 2210 554155
1111 1575 718692
1426 1448 670889
704 995 130981
288 1105 946807
162 411 671879
619 849 570386
1919 1923 594158
1291 2199 556055
865 1612 535518
39 1709 589673
1450 2098 950382
491 551 29494
491 756 637304
224 2221 903291
1223 1668 543722
304 397 204585
169 1617 697905
287 987 557036
810 1727 182534
243 2005 695017
306 2749 215285
2201 2212 74497
1757 2575 744952
1850 2024 165320
254 2275 570838
301 1181 235583
358 362 165938
228 1882 354577
413 1002 43775
1792 1865 362602
702 1170 35875
1144 2520 778555
406 411 26052
393 771 339864
2017 2074 938821
1625 2248 105480
156 817 728190
1070 1487 279196
2219 2328 501045
732 1223 101643
788 1487 636447
1185 2620 197058
1112 1134 102054
1313 2611 791401
775 842 426804
1378 2682 573371
345 1675 196998
693 2441 482374
799 880 112988
1952 2580 656866
1066 1603 261251
499 1980 198699
937 1307 183836
1970 2712 799394
187 835 874239
1099 1983 517804
2408 2697 200222
550 2123 806855
115 2722 183438
59 899 980826
1041 1333 615646
70 2536 88869
2744 2784 635068
137 1804 62593
671 1560 574261
1515 1675 277795
189 2617 908718
1730 2016 314821
1455 2015 748549
1172 2074 55582
971 2244 632375
225 1035 128293
34 2434 166517
327 762 782015
175 1277 771849
335 1154 591713
197 1457 84216
163 649 100320
278 1297 525344
1427 1831 861530
724 2233 152106
949 2283 775783
2659 2747 156671
950 1241 389262
764 1643 286070
196 2028 380451
596 1633 971586
861 2798 796282
309 1230 864167
46 396 432143
1160 2272 48829
655 1166 16017
2325 2547 76299
722 1917 23348
1019 2706 132834
1171 2249 865492
952 2001 564378
324 1658 139059
141 540 902856
1157 2235 1
161 2261 589867
1378 2246 1
130 2162 485765
2126 2710 337720
607 1508 735562
1391 1842 482669
1004 1924 993842
2054 2214 657657
1614 1719 674661
728 2761 542698
1493 2280 254290
1423 2596 646567
536 801 379670
565 908 796052
226 996 292957
1089 2174 295473
1572 2405 761451
1484 2505 952590
950 2311 649256
0 2275 961696
1760 2083 995498
292 442 565946
1337 2406 109865
1064 1868 1
626 2058 958179
273 2498 647412
772 2799 155617
1183 1262 901937
1421 2114 1
1157 2143 736253
423 1038 894669
585 703 438907
208 593 883624
1988 2451 18199
1800 2364 582896
714 1707 804837
351 2214 194146
1380 2327 11103
1839 1922 182319
2181 2215 165944
152 835 111716
1486 2373 456249
2386 2389 369686
1379 2033 444428
103 2593 210819
80 1118 74149
820 1066 149590
433 1607 268694
1352 2320 702590
1036 2087 870967
703 1710 565471
2006 2756 823930
434 2449 646545
353 2017 876700
483 919 168502
1773 2051 526457
1722 2715 809164
944 1728 628843
15 30 125414
367 2747 453890
179 428 495142
644 1759 793941
1500 1716 661726
174 2362 623341
217 1118 366383
805 2386 302547
1565 2034 612067
992 2234 125592
2537 2787 633741
1237 1339 72073
1244 2036 913933
1790 2699 320019
576 2579 950898
678 2116 511978
1777 2566 1
759 2027 297249
1488 1771 880798
247 1153 112220
300 2139 411776
878 2255 919218
515 1986 556120
1678 2225 643014
2115 2307 461207
1808 1836 597689
128 266 176735
1297 1938 403795
934 2589 698279
313 1877 112910
102 1199 723559
2519 2742 786374
1040 1302 181040
66 2270 181619
1346 2020 194034
1254 1935 920150
1204 2385 614189
1300 1688 389308
2137 2364 345274
19 1914 83432
539 2527 812396
214 727 378580
178 970 406805
787 2394 655243
1299 1941 591473
713 2312 187949
1547 2463 343869
530 2628 290402
569 1655 263367
1757 2147 325326
1279 2234 905348
1287 1936 402529
506 891 307264
2381 2420 240614
470 778 424285
721 2408 754756
1581 1861 974872
583 1228 768854
1928 2699 903781
1790 2510 640962
1283 2451 856306
1288 2620 509542
1211 2695 411546
1320 2456 498903
326 910 715893
2518 2718 731097
412 2513 707012
1574 2331 67459
902 2377 672565
260 740 889337
188 1100 488320
368 567 723355
1298 1795 810702
297 471 322736
1598 2645 24097
1294 1790 682471
674 1944 67112
1382 2529 324979
383 1061 573405
1284 2724 286014
1007 1978 339282
54 1395 630637
1717 2229 791319
1743 2604 174848
697 1418 585418
1881 2745 141531
880 2607 471336
1170 1494 691452
1323 2176 840846
546 1243 419246
465 1591 432340
357 1085 178854
1800 2315 147536
303 624 544447
446 707 109133
774 1791 577743
84 1109 51655
1993 2039 568412
247 1387 40168
780 2731 452729
657 2308 139797
2012 2054 310051
463 537 884236
994 2070 183156
65 1171 164396
168 1181 191854
435 719 444350
685 2148 417019
235 573 605570
248 1183 80478
328 2272 571391
1843 2538 760703
854 1309 678788
242 867 392097
841 2454 939712
941 2376 592252
844 2610 301448
91 2320 673656
810 1231 113861
105 1962 736930
844 1985 446554
949 1209 484576
1202 1914 373690
676 1508 820887
720 1216 351841
635 671 181474
944 2544 454558
1499 2329 178799
653 2487 218740
689 2603 888577
318 603 404478
377 489 149686
1049 1504 705382
311 401 987991
121 1760 745231
1287 1968 669645
177 432 574181
712 2549 935392
1269 2132 774076
692 748 928357
10 1736 256633
1533 2542 204882
947 1101 793157
1883 2101 563728
118 229 564216
730 1638 907676
519 1068 36175
1811 2167 850376
464 1597 277715
1511 2035 485028
1822 2734 240748
1108 2718 727389
1849 2566 1
332 420 730903
292 1877 945215
1058 1702 188390
348 1440 733477
2078 2373 585532
361 2029 493434
53 1228 598262
180 730 101788
895 1683 21911
803 2131 189031
281 2550 548349
1316 2667 938385
1965 2211 144437
941 2181 607551
1651 2452 402696
686 885 945858
260 1333 839914
48 52 617426
1764 2735 672061
2651 2722 821865
1664 2811 166230
18 935 613947
57 1641 850367
888 2048 720200
1944 2492 208705
340 998 35593
352 921 538570
878 2323 393798
190 1191 416703
1746 2227 326107
688 2172 503889
832 2471 391450
42 2067 539165
1401 1799 447480
175 848 102815
2207 2589 1
387 2745 521772
2102 2695 826915
802 1433 137201
170 1477 493870
678 2111 208839
365 2495 409620
366 1182 143587
2236 2336 362325
8 2378 50468
1406 2077 769900
195 1527 722404
1767 1865 327527
1053 1416 431567
1279 2703 573070
173 1627 438121
1943 2331 87374
