cc61ad56a4797fb3f5c9529f73ce6fcedd85669b
1
2925 0 2364 12919619
0 1 3
1 2 3
2 3 3
3 4 3
4 5 3
5 6 3
6 7 3
7 8 3
8 9 3
9 10 3
10 11 3
11 12 3
12 13 3
13 14 3
14 15 3
15 16 3
16 17 3
17 18 3
18 19 3
19 20 3
20 21 3
21 22 3
22 23 3
23 24 3
24 25 3
25 26 3
26 27 3
27 28 3
28 29 3
29 30 3
30 31 3
31 32 3
32 33 3
33 34 3
34 35 3
35 36 3
36 37 3
37 38 3
38 39 3
39 40 3
40 41 3
41 42 3
42 43 3
43 44 3
44 45 3
45 46 3
46 47 3
47 48 3
48 49 3
49 50 3
50 51 3
51 52 3
52 53 3
53 54 3
54 55 3
55 56 3
56 57 3
57 58 3
58 59 3
59 60 3
60 61 3
61 62 3
62 63 3
63 64 3
64 65 3
65 66 3
66 67 3
67 68 3
68 69 3
69 70 3
70 71 3
71 72 3
72 73 3
73 74 3
74 75 3
75 76 3
76 77 3
77 78 3
78 79 3
79 80 3
80 81 3
81 82 3
82 83 3
83 84 3
84 85 3
85 86 3
86 87 3
87 88 3
88 89 3
89 90 3
90 91 3
91 92 3
92 93 3
93 94 3
94 95 3
95 96 3
96 97 3
97 98 3
98 99 3
99 100 3
100 101 3
101 102 3
102 103 3
103 104 3
104 105 3
105 106 3
106 107 3
107 108 3
108 109 3
109 110 3
110 111 3
111 112 3
112 113 3
113 114 3
114 115 3
115 116 3
116 117 3
117 118 3
118 119 3
119 120 3
120 121 3
121 122 3
122 123 3
123 124 3
124 125 3
125 126 3
126 127 3
127 128 3
128 129 3
129 130 3
130 131 3
131 132 3
132 133 3
133 134 3
134 135 3
135 136 3
136 137 3
137 138 3
138 139 3
139 140 3
140 141 3
141 142 3
142 143 3
143 144 3
144 145 3
145 146 3
146 147 3
147 148 3
148 149 3
149 150 3
150 151 3
151 152 3
152 153 3
153 154 3
154 155 3
155 156 3
156 157 3
157 158 3
158 159 3
159 160 3
160 161 3
161 162 3
162 163 3
163 164 3
164 165 3
165 166 3
166 167 3
167 168 3
168 169 3
169 170 3
170 171 3
171 172 3
172 173 3
173 174 3
174 175 3
175 176 3
176 177 3
177 178 3
178 179 3
179 180 3
180 181 3
181 182 3
182 183 3
183 184 3
184 185 3
185 186 3
186 187 3
187 188 3
188 189 3
189 190 3
190 191 3
191 192 3
192 193 3
193 194 3
194 195 3
195 196 3
196 197 3
197 198 3
198 199 3
199 200 3
200 201 3
201 202 3
202 203 3
203 204 3
204 205 3
205 206 3
206 207 3
207 208 3
208 209 3
209 210 3
210 211 3
211 212 3
212 213 3
213 214 3
214 215 3
215 216 3
216 217 3
217 218 3
218 219 3
219 220 3
220 221 3
221 222 3
222 223 3
223 224 3
224 225 3
225 226 3
226 227 3
227 228 3
228 229 3
229 230 3
230 231 3
231 232 3
232 233 3
233 234 3
234 235 3
235 236 3
236 237 3
237 238 3
238 239 3
239 240 3
240 241 3
241 242 3
242 243 3
243 244 3
244 245 3
245 246 3
246 247 3
247 248 3
248 249 3
249 250 3
250 251 3
251 252 3
252 253 3
253 254 3
254 255 3
255 256 3
256 257 3
257 258 3
258 259 3
259 260 3
260 261 3
261 262 3
262 263 3
263 264 3
264 265 3
265 266 3
266 267 3
267 268 3
268 269 3
269 270 3
270 271 3
271 272 3
272 273 3
273 274 3
274 275 3
275 276 3
276 277 3
277 278 3
278 279 3
279 280 3
280 281 3
281 282 3
282 283 3
283 284 3
284 285 3
285 286 3
286 287 3
287 288 3
288 289 3
289 290 3
290 291 3
291 292 3
292 293 3
293 294 3
294 295 3
295 296 3
296 297 3
297 298 3
298 299 3
299 300 3
300 301 3
301 302 3
302 303 3
303 304 3
304 305 3
305 306 3
306 307 3
307 308 3
308 309 3
309 310 3
310 311 3
311 312 3
312 313 3
313 314 3
314 315 3
315 316 3
316 317 3
317 318 3
318 319 3
319 320 3
320 321 3
321 322 3
322 323 3
323 324 3
324 325 3
325 326 3
326 327 3
327 328 3
328 329 3
329 330 3
330 331 3
331 332 3
332 333 3
333 334 3
334 335 3
335 336 3
336 337 3
337 338 3
338 339 3
339 340 3
340 341 3
341 342 3
342 343 3
343 344 3
344 345 3
345 346 3
346 347 3
347 348 3
348 349 3
349 350 3
350 351 3
351 352 3
352 353 3
353 354 3
354 355 3
355 356 3
356 357 3
357 358 3
358 359 3
359 360 3
360 361 3
361 362 3
362 363 3
363 364 3
364 365 3
365 366 3
366 367 3
367 368 3
368 369 3
369 370 3
370 371 3
371 372 3
372 373 3
373 374 3
374 375 3
375 376 3
376 377 3
377 378 3
378 379 3
379 380 3
380 381 3
381 382 3
382 383 3
383 384 3
384 385 3
385 386 3
386 387 3
387 388 3
388 389 3
389 390 3
390 391 3
391 392 3
392 393 3
393 394 3
394 395 3
395 396 3
396 397 3
397 398 3
398 399 3
399 400 3
400 401 3
401 402 3
402 403 3
403 404 3
404 405 3
405 406 3
406 407 3
407 408 3
408 409 3
409 410 3
410 411 3
411 412 3
412 413 3
413 414 3
414 415 3
415 416 3
416 417 3
417 418 3
418 419 3
419 420 3
420 421 3
421 422 3
422 423 3
423 424 3
424 425 3
425 426 3
426 427 3
427 428 3
428 429 3
429 430 3
430 431 3
431 432 3
432 433 3
433 434 3
434 435 3
435 436 3
436 437 3
437 438 3
438 439 3
439 440 3
440 441 3
441 442 3
442 443 3
443 444 3
444 445 3
445 446 3
446 447 3
447 448 3
448 449 3
449 450 3
450 451 3
451 452 3
452 453 3
453 454 3
454 455 3
455 456 3
456 457 3
457 458 3
458 459 3
459 460 3
460 461 3
461 462 3
462 463 3
463 464 3
464 465 3
465 466 3
466 467 3
467 468 3
468 469 3
469 470 3
470 471 3
471 472 3
472 473 3
473 474 3
474 475 3
475 476 3
476 477 3
477 478 3
478 479 3
479 480 3
480 481 3
481 482 3
482 483 3
483 484 3
484 485 3
485 486 3
486 487 3
487 488 3
488 489 3
489 490 3
490 491 3
491 492 3
492 493 3
493 494 3
494 495 3
495 496 3
496 497 3
497 498 3
498 499 3
499 500 3
500 501 3
501 502 3
502 503 3
503 504 3
504 505 3
505 506 3
506 507 3
507 508 3
508 509 3
509 510 3
510 511 3
511 512 3
512 513 3
513 514 3
514 515 3
515 516 3
516 517 3
517 518 3
518 519 3
519 520 3
520 521 3
521 522 3
522 523 3
523 524 3
524 525 3
525 526 3
526 527 3
527 528 3
528 529 3
529 530 3
530 531 3
531 532 3
532 533 3
533 534 3
534 535 3
535 536 3
536 537 3
537 538 3
538 539 3
539 540 3
540 541 3
541 542 3
542 543 3
543 544 3
544 545 3
545 546 3
546 547 3
547 548 3
548 549 3
549 550 3
550 551 3
551 552 3
552 553 3
553 554 3
554 555 3
555 556 3
556 557 3
557 558 3
558 559 3
559 560 3
560 561 3
561 562 3
562 563 3
563 564 3
564 565 3
565 566 3
566 567 3
567 568 3
568 569 3
569 570 3
570 571 3
571 572 3
572 573 3
573 574 3
574 575 3
575 576 3
576 577 3
577 578 3
578 579 3
579 580 3
580 581 3
581 582 3
582 583 3
583 584 3
584 585 3
585 586 3
586 587 3
587 588 3
588 589 3
589 590 3
590 591 3
591 592 3
592 593 3
593 594 3
594 595 3
595 596 3
596 597 3
597 598 3
598 599 3
599 600 3
600 601 3
601 602 3
602 603 3
603 604 3
604 605 3
605 606 3
606 607 3
607 608 3
608 609 3
609 610 3
610 611 3
611 612 3
612 613 3
613 614 3
614 615 3
615 616 3
616 617 3
617 618 3
618 619 3
619 620 3
620 621 3
621 622 3
622 623 3
623 624 3
624 625 3
625 626 3
626 627 3
627 628 3
628 629 3
629 630 3
630 631 3
631 632 3
632 633 3
633 634 3
634 635 3
635 636 3
636 637 3
637 638 3
638 639 3
639 640 3
640 641 3
641 642 3
642 643 3
643 644 3
644 645 3
645 646 3
646 647 3
647 648 3
648 649 3
649 650 3
650 651 3
651 652 3
652 653 3
653 654 3
654 655 3
655 656 3
656 657 3
657 658 3
658 659 3
659 660 3
660 661 3
661 662 3
662 663 3
663 664 3
664 665 3
665 666 3
666 667 3
667 668 3
668 669 3
669 670 3
670 671 3
671 672 3
672 673 3
673 674 3
674 675 3
675 676 3
676 677 3
677 678 3
678 679 3
679 680 3
680 681 3
681 682 3
682 683 3
683 684 3
684 685 3
685 686 3
686 687 3
687 688 3
688 689 3
689 690 3
690 691 3
691 692 3
692 693 3
693 694 3
694 695 3
695 696 3
696 697 3
697 698 3
698 699 3
699 700 3
700 701 3
701 702 3
702 703 3
703 704 3
704 705 3
705 706 3
706 707 3
707 708 3
708 709 3
709 710 3
710 711 3
711 712 3
712 713 3
713 714 3
714 715 3
715 716 3
716 717 3
717 718 3
718 719 3
719 720 3
720 721 3
721 722 3
722 723 3
723 724 3
724 725 3
725 726 3
726 727 3
727 728 3
728 729 3
729 730 3
730 731 3
731 732 3
732 733 3
733 734 3
734 735 3
735 736 3
736 737 3
737 738 3
738 739 3
739 740 3
740 741 3
741 742 3
742 743 3
743 744 3
744 745 3
745 746 3
746 747 3
747 748 3
748 749 3
749 750 3
750 751 3
751 752 3
752 753 3
753 754 3
754 755 3
755 756 3
756 757 3
757 758 3
758 759 3
759 760 3
760 761 3
761 762 3
762 763 3
763 764 3
764 765 3
765 766 3
766 767 3
767 768 3
768 769 3
769 770 3
770 771 3
771 772 3
772 773 3
773 774 3
774 775 3
775 776 3
776 777 3
777 778 3
778 779 3
779 780 3
780 781 3
781 782 3
782 783 3
783 784 3
784 785 3
785 786 3
786 787 3
787 788 3
788 789 3
789 790 3
790 791 3
791 792 3
792 793 3
793 794 3
794 795 3
795 796 3
796 797 3
797 798 3
798 799 3
799 800 3
800 801 3
801 802 3
802 803 3
803 804 3
804 805 3
805 806 3
806 807 3
807 808 3
808 809 3
809 810 3
810 811 3
811 812 3
812 813 3
813 814 3
814 815 3
815 816 3
816 817 3
817 818 3
818 819 3
819 820 3
820 821 3
821 822 3
822 823 3
823 824 3
824 825 3
825 826 3
826 827 3
827 828 3
828 829 3
829 830 3
830 831 3
831 832 3
832 833 3
833 834 3
834 835 3
835 836 3
836 837 3
837 838 3
838 839 3
839 840 3
840 841 3
841 842 3
842 843 3
843 844 3
844 845 3
845 846 3
846 847 3
847 848 3
848 849 3
849 850 3
850 851 3
851 852 3
852 853 3
853 854 3
854 855 3
855 856 3
856 857 3
857 858 3
858 859 3
859 860 3
860 861 3
861 862 3
862 863 3
863 864 3
864 865 3
865 866 3
866 867 3
867 868 3
868 869 3
869 870 3
870 871 3
871 872 3
872 873 3
873 874 3
874 875 3
875 876 3
876 877 3
877 878 3
878 879 3
879 880 3
880 881 3
881 882 3
882 883 3
883 884 3
884 885 3
885 886 3
886 887 3
887 888 3
888 889 3
889 890 3
890 891 3
891 892 3
892 893 3
893 894 3
894 895 3
895 896 3
896 897 3
897 898 3
898 899 3
899 900 3
900 901 3
901 902 3
902 903 3
903 904 3
904 905 3
905 906 3
906 907 3
907 908 3
908 909 3
909 910 3
910 911 3
911 912 3
912 913 3
913 914 3
914 915 3
915 916 3
916 917 3
917 918 3
918 919 3
919 920 3
920 921 3
921 922 3
922 923 3
923 924 3
924 925 3
925 926 3
926 927 3
927 928 3
928 929 3
929 930 3
930 931 3
931 932 3
932 933 3
933 934 3
934 935 3
935 936 3
936 937 3
937 938 3
938 939 3
939 940 3
940 941 3
941 942 3
942 943 3
943 944 3
944 945 3
945 946 3
946 947 3
947 948 3
948 949 3
949 950 3
950 951 3
951 952 3
952 953 3
953 954 3
954 955 3
955 956 3
956 957 3
957 958 3
958 959 3
959 960 3
960 961 3
961 962 3
962 963 3
963 964 3
964 965 3
965 966 3
966 967 3
967 968 3
968 969 3
969 970 3
970 971 3
971 972 3
972 973 3
973 974 3
974 975 3
975 976 3
976 977 3
977 978 3
978 979 3
979 980 3
980 981 3
981 982 3
982 983 3
983 984 3
984 985 3
985 986 3
986 987 3
987 988 3
988 989 3
989 990 3
990 991 3
991 992 3
992 993 3
993 994 3
994 995 3
995 996 3
996 997 3
997 998 3
998 999 3
999 1000 3
1000 1001 3
1001 1002 3
1002 1003 3
1003 1004 3
1004 1005 3
1005 1006 3
1006 1007 3
1007 1008 3
1008 1009 3
1009 1010 3
1010 1011 3
1011 1012 3
1012 1013 3
1013 1014 3
1014 1015 3
1015 1016 3
1016 1017 3
1017 1018 3
1018 1019 3
1019 1020 3
1020 1021 3
1021 1022 3
1022 1023 3
1023 1024 3
1024 1025 3
1025 1026 3
1026 1027 3
1027 1028 3
1028 1029 3
1029 1030 3
1030 1031 3
1031 1032 3
1032 1033 3
1033 1034 3
1034 1035 3
1035 1036 3
1036 1037 3
1037 1038 3
1038 1039 3
1039 1040 3
1040 1041 3
1041 1042 3
1042 1043 3
1043 1044 3
1044 1045 3
1045 1046 3
1046 1047 3
1047 1048 3
1048 1049 3
1049 1050 3
1050 1051 3
1051 1052 3
1052 1053 3
1053 1054 3
1054 1055 3
1055 1056 3
1056 1057 3
1057 1058 3
1058 1059 3
1059 1060 3
1060 1061 3
1061 1062 3
1062 1063 3
1063 1064 3
1064 1065 3
1065 1066 3
1066 1067 3
1067 1068 3
1068 1069 3
1069 1070 3
1070 1071 3
1071 1072 3
1072 1073 3
1073 1074 3
1074 1075 3
1075 1076 3
1076 1077 3
1077 1078 3
1078 1079 3
1079 1080 3
1080 1081 3
1081 1082 3
1082 1083 3
1083 1084 3
1084 1085 3
1085 1086 3
1086 1087 3
1087 1088 3
1088 1089 3
1089 1090 3
1090 1091 3
1091 1092 3
1092 1093 3
1093 1094 3
1094 1095 3
1095 1096 3
1096 1097 3
1097 1098 3
1098 1099 3
1099 1100 3
1100 1101 3
1101 1102 3
1102 1103 3
1103 1104 3
1104 1105 3
1105 1106 3
1106 1107 3
1107 1108 3
1108 1109 3
1109 1110 3
1110 1111 3
1111 1112 3
1112 1113 3
1113 1114 3
1114 1115 3
1115 1116 3
1116 1117 3
1117 1118 3
1118 1119 3
1119 1120 3
1120 1121 3
1121 1122 3
1122 1123 3
1123 1124 3
1124 1125 3
1125 1126 3
1126 1127 3
1127 1128 3
1128 1129 3
1129 1130 3
1130 1131 3
1131 1132 3
1132 1133 3
1133 1134 3
1134 1135 3
1135 1136 3
1136 1137 3
1137 1138 3
1138 1139 3
1139 1140 3
1140 1141 3
1141 1142 3
1142 1143 3
1143 1144 3
1144 1145 3
1145 1146 3
1146 1147 3
1147 1148 3
1148 1149 3
1149 1150 3
1150 1151 3
1151 1152 3
1152 1153 3
1153 1154 3
1154 1155 3
1155 1156 3
1156 1157 3
1157 1158 3
1158 1159 3
1159 1160 3
1160 1161 3
1161 1162 3
1162 1163 3
1163 1164 3
1164 1165 3
1165 1166 3
1166 1167 3
1167 1168 3
1168 1169 3
1169 1170 3
1170 1171 3
1171 1172 3
1172 1173 3
1173 1174 3
1174 1175 3
1175 1176 3
1176 1177 3
1177 1178 3
1178 1179 3
1179 1180 3
1180 1181 3
1181 1182 3
1182 1183 3
1183 1184 3
1184 1185 3
1185 1186 3
1186 1187 3
1187 1188 3
1188 1189 3
1189 1190 3
1190 1191 3
1191 1192 3
1192 1193 3
1193 1194 3
1194 1195 3
1195 1196 3
1196 1197 3
1197 1198 3
1198 1199 3
1199 1200 3
1200 1201 3
1201 1202 3
1202 1203 3
1203 1204 3
1204 1205 3
1205 1206 3
1206 1207 3
1207 1208 3
1208 1209 3
1209 1210 3
1210 1211 3
1211 1212 3
1212 1213 3
1213 1214 3
1214 1215 3
1215 1216 3
1216 1217 3
1217 1218 3
1218 1219 3
1219 1220 3
1220 1221 3
1221 1222 3
1222 1223 3
1223 1224 3
1224 1225 3
1225 1226 3
1226 1227 3
1227 1228 3
1228 1229 3
1229 1230 3
1230 1231 3
1231 1232 3
1232 1233 3
1233 1234 3
1234 1235 3
1235 1236 3
1236 1237 3
1237 1238 3
1238 1239 3
1239 1240 3
1240 1241 3
1241 1242 3
1242 1243 3
1243 1244 3
1244 1245 3
1245 1246 3
1246 1247 3
1247 1248 3
1248 1249 3
1249 1250 3
1250 1251 3
1251 1252 3
1252 1253 3
1253 1254 3
1254 1255 3
1255 1256 3
1256 1257 3
1257 1258 3
1258 1259 3
1259 1260 3
1260 1261 3
1261 1262 3
1262 1263 3
1263 1264 3
1264 1265 3
1265 1266 3
1266 1267 3
1267 1268 3
1268 1269 3
1269 1270 3
1270 1271 3
1271 1272 3
1272 1273 3
1273 1274 3
1274 1275 3
1275 1276 3
1276 1277 3
1277 1278 3
1278 1279 3
1279 1280 3
1280 1281 3
1281 1282 3
1282 1283 3
1283 1284 3
1284 1285 3
1285 1286 3
1286 1287 3
1287 1288 3
1288 1289 3
1289 1290 3
1290 1291 3
1291 1292 3
1292 1293 3
1293 1294 3
1294 1295 3
1295 1296 3
1296 1297 3
1297 1298 3
1298 1299 3
1299 1300 3
1300 1301 3
1301 1302 3
1302 1303 3
1303 1304 3
1304 1305 3
1305 1306 3
1306 1307 3
1307 1308 3
1308 1309 3
1309 1310 3
1310 1311 3
1311 1312 3
1312 1313 3
1313 1314 3
1314 1315 3
1315 1316 3
1316 1317 3
1317 1318 3
1318 1319 3
1319 1320 3
1320 1321 3
1321 1322 3
1322 1323 3
1323 1324 3
1324 1325 3
1325 1326 3
1326 1327 3
1327 1328 3
1328 1329 3
1329 1330 3
1330 1331 3
1331 1332 3
1332 1333 3
1333 1334 3
1334 1335 3
1335 1336 3
1336 1337 3
1337 1338 3
1338 1339 3
1339 1340 3
1340 1341 3
1341 1342 3
1342 1343 3
1343 1344 3
1344 1345 3
1345 1346 3
1346 1347 3
1347 1348 3
1348 1349 3
1349 1350 3
1350 1351 3
1351 1352 3
1352 1353 3
1353 1354 3
1354 1355 3
1355 1356 3
1356 1357 3
1357 1358 3
1358 1359 3
1359 1360 3
1360 1361 3
1361 1362 3
1362 1363 3
1363 1364 3
1364 1365 3
1365 1366 3
1366 1367 3
1367 1368 3
1368 1369 3
1369 1370 3
1370 1371 3
1371 1372 3
1372 1373 3
1373 1374 3
1374 1375 3
1375 1376 3
1376 1377 3
1377 1378 3
1378 1379 3
1379 1380 3
1380 1381 3
1381 1382 3
1382 1383 3
1383 1384 3
1384 1385 3
1385 1386 3
1386 1387 3
1387 1388 3
1388 1389 3
1389 1390 3
1390 1391 3
1391 1392 3
1392 1393 3
1393 1394 3
1394 1395 3
1395 1396 3
1396 1397 3
1397 1398 3
1398 1399 3
1399 1400 3
1400 1401 3
1401 1402 3
1402 1403 3
1403 1404 3
1404 1405 3
1405 1406 3
1406 1407 3
1407 1408 3
1408 1409 3
1409 1410 3
1410 1411 3
1411 1412 3
1412 1413 3
1413 1414 3
1414 1415 3
1415 1416 3
1416 1417 3
1417 1418 3
1418 1419 3
1419 1420 3
1420 1421 3
1421 1422 3
1422 1423 3
1423 1424 3
1424 1425 3
1425 1426 3
1426 1427 3
1427 1428 3
1428 1429 3
1429 1430 3
1430 1431 3
1431 1432 3
1432 1433 3
1433 1434 3
1434 1435 3
1435 1436 3
1436 1437 3
1437 1438 3
1438 1439 3
1439 1440 3
1440 1441 3
1441 1442 3
1442 1443 3
1443 1444 3
1444 1445 3
1445 1446 3
1446 1447 3
1447 1448 3
1448 1449 3
1449 1450 3
1450 1451 3
1451 1452 3
1452 1453 3
1453 1454 3
1454 1455 3
1455 1456 3
1456 1457 3
1457 1458 3
1458 1459 3
1459 1460 3
1460 1461 3
1461 1462 3
1462 1463 3
1463 1464 3
1464 1465 3
1465 1466 3
1466 1467 3
1467 1468 3
1468 1469 3
1469 1470 3
1470 1471 3
1471 1472 3
1472 1473 3
1473 1474 3
1474 1475 3
1475 1476 3
1476 1477 3
1477 1478 3
1478 1479 3
1479 1480 3
1480 1481 3
1481 1482 3
1482 1483 3
1483 1484 3
1484 1485 3
1485 1486 3
1486 1487 3
1487 1488 3
1488 1489 3
1489 1490 3
1490 1491 3
1491 1492 3
1492 1493 3
1493 1494 3
1494 1495 3
1495 1496 3
1496 1497 3
1497 1498 3
1498 1499 3
1499 1500 3
1500 1501 3
1501 1502 3
1502 1503 3
1503 1504 3
1504 1505 3
1505 1506 3
1506 1507 3
1507 1508 3
1508 1509 3
1509 1510 3
1510 1511 3
1511 1512 3
1512 1513 3
1513 1514 3
1514 1515 3
1515 1516 3
1516 1517 3
1517 1518 3
1518 1519 3
1519 1520 3
1520 1521 3
1521 1522 3
1522 1523 3
1523 1524 3
1524 1525 3
1525 1526 3
1526 1527 3
1527 1528 3
1528 1529 3
1529 1530 3
1530 1531 3
1531 1532 3
1532 1533 3
1533 1534 3
1534 1535 3
1535 1536 3
1536 1537 3
1537 1538 3
1538 1539 3
1539 1540 3
1540 1541 3
1541 1542 3
1542 1543 3
1543 1544 3
1544 1545 3
1545 1546 3
1546 1547 3
1547 1548 3
1548 1549 3
1549 1550 3
1550 1551 3
1551 1552 3
1552 1553 3
1553 1554 3
1554 1555 3
1555 1556 3
1556 1557 3
1557 1558 3
1558 1559 3
1559 1560 3
1560 1561 3
1561 1562 3
1562 1563 3
1563 1564 3
1564 1565 3
1565 1566 3
1566 1567 3
1567 1568 3
1568 1569 3
1569 1570 3
1570 1571 3
1571 1572 3
1572 1573 3
1573 1574 3
1574 1575 3
1575 1576 3
1576 1577 3
1577 1578 3
1578 1579 3
1579 1580 3
1580 1581 3
1581 1582 3
1582 1583 3
1583 1584 3
1584 1585 3
1585 1586 3
1586 1587 3
1587 1588 3
1588 1589 3
1589 1590 3
1590 1591 3
1591 1592 3
1592 1593 3
1593 1594 3
1594 1595 3
1595 1596 3
1596 1597 3
1597 1598 3
1598 1599 3
1599 1600 3
1600 1601 3
1601 1602 3
1602 1603 3
1603 1604 3
1604 1605 3
1605 1606 3
1606 1607 3
1607 1608 3
1608 1609 3
1609 1610 3
1610 1611 3
1611 1612 3
1612 1613 3
1613 1614 3
1614 1615 3
1615 1616 3
1616 1617 3
1617 1618 3
1618 1619 3
1619 1620 3
1620 1621 3
1621 1622 3
1622 1623 3
1623 1624 3
1624 1625 3
1625 1626 3
1626 1627 3
1627 1628 3
1628 1629 3
1629 1630 3
1630 1631 3
1631 1632 3
1632 1633 3
1633 1634 3
1634 1635 3
1635 1636 3
1636 1637 3
1637 1638 3
1638 1639 3
1639 1640 3
1640 1641 3
1641 1642 3
1642 1643 3
1643 1644 3
1644 1645 3
1645 1646 3
1646 1647 3
1647 1648 3
1648 1649 3
1649 1650 3
1650 1651 3
1651 1652 3
1652 1653 3
1653 1654 3
1654 1655 3
1655 1656 3
1656 1657 3
1657 1658 3
1658 1659 3
1659 1660 3
1660 1661 3
1661 1662 3
1662 1663 3
1663 1664 3
1664 1665 3
1665 1666 3
1666 1667 3
1667 1668 3
1668 1669 3
1669 1670 3
1670 1671 3
1671 1672 3
1672 1673 3
1673 1674 3
1674 1675 3
1675 1676 3
1676 1677 3
1677 1678 3
1678 1679 3
1679 1680 3
1680 1681 3
1681 1682 3
1682 1683 3
1683 1684 3
1684 1685 3
1685 1686 3
1686 1687 3
1687 1688 3
1688 1689 3
1689 1690 3
1690 1691 3
1691 1692 3
1692 1693 3
1693 1694 3
1694 1695 3
1695 1696 3
1696 1697 3
1697 1698 3
1698 1699 3
1699 1700 3
1700 1701 3
1701 1702 3
1702 1703 3
1703 1704 3
1704 1705 3
1705 1706 3
1706 1707 3
1707 1708 3
1708 1709 3
1709 1710 3
1710 1711 3
1711 1712 3
1712 1713 3
1713 1714 3
1714 1715 3
1715 1716 3
1716 1717 3
1717 1718 3
1718 1719 3
1719 1720 3
1720 1721 3
1721 1722 3
1722 1723 3
1723 1724 3
1724 1725 3
1725 1726 3
1726 1727 3
1727 1728 3
1728 1729 3
1729 1730 3
1730 1731 3
1731 1732 3
1732 1733 3
1733 1734 3
1734 1735 3
1735 1736 3
1736 1737 3
1737 1738 3
1738 1739 3
1739 1740 3
1740 1741 3
1741 1742 3
1742 1743 3
1743 1744 3
1744 1745 3
1745 1746 3
1746 1747 3
1747 1748 3
1748 1749 3
1749 1750 3
1750 1751 3
1751 1752 3
1752 1753 3
1753 1754 3
1754 1755 3
1755 1756 3
1756 1757 3
1757 1758 3
1758 1759 3
1759 1760 3
1760 1761 3
1761 1762 3
1762 1763 3
1763 1764 3
1764 1765 3
1765 1766 3
1766 1767 3
1767 1768 3
1768 1769 3
1769 1770 3
1770 1771 3
1771 1772 3
1772 1773 3
1773 1774 3
1774 1775 3
1775 1776 3
1776 1777 3
1777 1778 3
1778 1779 3
1779 1780 3
1780 1781 3
1781 1782 3
1782 1783 3
1783 1784 3
1784 1785 3
1785 1786 3
1786 1787 3
1787 1788 3
1788 1789 3
1789 1790 3
1790 1791 3
1791 1792 3
1792 1793 3
1793 1794 3
1794 1795 3
1795 1796 3
1796 1797 3
1797 1798 3
1798 1799 3
1799 1800 3
1800 1801 3
1801 1802 3
1802 1803 3
1803 1804 3
1804 1805 3
1805 1806 3
1806 1807 3
1807 1808 3
1808 1809 3
1809 1810 3
1810 1811 3
1811 1812 3
1812 1813 3
1813 1814 3
1814 1815 3
1815 1816 3
1816 1817 3
1817 1818 3
1818 1819 3
1819 1820 3
1820 1821 3
1821 1822 3
1822 1823 3
1823 1824 3
1824 1825 3
1825 1826 3
1826 1827 3
1827 1828 3
1828 1829 3
1829 1830 3
1830 1831 3
1831 1832 3
1832 1833 3
1833 1834 3
1834 1835 3
1835 1836 3
1836 1837 3
1837 1838 3
1838 1839 3
1839 1840 3
1840 1841 3
1841 1842 3
1842 1843 3
1843 1844 3
1844 1845 3
1845 1846 3
1846 1847 3
1847 1848 3
1848 1849 3
1849 1850 3
1850 1851 3
1851 1852 3
1852 1853 3
1853 1854 3
1854 1855 3
1855 1856 3
1856 1857 3
1857 1858 3
1858 1859 3
1859 1860 3
1860 1861 3
1861 1862 3
1862 1863 3
1863 1864 3
1864 1865 3
1865 1866 3
1866 1867 3
1867 1868 3
1868 1869 3
1869 1870 3
1870 1871 3
1871 1872 3
1872 1873 3
1873 1874 3
1874 1875 3
1875 1876 3
1876 1877 3
1877 1878 3
1878 1879 3
1879 1880 3
1880 1881 3
1881 1882 3
1882 1883 3
1883 1884 3
1884 1885 3
1885 1886 3
1886 1887 3
1887 1888 3
1888 1889 3
1889 1890 3
1890 1891 3
1891 1892 3
1892 1893 3
1893 1894 3
1894 1895 3
1895 1896 3
1896 1897 3
1897 1898 3
1898 1899 3
1899 1900 3
1900 1901 3
1901 1902 3
1902 1903 3
1903 1904 3
1904 1905 3
1905 1906 3
1906 1907 3
1907 1908 3
1908 1909 3
1909 1910 3
1910 1911 3
1911 1912 3
1912 1913 3
1913 1914 3
1914 1915 3
1915 1916 3
1916 1917 3
1917 1918 3
1918 1919 3
1919 1920 3
1920 1921 3
1921 1922 3
1922 1923 3
1923 1924 3
1924 1925 3
1925 1926 3
1926 1927 3
1927 1928 3
1928 1929 3
1929 1930 3
1930 1931 3
1931 1932 3
1932 1933 3
1933 1934 3
1934 1935 3
1935 1936 3
1936 1937 3
1937 1938 3
1938 1939 3
1939 1940 3
1940 1941 3
1941 1942 3
1942 1943 3
1943 1944 3
1944 1945 3
1945 1946 3
1946 1947 3
1947 1948 3
1948 1949 3
1949 1950 3
1950 1951 3
1951 1952 3
1952 1953 3
1953 1954 3
1954 1955 3
1955 1956 3
1956 1957 3
1957 1958 3
1958 1959 3
1959 1960 3
1960 1961 3
1961 1962 3
1962 1963 3
1963 1964 3
1964 1965 3
1965 1966 3
1966 1967 3
1967 1968 3
1968 1969 3
1969 1970 3
1970 1971 3
1971 1972 3
1972 1973 3
1973 1974 3
1974 1975 3
1975 1976 3
1976 1977 3
1977 1978 3
1978 1979 3
1979 1980 3
1980 1981 3
1981 1982 3
1982 1983 3
1983 1984 3
1984 1985 3
1985 1986 3
1986 1987 3
1987 1988 3
1988 1989 3
1989 1990 3
1990 1991 3
1991 1992 3
1992 1993 3
1993 1994 3
1994 1995 3
1995 1996 3
1996 1997 3
1997 1998 3
1998 1999 3
1999 2000 3
2000 2001 3
2001 2002 3
2002 2003 3
2003 2004 3
2004 2005 3
2005 2006 3
2006 2007 3
2007 2008 3
2008 2009 3
2009 2010 3
2010 2011 3
2011 2012 3
2012 2013 3
2013 2014 3
2014 2015 3
2015 2016 3
2016 2017 3
2017 2018 3
2018 2019 3
2019 2020 3
2020 2021 3
2021 2022 3
2022 2023 3
2023 2024 3
2024 2025 3
2025 2026 3
2026 2027 3
2027 2028 3
2028 2029 3
2029 2030 3
2030 2031 3
2031 2032 3
2032 2033 3
2033 2034 3
2034 2035 3
2035 2036 3
2036 2037 3
2037 2038 3
2038 2039 3
2039 2040 3
2040 2041 3
2041 2042 3
2042 2043 3
2043 2044 3
2044 2045 3
2045 2046 3
2046 2047 3
2047 2048 3
2048 2049 3
2049 2050 3
2050 2051 3
2051 2052 3
2052 2053 3
2053 2054 3
2054 2055 3
2055 2056 3
2056 2057 3
2057 2058 3
2058 2059 3
2059 2060 3
2060 2061 3
2061 2062 3
2062 2063 3
2063 2064 3
2064 2065 3
2065 2066 3
2066 2067 3
2067 2068 3
2068 2069 3
2069 2070 3
2070 2071 3
2071 2072 3
2072 2073 3
2073 2074 3
2074 2075 3
2075 2076 3
2076 2077 3
2077 2078 3
2078 2079 3
2079 2080 3
2080 2081 3
2081 2082 3
2082 2083 3
2083 2084 3
2084 2085 3
2085 2086 3
2086 2087 3
2087 2088 3
2088 2089 3
2089 2090 3
2090 2091 3
2091 2092 3
2092 2093 3
2093 2094 3
2094 2095 3
2095 2096 3
2096 2097 3
2097 2098 3
2098 2099 3
2099 2100 3
2100 2101 3
2101 2102 3
2102 2103 3
2103 2104 3
2104 2105 3
2105 2106 3
2106 2107 3
2107 2108 3
2108 2109 3
2109 2110 3
2110 2111 3
2111 2112 3
2112 2113 3
2113 2114 3
2114 2115 3
2115 2116 3
2116 2117 3
2117 2118 3
2118 2119 3
2119 2120 3
2120 2121 3
2121 2122 3
2122 2123 3
2123 2124 3
2124 2125 3
2125 2126 3
2126 2127 3
2127 2128 3
2128 2129 3
2129 2130 3
2130 2131 3
2131 2132 3
2132 2133 3
2133 2134 3
2134 2135 3
2135 2136 3
2136 2137 3
2137 2138 3
2138 2139 3
2139 2140 3
2140 2141 3
2141 2142 3
2142 2143 3
2143 2144 3
2144 2145 3
2145 2146 3
2146 2147 3
2147 2148 3
2148 2149 3
2149 2150 3
2150 2151 3
2151 2152 3
2152 2153 3
2153 2154 3
2154 2155 3
2155 2156 3
2156 2157 3
2157 2158 3
2158 2159 3
2159 2160 3
2160 2161 3
2161 2162 3
2162 2163 3
2163 2164 3
2164 2165 3
2165 2166 3
2166 2167 3
2167 2168 3
2168 2169 3
2169 2170 3
2170 2171 3
2171 2172 3
2172 2173 3
2173 2174 3
2174 2175 3
2175 2176 3
2176 2177 3
2177 2178 3
2178 2179 3
2179 2180 3
2180 2181 3
2181 2182 3
2182 2183 3
2183 2184 3
2184 2185 3
2185 2186 3
2186 2187 3
2187 2188 3
2188 2189 3
2189 2190 3
2190 2191 3
2191 2192 3
2192 2193 3
2193 2194 3
2194 2195 3
2195 2196 3
2196 2197 3
2197 2198 3
2198 2199 3
2199 2200 3
2200 2201 3
2201 2202 3
2202 2203 3
2203 2204 3
2204 2205 3
2205 2206 3
2206 2207 3
2207 2208 3
2208 2209 3
2209 2210 3
2210 2211 3
2211 2212 3
2212 2213 3
2213 2214 3
2214 2215 3
2215 2216 3
2216 2217 3
2217 2218 3
2218 2219 3
2219 2220 3
2220 2221 3
2221 2222 3
2222 2223 3
2223 2224 3
2224 2225 3
2225 2226 3
2226 2227 3
2227 2228 3
2228 2229 3
2229 2230 3
2230 2231 3
2231 2232 3
2232 2233 3
2233 2234 3
2234 2235 3
2235 2236 3
2236 2237 3
2237 2238 3
2238 2239 3
2239 2240 3
2240 2241 3
2241 2242 3
2242 2243 3
2243 2244 3
2244 2245 3
2245 2246 3
2246 2247 3
2247 2248 3
2248 2249 3
2249 2250 3
2250 2251 3
2251 2252 3
2252 2253 3
2253 2254 3
2254 2255 3
2255 2256 3
2256 2257 3
2257 2258 3
2258 2259 3
2259 2260 3
2260 2261 3
2261 2262 3
2262 2263 3
2263 2264 3
2264 2265 3
2265 2266 3
2266 2267 3
2267 2268 3
2268 2269 3
2269 2270 3
2270 2271 3
2271 2272 3
2272 2273 3
2273 2274 3
2274 2275 3
2275 2276 3
2276 2277 3
2277 2278 3
2278 2279 3
2279 2280 3
2280 2281 3
2281 2282 3
2282 2283 3
2283 2284 3
2284 2285 3
2285 2286 3
2286 2287 3
2287 2288 3
2288 2289 3
2289 2290 3
2290 2291 3
2291 2292 3
2292 2293 3
2293 2294 3
2294 2295 3
2295 2296 3
2296 2297 3
2297 2298 3
2298 2299 3
2299 2300 3
2300 2301 3
2301 2302 3
2302 2303 3
2303 2304 3
2304 2305 3
2305 2306 3
2306 2307 3
2307 2308 3
2308 2309 3
2309 2310 3
2310 2311 3
2311 2312 3
2312 2313 3
2313 2314 3
2314 2315 3
2315 2316 3
2316 2317 3
2317 2318 3
2318 2319 3
2319 2320 3
2320 2321 3
2321 2322 3
2322 2323 3
2323 2324 3
2324 2325 3
2325 2326 3
2326 2327 3
2327 2328 3
2328 2329 3
2329 2330 3
2330 2331 3
2331 2332 3
2332 2333 3
2333 2334 3
2334 2335 3
2335 2336 3
2336 2337 3
2337 2338 3
2338 2339 3
2339 2340 3
2340 2341 3
2341 2342 3
2342 2343 3
2343 2344 3
2344 2345 3
2345 2346 3
2346 2347 3
2347 2348 3
2348 2349 3
2349 2350 3
2350 2351 3
2351 2352 3
2352 2353 3
2353 2354 3
2354 2355 3
2355 2356 3
2356 2357 3
2357 2358 3
2358 2359 3
2359 2360 3
2360 2361 3
2361 2362 3
2362 2363 3
2363 2364 3
1182 2365 644168
2363 2366 3
2364 2367 324228
689 2368 1000000
1387 2369 999999
10 2370 999993
1211 2371 999992
2135 2372 999993
1276 2373 999992
1922 2374 999991
545 2375 999994
343 2376 999991
1766 2377 999998
1393 2378 999996
2365 2379 999991
1874 2380 999995
1011 2381 999992
1901 2382 999995
1045 2383 1000000
68 2384 999996
223 2385 999998
662 2386 999992
813 2387 999992
141 2388 999998
2158 2389 999990
1768 2390 999990
662 2391 999996
1784 2392 999991
1439 2393 999991
1419 2394 999992
1533 2395 1000000
514 2396 999995
2340 2397 999999
311 2398 999999
1519 2399 999997
1946 2400 999992
909 2401 999994
394 2402 999995
2154 2403 999992
2210 2404 999990
2014 2405 1000000
512 2406 999990
1235 2407 1000000
2198 2408 999992
333 2409 999990
2208 2410 999992
197 2411 999999
1141 2412 999993
1862 2413 999998
423 2414 999996
761 2415 999997
1549 2416 999998
717 2417 999991
1991 2418 999993
480 2419 999993
2368 2420 999994
732 2421 999996
1656 2422 1000000
913 2423 999991
1953 2424 999990
520 2425 999994
1151 2426 999990
1916 2427 999990
314 2428 999992
1603 2429 999992
1020 2430 999999
1485 2431 999992
1175 2432 999997
1061 2433 999998
2306 2434 1000000
1255 2435 999996
1524 2436 999991
1851 2437 999995
1039 2438 999997
2181 2439 999995
108 2440 1000000
150 2441 999993
779 2442 999993
374 2443 999995
2 2444 999995
1324 2445 999995
415 2446 999991
1407 2447 1000000
1937 2448 999990
1516 2449 999997
2306 2450 999994
2269 2451 1000000
2072 2452 999999
1107 2453 999991
1429 2454 1000000
1917 2455 999991
657 2456 999991
564 2457 999999
209 2458 999993
2079 2459 999994
1242 2460 999993
508 2461 1000000
780 2462 999990
1490 2463 1000000
1270 2464 999997
271 2465 999997
230 2466 999993
201 2467 999996
1333 2468 999998
2203 2469 999990
2264 2470 999994
1270 2471 999995
479 2472 1000000
1800 2473 999997
1314 2474 1000000
547 2475 999992
868 2476 999992
1709 2477 999995
1485 2478 999994
1808 2479 999994
957 2480 999994
309 2481 1000000
236 2482 999999
2317 2483 999993
1324 2484 999992
2380 2485 999999
2302 2486 999999
473 2487 999995
538 2488 999990
736 2489 999998
2178 2490 999994
2109 2491 999999
1090 2492 999990
905 2493 999995
71 2494 999999
813 2495 1000000
1666 2496 999992
2491 2497 999997
2361 2498 1000000
2113 2499 999997
1668 2500 999994
2356 2501 999997
95 2502 999999
2290 2503 999996
2499 2504 999992
1137 2505 999993
2229 2506 999990
2488 2507 999997
1568 2508 999997
2080 2509 999997
457 2510 999995
2131 2511 999992
1261 2512 999995
2181 2513 999996
344 2514 999992
1142 2515 1000000
118 2516 1000000
2473 2517 999994
2162 2518 999998
1504 2519 999992
1554 2520 999996
733 2521 999995
51 2522 999994
1732 2523 999998
937 2524 999996
2192 2525 999990
65 2526 999994
391 2527 1000000
231 2528 999998
1640 2529 999992
1996 2530 999999
92 2531 999992
475 2532 999991
1215 2533 999993
2278 2534 999992
2411 2535 999997
90 2536 999994
2459 2537 999998
964 2538 1000000
805 2539 999992
1386 2540 999994
2059 2541 999997
1286 2542 999997
1641 2543 999998
2075 2544 999992
977 2545 999996
614 2546 999994
2413 2547 999991
308 2548 999991
2353 2549 999996
1912 2550 999998
855 2551 999997
1532 2552 999993
2322 2553 999999
661 2554 999996
237 2555 999990
708 2556 999998
1237 2557 999997
1405 2558 999990
2196 2559 999994
594 2560 999990
1655 2561 999999
2397 2562 999996
1673 2563 999998
1752 2564 999995
1067 2565 999990
376 2566 1000000
2107 2567 999995
874 2568 999993
2004 2569 999992
1611 2570 999996
1018 2571 999999
2310 2572 999994
1691 2573 1000000
1020 2574 999994
2201 2575 999995
1301 2576 999990
1360 2577 999993
414 2578 999996
513 2579 999994
219 2580 999997
1023 2581 999994
1498 2582 999996
2465 2583 999993
741 2584 999991
1940 2585 999998
122 2586 999997
1202 2587 999990
1387 2588 999993
1661 2589 999994
1425 2590 999994
1579 2591 999997
1390 2592 999990
1312 2593 999995
1832 2594 999999
2472 2595 1000000
880 2596 999993
2017 2597 999994
227 2598 999994
2116 2599 999997
1110 2600 999993
502 2601 999999
2058 2602 1000000
1356 2603 999998
2051 2604 999998
2227 2605 999997
2365 2606 999992
2562 2607 999991
2278 2608 999999
1507 2609 999999
838 2610 1000000
1066 2611 999991
887 2612 999995
127 2613 999999
2404 2614 999998
1696 2615 999990
2127 2616 999998
2225 2617 999998
1553 2618 999995
1694 2619 999991
898 2620 1000000
1877 2621 999995
675 2622 999995
1036 2623 999996
295 2624 999992
492 2625 999991
1183 2626 999998
984 2627 1000000
714 2628 999991
1421 2629 999991
1106 2630 999999
89 2631 999990
2226 2632 999991
192 2633 999995
2302 2634 999997
1886 2635 999991
306 2636 999993
2058 2637 999991
826 2638 999997
1809 2639 1000000
1914 2640 999992
2172 2641 999995
336 2642 999991
2302 2643 999999
1339 2644 999998
333 2645 999992
148 2646 1000000
5 2647 999992
2600 2648 999993
545 2649 999993
875 2650 999994
2073 2651 999990
2045 2652 999999
1774 2653 999991
291 2654 999991
2064 2655 999990
1065 2656 999999
2139 2657 999991
1526 2658 999997
1879 2659 999991
1552 2660 999993
2478 2661 999993
2111 2662 999994
2548 2663 999999
1699 2664 999996
820 2665 999991
1243 2666 999993
2551 2667 999998
47 2668 999990
2337 2669 999991
1197 2670 999993
2531 2671 1000000
1981 2672 999997
1076 2673 999998
1169 2674 999994
1862 2675 999996
1393 2676 999995
1721 2677 999991
2600 2678 999990
2321 2679 999992
1803 2680 999990
447 2681 999991
2396 2682 999991
2639 2683 999995
287 2684 999997
341 2685 999990
2063 2686 999990
520 2687 999993
1697 2688 999992
81 2689 999993
1762 2690 999998
210 2691 999996
2532 2692 999996
2061 2693 999996
2567 2694 999990
720 2695 999994
1900 2696 1000000
1167 2697 999998
512 2698 999995
103 2699 999996
2118 2700 1000000
22 2701 999998
9 2702 999996
2392 2703 999996
1420 2704 999994
1683 2705 999994
410 2706 1000000
294 2707 999994
2171 2708 1000000
507 2709 999996
655 2710 999990
1301 2711 999996
237 2712 999995
1183 2713 999999
2225 2714 999998
1348 2715 999990
2261 2716 1000000
2562 2717 999999
1348 2718 999998
1159 2719 999991
2266 2720 999994
1578 2721 999997
2524 2722 999996
2343 2723 999999
1723 2724 999998
1364 2725 999999
670 2726 999999
418 2727 999993
521 2728 999992
1468 2729 999999
2101 2730 999991
341 2731 999999
586 2732 999996
462 2733 999998
2107 2734 999994
280 2735 999998
882 2736 999999
4 2737 999994
695 2738 999995
2571 2739 999992
1366 2740 999997
1937 2741 999999
2140 2742 999993
559 2743 999995
1249 2744 1000000
1670 2745 999993
242 2746 999993
1300 2747 999992
2363 2748 999996
2012 2749 999990
2146 2750 999999
754 2751 1000000
1056 2752 999991
1749 2753 1000000
236 2754 999998
715 2755 999990
845 2756 999999
126 2757 999993
527 2758 999992
901 2759 999993
294 2760 999993
2326 2761 999994
1561 2762 1000000
2584 2763 999999
921 2764 999990
2132 2765 999996
2662 2766 999991
1704 2767 999997
2588 2768 999997
2746 2769 999993
1291 2770 999992
1037 2771 999991
1529 2772 999990
1575 2773 999993
898 2774 999996
2194 2775 999997
2675 2776 999995
2122 2777 999995
948 2778 999990
828 2779 999995
253 2780 999999
2004 2781 999994
1881 2782 999996
2283 2783 1000000
512 2784 999997
2040 2785 999993
107 2786 999994
2731 2787 999991
2213 2788 999990
1133 2789 999997
445 2790 999993
1440 2791 999998
1776 2792 999995
2232 2793 999992
2486 2794 999991
1907 2795 999993
1297 2796 999995
520 2797 999993
1987 2798 1000000
843 2799 1000000
2469 2800 999995
1491 2801 999990
795 2802 999991
303 2803 999998
1402 2804 999996
2574 2805 999994
2686 2806 999997
864 2807 999999
1711 2808 999991
1512 2809 999991
819 2810 999991
926 2811 999999
2190 2812 999995
2075 2813 999995
2584 2814 999999
1212 2815 999994
2564 2816 999991
317 2817 999991
1832 2818 1000000
620 2819 999997
1644 2820 999997
604 2821 999992
1587 2822 999998
724 2823 999997
2434 2824 999998
1014 2825 1000000
533 2826 999994
1417 2827 999994
2787 2828 999997
955 2829 999990
2113 2830 999992
2523 2831 999990
2728 2832 999995
684 2833 999997
1119 2834 999995
147 2835 999992
1543 2836 999998
2746 2837 999999
1997 2838 999995
2439 2839 999995
2138 2840 999993
239 2841 999996
1106 2842 999998
1879 2843 999991
2036 2844 999994
2038 2845 999999
282 2846 999996
1818 2847 999996
2842 2848 999998
1706 2849 999997
795 2850 999993
525 2851 999998
2395 2852 999992
2605 2853 999994
362 2854 999998
1139 2855 1000000
0 2856 999998
1253 2857 999995
1941 2858 999993
2171 2859 999998
1031 2860 999993
164 2861 999999
2331 2862 999992
1588 2863 999992
2260 2864 999992
1831 2865 999991
424 2866 999996
2711 2867 999992
1369 2868 999999
554 2869 1000000
1763 2870 999992
2044 2871 999995
383 2872 1000000
1326 2873 999999
2613 2874 999994
355 2875 1000000
2601 2876 999999
1797 2877 999997
2364 2878 999998
1834 2879 999995
2478 2880 999998
1551 2881 999993
2599 2882 999994
371 2883 1000000
291 2884 999990
295 2885 999991
2481 2886 999990
747 2887 999995
1807 2888 999991
22 2889 1000000
1888 2890 999998
2716 2891 999990
2124 2892 999998
182 2893 999990
2712 2894 999996
2478 2895 999995
354 2896 999997
422 2897 999991
2380 2898 999994
1576 2899 999995
1512 2900 999991
1696 2901 999990
929 2902 999993
1304 2903 1000000
418 2904 999992
2474 2905 999998
1502 2906 999994
2278 2907 999995
2198 2908 1000000
2720 2909 999996
390 2910 999997
160 2911 999991
2667 2912 999996
1640 2913 999999
2274 2914 999999
1887 2915 999996
771 2916 999992
1378 2917 999994
667 2918 999995
280 2919 999994
458 2920 999997
1996 2921 999996
54 2922 999997
214 2923 1000000
739 2924 999998
