cc61ad56a4797fb3f5c9529f73ce6fcedd85669b
1
2735 564 957 70120154311
1060 1713 354392
286 2520 828018
1169 2513 121185
721 2517 326957
380 2371 422326
93 1626 247210
1163 1463 979490
2129 2519 935127
1704 2088 293131
1065 1750 762304
979 1284 251835
786 2684 196442
580 2638 799099
469 2259 601853
1189 2333 731995
52 1052 24687
77 2032 71503
870 907 556379
1272 2100 613748
561 1153 634465
1702 2281 19056
1048 1628 552263
1228 1377 608822
1502 1861 39757
376 656 210217
1620 1784 98397
89 1432 333784
762 2044 895201
1676 2604 381288
269 2590 227887
1136 1334 278863
1645 1968 479840
60 661 903804
120 2207 429566
237 279 682581
1212 2433 729883
691 2118 785432
44 2670 760062
432 906 468259
682 780 980729
713 2143 165134
2107 2145 934550
804 1502 288502
301 1211 800368
2142 2150 683733
1326 1977 610141
760 1001 33677
1122 1876 453961
316 846 910788
915 1266 407390
1835 2389 803368
45 724 706527
2006 2657 747603
691 2526 745300
528 679 793866
994 2408 825248
2198 2272 859104
1420 1749 834158
1759 2141 248
73 2214 628682
429 2533 880231
1859 2410 311628
42 1791 845368
825 2666 496750
1449 2366 839049
1343 1855 290495
811 1504 312978
1161 2388 488817
1799 2231 889670
1978 2258 415180
522 2471 349138
1239 1862 702853
1137 2482 677698
44 536 158633
1648 1950 67139
1273 2258 266676
1047 1630 252291
1250 1420 827390
1045 1150 908852
757 1280 765589
1736 1739 369008
128 552 169318
788 1050 20791
563 2442 126932
1693 2306 168467
99 378 939947
1414 2408 384349
679 1234 935022
421 2128 902360
1680 2699 358668
630 978 970682
1009 2492 83057
804 1546 840267
1211 1547 839225
479 2190 521703
815 1660 153024
442 1223 592157
1204 1918 58773
1699 2463 835706
445 686 84301
483 1481 819488
884 2187 331187
1409 1645 28943
1065 1732 649821
217 1456 213958
606 1860 91354
2356 2510 634946
1399 2332 403783
911 1231 515109
2047 2156 888385
793 1148 847218
253 1005 929716
1015 1315 950837
992 1188 211282
1064 1453 73600
579 1694 568032
211 298 176655
586 2646 610346
164 1526 864717
1265 1739 410903
987 1709 702256
741 1099 638615
2358 2596 983423
2201 2464 161144
782 1471 45107
1122 2236 906648
33 369 784635
8 1318 511861
1440 2675 839770
68 1507 192545
833 2448 294636
850 1302 230225
1908 2045 649286
1200 1969 755284
2127 2429 553786
763 2310 578976
558 2334 597689
901 2174 915271
700 2338 777556
1475 1855 970121
1208 2709 532635
994 2069 793220
617 2705 307110
1125 2417 456647
492 834 208946
678 1206 645508
676 1727 734946
161 449 329699
394 1403 651431
1396 2062 139315
1008 2130 222203
655 1845 926971
1001 1511 885127
1080 1743 593839
2260 2297 775269
1589 2727 53886
1686 1874 909503
1370 2657 960136
1630 2693 337110
674 1183 818797
484 1124 117663
903 1373 681153
2113 2391 681288
390 1068 947996
389 2353 975832
1824 2695 481165
234 1173 290804
202 318 823598
417 1101 881277
237 1644 685970
1398 1458 40343
297 418 719707
1391 1849 814341
1583 2114 12137
1585 2176 92528
494 1637 402989
76 1997 608071
233 2238 987995
865 1715 80319
999 1795 471550
1872 2216 608636
1482 2328 811045
1328 2610 311304
1437 1520 940475
808 2418 606015
354 506 892916
1262 2084 919502
1618 2020 888292
1426 2309 669840
1292 2533 336938
1014 2329 909143
2317 2376 87369
1493 1998 166220
2473 2592 247894
1298 2214 586542
2506 2592 795213
745 1658 925494
145 261 691135
1042 1570 605019
2460 2691 859815
1816 2539 918385
171 2630 523354
834 1510 849645
955 2250 843548
1326 2144 877635
375 2067 603215
2196 2207 259760
932 1732 85894
389 2426 981908
1355 2225 827703
205 805 545399
33 1882 618959
333 636 971244
128 146 126944
1870 2054 536274
450 1222 132981
1284 2719 335607
1994 2036 807495
1225 1717 725400
449 1909 390792
389 1954 902980
2194 2481 509404
136 2250 363167
1053 1916 614503
1516 2252 17281
1476 1934 759681
527 1556 639230
1860 2397 644038
412 2353 858945
517 1313 116043
1528 1969 794705
86 1503 536491
877 1283 382710
65 2216 562047
2209 2514 273140
796 1999 177644
473 1503 933110
771 2447 794645
789 869 946438
1959 2477 843249
887 2578 881913
1217 2435 944376
851 1933 578920
377 1436 111928
366 1466 166424
631 1718 668612
1495 2563 252347
986 2013 978059
2122 2644 224464
989 1124 906118
748 2566 586405
1747 2273 700171
1835 2483 949437
1520 2666 886655
1002 2074 896908
2385 2458 852137
492 2632 149215
1260 1278 320353
167 1643 826776
1106 2345 920807
876 1607 661783
72 898 785103
97 2162 610549
2142 2615 260250
72 601 47018
498 1725 595105
726 1582 734158
207 1757 454379
1996 2133 839548
612 1821 854301
625 1105 443155
353 1776 419409
182 2139 73110
164 1775 223295
423 2565 92275
975 1449 439063
1646 2193 179489
571 833 679345
737 1772 323618
1041 1171 282012
2190 2417 256296
1814 2634 320211
192 993 996372
230 1469 248910
957 1193 73561
1615 2386 112756
369 1932 170111
98 1384 148269
431 1718 318340
1806 2615 130198
1476 2289 68637
794 1520 380750
1584 1960 123290
365 2307 827181
53 2516 932647
464 2552 675221
76 348 382574
2150 2155 741024
470 2695 851930
606 1281 826617
1249 1424 934455
95 2664 86214
1061 1403 565365
1828 2650 761731
233 1589 486412
2101 2394 716458
1491 1923 148729
2400 2564 642254
1873 2618 708774
2039 2497 271176
226 2726 769447
154 1396 364936
715 1232 308705
897 2420 225037
918 952 465989
338 540 904623
881 1325 764282
1762 2513 15641
1594 2326 641881
600 978 785749
1150 2138 226705
53 2176 884928
1362 1532 411947
119 1695 510428
1801 1901 620969
1053 1494 123588
401 1002 545863
1625 1858 942522
330 974 390883
962 2178 818844
6 1672 944824
1076 1164 34486
278 2443 131206
419 1256 568241
1341 2246 81486
785 2496 201320
594 2436 526585
82 2723 530843
388 2607 59096
1365 2252 228092
1165 2527 706886
968 2584 206631
1289 2524 107306
1525 1713 685679
76 724 758873
1274 1552 812435
738 2409 467416
1276 2558 404496
209 2540 566783
1677 2129 536400
1512 2411 404537
38 1271 616448
1014 1293 674343
79 2454 561023
897 982 981732
2308 2401 615602
1180 2005 755107
550 608 528692
1739 2535 212917
1436 2559 645291
1479 2687 552296
1952 2683 832822
282 910 955593
334 1710 238274
383 1224 876745
1211 1535 26108
1123 1994 990333
1309 2497 164961
2160 2681 796735
393 2647 326641
1147 2141 188274
128 249 29697
211 2582 489379
1637 2575 167152
1499 1787 773900
998 2076 235953
687 1011 935666
636 1599 473031
344 789 885678
1773 2358 450128
211 575 827976
1909 2540 165496
1896 1991 486398
222 614 335566
218 1201 878245
2067 2342 743091
325 1241 379367
2311 2401 136879
2132 2271 163050
463 813 493661
530 942 368274
2507 2674 462471
573 1273 850332
198 1840 726860
613 1550 766763
1356 2250 574398
753 1135 952928
105 227 662984
2476 2560 499362
694 1175 581132
808 1759 14525
539 1627 992651
441 956 991718
285 376 923006
2041 2278 478429
591 1636 380097
25 66 206699
415 826 284783
520 944 630859
411 485 581513
1819 2280 816037
1961 2219 248847
1100 1933 740469
593 2114 296497
307 836 14538
1578 1975 661215
172 713 590827
431 1242 100413
1726 2356 920916
1221 2429 482162
1600 1770 122142
115 368 701664
1214 2404 912956
1501 2012 938990
2015 2726 81505
1114 2659 159488
317 1424 227647
1450 1912 354632
1280 2053 22187
2202 2411 710134
1506 1911 323869
1466 2219 966539
1299 2628 72851
1099 1671 140875
1309 2167 996820
12 883 236177
114 442 411090
793 1129 941628
445 1997 803561
520 1439 149383
595 618 708932
1641 2470 843831
907 1300 510366
2059 2573 451245
143 678 777638
1106 1974 295963
1157 1608 221756
702 1367 55635
1887 2600 24601
248 1320 418491
64 275 578827
540 1222 973021
1020 1080 551837
417 1718 922011
1145 1856 783445
1536 2487 382656
2561 2584 75158
173 1905 809201
1455 1994 750950
1417 2436 288450
1394 1877 357258
228 434 131493
635 2472 291022
331 1615 752253
869 1858 229601
2223 2293 450448
937 2170 594012
277 1050 691547
2232 2526 139619
427 1973 965888
465 1166 634788
1188 2241 766747
511 2227 97917
262 1696 300082
1662 1758 785338
247 1245 940618
162 2078 365564
1777 1850 966614
321 2718 162037
369 1590 848139
1387 1406 886031
675 719 683855
658 2514 707564
194 732 688463
477 1392 590152
488 2055 676592
1648 2588 604347
1059 2154 932701
619 1470 923995
206 2286 893631
948 2012 859775
1444 2137 202251
166 2324 455902
871 1403 689588
769 791 468949
2315 2695 779714
202 1304 149127
84 549 113275
787 2651 734751
569 582 655165
671 821 909169
939 1037 362861
312 460 237758
632 818 516426
1570 2310 345110
274 647 388699
1156 1250 312856
54 134 451847
874 2393 347157
108 1734 482371
943 1381 779283
1672 1679 852005
58 2132 581421
223 755 154520
701 859 409367
220 1298 997096
1826 2593 821056
898 2090 571837
202 1865 490256
547 1843 546021
786 1941 993233
1831 2283 989770
468 1657 845994
506 2391 935747
1216 2146 411973
959 1150 263493
1257 1769 97106
879 2647 174842
485 980 698085
900 1329 715690
139 1683 81275
1877 1889 661590
1650 2272 642842
562 2325 525284
2195 2710 56022
761 2240 853876
1187 2022 309551
937 1877 847184
1854 1869 794712
882 2494 329218
1372 2429 449107
575 2163 626240
1136 1850 684535
957 1720 591747
400 816 765652
1577 1701 378294
791 2302 316909
141 566 319049
987 1577 557667
1613 1688 814756
1229 2140 54899
105 1751 167865
643 762 825174
156 2426 129074
2002 2701 681031
288 933 613898
329 1853 342305
163 2583 69496
49 1495 719014
272 1358 41733
668 746 761244
0 1674 846526
1062 1881 58897
133 673 851270
1028 2535 600896
1190 2360 407427
1005 2409 506892
109 386 144184
59 269 716265
305 1387 585907
834 1408 259802
260 983 854621
1519 2388 726804
1979 2266 366319
1190 1237 422402
1650 2666 394884
359 1807 461282
25 2588 904201
1555 1761 318093
1130 1509 349328
948 1593 783699
1046 1814 700036
620 2300 274756
936 1369 877943
721 1728 431756
634 673 943639
1443 1993 537206
551 2176 607616
1256 1295 884945
462 2182 310507
1430 1537 778992
28 1569 912323
1619 2555 139466
977 2672 854168
1685 2332 455234
705 709 141421
1332 2441 899138
2291 2598 981611
238 2432 610944
1944 2003 672569
249 514 824803
832 2511 943139
906 1993 56062
228 2659 490103
604 1959 417914
1040 1633 261231
740 775 927059
170 2426 754056
555 2000 210425
1822 1835 145649
27 1393 662102
2579 2730 461087
648 1921 820719
1813 1855 732157
97 723 499300
1075 2480 989505
736 2359 432081
218 1971 341978
67 1702 790423
423 2194 255173
207 349 327669
334 1237 810943
326 2204 506767
1343 1374 222101
949 1388 681617
2139 2245 30167
1630 2673 627245
855 1455 380011
1633 2193 259648
174 648 960509
325 1048 675154
21 428 325140
1893 2461 108476
129 1428 846976
831 1212 25252
388 1720 207152
127 819 990820
67 1344 458016
461 1944 596105
594 2314 69615
108 1312 968567
305 1467 927246
1228 2502 902186
310 2188 86292
122 662 558103
122 2066 415599
1614 2704 892721
2033 2440 851382
424 1391 179975
2306 2488 560729
1019 2381 394058
2092 2275 723706
538 2112 699309
1683 2324 604372
1421 1524 447333
1921 2388 688153
1105 1276 380240
120 343 14939
286 1135 16242
1070 2153 543136
119 2708 624026
839 2478 63640
839 2557 878755
1499 2288 913322
1310 1761 143062
641 1527 202666
61 2307 153965
1438 1522 239784
1104 2195 780210
772 2174 20834
1887 2104 443078
473 812 932825
377 1039 625342
1513 2007 898112
447 456 305192
1690 2691 646673
1274 2306 899755
181 2191 630203
2268 2678 27404
1104 2177 557878
1451 2551 388813
1089 1519 418550
47 1136 132336
1115 1500 127101
244 2457 151513
186 1269 242443
276 333 120273
100 2559 78129
1188 1522 789415
263 2632 171396
91 784 283313
1947 2281 79020
2275 2373 816944
379 1779 576860
401 1910 612305
1383 1767 178396
497 1647 35344
745 1707 343041
123 370 961079
1335 1522 513023
1402 2042 777157
844 1782 746133
1461 1986 187369
411 1792 715878
1500 1741 521773
769 1256 465320
641 2117 687472
1288 2031 469557
70 1932 214604
1805 2222 999487
84 639 714838
1020 1462 132705
966 1349 708931
953 2358 751888
392 1788 635175
396 1747 182128
840 2089 625625
11 1160 741187
775 2383 122611
307 563 38140
51 1837 869750
1210 1379 835890
1264 2177 794890
106 2295 885232
241 1423 666978
1473 1982 489513
411 2149 190718
892 1708 869960
547 1565 859786
1031 2670 676390
565 2465 336228
567 1154 951253
232 1279 679291
676 2044 167577
681 1086 599699
31 1986 956854
711 1687 337764
439 499 362341
1914 1973 16994
1720 2568 206496
307 1100 688856
995 2054 73437
136 519 13294
436 2597 464151
1992 2382 383689
1772 2134 63175
2022 2075 250065
1203 1618 753714
10 1691 981198
405 2448 145756
223 2679 124332
1484 1946 381722
1408 2294 656925
278 2181 199429
1697 2365 850461
881 2094 754442
1056 1686 152721
2162 2165 828255
2096 2492 445577
1383 2524 802384
270 2160 665188
37 1642 32567
929 2141 792787
816 1052 286026
1483 1923 845878
425 2458 9998
1119 1765 346658
1601 2188 807978
1549 2072 260164
502 1423 336534
503 811 550175
92 1223 752754
395 1749 555953
751 1364 826547
1868 2301 901427
1444 1962 595896
1607 2320 17280
493 1940 496891
1096 2208 670285
80 1696 703267
361 634 470294
505 1530 765238
494 605 55834
885 2299 528555
1568 1735 853436
2033 2629 922397
799 2586 524619
1925 2066 209500
2585 2688 852123
1460 2483 374878
738 902 769234
1385 1813 836243
301 1614 8383
1213 2147 158294
649 2698 337956
1119 1248 237247
778 2419 155028
470 592 233237
1120 1451 135351
16 2124 335585
1218 2617 468651
113 1313 482461
2043 2445 392517
628 1174 216076
343 1453 598837
579 2226 196707
863 1379 604615
611 2010 908133
1133 1908 662534
1584 2485 335180
864 1370 677051
189 2512 556387
191 1432 25875
1125 2702 871857
282 1375 46430
252 1196 462351
2593 2708 428084
1818 2015 878747
339 954 772338
755 2087 149445
292 551 152930
304 2347 580806
2026 2146 537401
1450 2643 651377
604 1531 699961
1103 1576 641378
1168 2362 608055
111 1082 123282
2063 2376 307959
2059 2688 837453
2074 2504 352947
1910 2064 801210
187 2219 607291
229 689 706265
754 2376 407606
868 1057 54540
172 1876 129222
506 1422 385932
281 1183 564362
481 688 250684
1227 2212 605373
2591 2720 161754
1410 1744 441403
413 1244 881426
1864 2328 765156
527 1480 577133
966 1724 580569
15 1991 188198
1355 1857 82723
1993 2531 255453
1197 1811 939956
600 708 690789
1116 1619 859333
424 1805 94520
1806 2368 255006
1181 1823 112394
641 2659 215924
135 2082 694522
440 1279 538732
893 2600 569445
2040 2173 793086
653 2113 230741
405 930 525237
305 2432 925207
5 1616 264210
20 195 543723
1217 1970 531792
1320 2430 529684
148 1195 811075
1506 2260 793166
74 2188 695578
2389 2423 326943
156 312 461379
214 239 386566
2186 2603 849581
1135 2632 716560
475 1456 60009
225 1280 917706
647 2290 840682
1139 1317 223441
672 2248 885931
963 2395 789125
623 1163 740720
714 1731 351260
928 2152 146980
430 2686 506322
1583 1839 37985
1606 1701 297534
398 970 857999
1181 1351 50496
2120 2166 944995
1074 2536 882967
425 2544 954761
491 1706 294991
1370 1851 203740
750 1185 470935
578 1364 116818
1072 2226 492721
570 857 672245
1093 2308 495938
694 2060 26508
1398 1476 857865
277 1566 32216
182 2221 717549
435 2067 767290
1535 1680 257134
1021 2435 483698
578 1757 473470
491 2242 356418
160 2580 538537
2196 2594 690545
624 1730 769071
94 111 474091
208 1153 758578
299 745 968581
664 1893 668362
194 1999 100191
523 2611 755894
271 2536 382755
1442 1511 870382
473 2474 554089
463 2336 772436
875 2038 169661
890 2658 344712
1609 2396 800056
1668 2225 523098
195 1008 146186
1231 1579 366234
882 2537 256730
965 1022 451980
1482 1785 181508
1769 2340 368632
974 2028 836289
706 863 374685
15 1937 58725
1978 2077 398790
747 880 459457
298 2627 442420
219 1447 202920
872 2517 746298
1569 2346 984335
124 2552 457896
545 2475 107854
1431 2085 685343
360 2310 882755
718 1473 872260
777 1499 885397
403 1714 422032
357 552 418838
2095 2154 679363
1576 1904 248578
1062 1362 266040
1435 1491 790756
581 2366 797652
1734 2476 42712
1181 2368 552152
1726 2007 393451
935 1663 340630
177 2642 48862
512 764 974081
480 1049 854986
1941 2621 6941
678 2077 769053
1034 2725 38037
2009 2452 423042
926 1342 350571
964 2287 923935
1573 1866 861130
139 2655 504248
450 2614 143735
1221 1837 127793
741 1023 604134
377 1946 759152
9 1976 716393
136 581 994913
2034 2517 921539
379 2706 265171
471 1271 355675
385 594 1600
557 583 984972
972 1964 238954
2449 2575 123609
1059 1139 412832
206 2021 119870
696 1987 545952
1907 2074 524833
298 814 828118
147 951 642407
546 1930 977539
368 1737 541412
381 624 345209
102 1808 305962
924 1862 732546
374 2293 592770
26 1916 448544
181 2319 841401
174 767 37680
749 1266 247825
1559 2168 295080
593 1871 920857
127 1604 78143
1516 2709 60119
1297 1868 572780
407 1650 439265
24 30 883462
1062 1324 823307
712 2083 914698
1070 2237 102394
32 859 82683
1688 2354 870039
885 907 144740
2056 2527 2464
2394 2591 576505
1663 2524 247384
1407 2311 687836
243 1049 759327
1033 1572 507451
173 2204 548252
440 1169 239830
215 784 971030
464 2522 215134
2402 2637 544866
233 1503 156153
714 1974 64695
1768 2671 772642
329 2577 63645
156 487 800750
248 1665 667012
2623 2637 214377
373 2128 225265
4 918 698847
2461 2580 874963
813 1807 723254
928 2164 85044
330 758 510584
61 2626 475083
79 362 197167
667 2032 782382
831 2159 192617
947 1425 152996
621 1023 132060
1128 1138 507800
549 1721 98018
221 1788 265258
273 2466 584869
960 1614 775776
525 1664 973014
15 332 493114
787 1176 684374
1565 2482 855779
1588 2290 684792
622 2096 381827
27 2043 626078
950 1837 49586
937 2664 188287
183 2173 800774
805 1416 502219
1801 2519 854285
176 1017 284581
1153 2255 247446
1413 2576 154447
1655 2676 740330
1108 2023 764580
1369 2722 331992
2103 2212 649470
147 584 915310
198 1629 127927
984 1543 454084
125 614 624653
2606 2706 292210
650 709 285855
587 1926 856161
2126 2674 132372
1018 2690 672383
454 1132 652187
93 2200 889676
4 1995 365132
1779 2312 95762
443 2267 938734
611 2086 940593
1662 2004 339666
1052 1686 700120
1267 1276 758556
214 2225 798864
2019 2512 740001
849 2488 901490
1049 1236 914604
903 1258 271673
444 1629 969307
364 1443 943538
75 431 211495
703 2530 922128
87 716 446145
1152 1931 950108
1466 1953 987223
2259 2598 856777
1349 2616 888885
442 2018 426533
1090 2189 510409
154 516 701420
1882 2265 841663
384 2431 640119
1168 1474 476043
278 443 788690
775 2611 985285
1897 2124 399659
785 1948 494765
40 2032 138597
1922 2378 746512
37 2270 955404
1101 2714 938500
2136 2342 525923
868 2578 955533
574 1679 110746
222 2462 809506
256 786 530076
730 2346 589769
890 1801 20740
518 2548 370527
365 2025 533871
697 1100 333236
2452 2545 586732
522 1187 48147
669 2276 622352
279 677 885599
295 830 475879
1116 1384 120536
1373 2275 167621
311 1010 349821
149 936 119610
707 1949 514380
1487 1655 680611
1041 2550 665829
1389 1515 735005
481 2378 139020
112 1236 88853
8 962 766285
454 604 496059
301 1268 99514
1334 2158 48853
443 1021 273680
831 1912 585904
539 1468 948984
563 1254 569777
1926 2504 608105
384 1868 733513
1390 1457 571882
158 2133 563463
1229 1904 480181
662 1705 64519
418 2293 11256
1250 2037 955528
782 2569 622133
572 1761 547100
681 1798 39048
406 1023 962360
258 2060 293641
606 1162 284139
190 1013 273671
1102 1349 119980
104 1354 350197
1027 1613 172427
480 2174 722593
900 1310 567242
141 2577 583967
2231 2475 584069
2320 2456 662788
383 521 895116
725 2076 379278
811 1536 246673
541 1791 491041
898 1660 318716
800 2157 704364
2327 2402 311069
765 989 591274
600 1029 270777
1206 2581 39749
1416 1934 91909
284 343 658005
329 1990 420849
570 2479 900741
1422 1891 675163
569 783 287254
1301 2058 972708
1536 1834 533822
1036 2082 237600
455 1273 765032
744 1627 492583
171 245 151455
1054 2407 782216
1137 2709 721157
252 931 615133
988 1416 88701
526 2243 630906
55 560 337449
696 844 103039
812 1561 894093
71 1566 815885
362 2576 136978
931 1182 52245
1024 1420 869031
16 2639 360780
1202 2286 34690
2081 2129 868795
2244 2318 201668
1115 1204 441906
986 2705 964027
1157 2212 219101
1806 2469 32641
289 769 128302
2052 2678 1281
64 453 616890
1131 2182 73818
3 204 794144
513 1439 656348
1021 2532 12323
892 1948 846703
624 1477 570841
2365 2576 741970
19 2189 129661
228 1000 897409
107 703 174175
85 1733 517296
1586 1784 48699
2103 2648 637493
1617 2533 650726
507 2202 918658
1514 2121 39844
862 2728 783247
23 1129 57559
1252 2583 750422
275 992 525714
2329 2734 116856
23 909 741324
2209 2269 779261
328 713 823984
1860 2330 548281
574 733 720721
273 1278 797002
1133 2179 988731
57 2569 381501
2351 2716 760997
129 720 374928
466 895 319874
538 1581 372818
734 2222 132918
117 819 974311
1191 1963 864294
1688 1973 990248
1367 2001 431976
1324 1696 617639
712 1288 32922
315 2259 881359
107 888 620750
1711 1844 231978
621 1123 945955
153 2291 278909
826 1409 659311
482 1904 174734
138 980 312344
1238 2703 969798
1295 2335 771330
104 387 942897
239 2233 741474
830 1214 686433
1980 2317 369073
53 1397 895539
1913 2281 503549
332 1578 423401
414 2342 415961
127 2396 897590
1375 1424 778229
2116 2708 427033
511 2249 681288
55 2536 745249
560 693 839785
1165 1945 296974
1682 2151 332158
1633 2052 336856
1384 2332 436939
1336 2479 366537
239 1083 250540
1692 2415 668677
1380 1448 358174
495 1390 730538
155 948 800247
58 77 832914
688 960 676022
1882 2002 436405
1277 2694 47413
31 1334 117420
240 636 156091
274 2494 18960
275 2192 645614
946 1919 534465
693 1032 392101
698 1745 686659
203 1749 589532
502 589 312258
2364 2733 936065
1422 1543 270326
397 2126 797931
1488 1632 396257
1525 2162 329322
316 1629 581749
509 2413 37689
1298 1809 661012
642 1847 937744
132 707 505455
384 1790 902358
83 693 567247
684 1797 747636
1652 2183 78066
2369 2437 3205
141 916 207565
1368 2294 92713
429 2206 788977
1162 1903 798073
27 2113 647112
2161 2527 605012
476 1965 493438
492 729 657048
752 1309 992764
674 2669 482669
44 502 636303
22 253 261499
2271 2664 880871
87 1152 6972
200 2134 172732
1836 1929 280491
804 1240 214219
366 2422 120283
1137 1602 695807
38 2528 192165
957 2216 199274
1270 1492 54970
2128 2395 312882
1665 2111 365271
2122 2349 53641
148 1068 244630
262 319 168916
578 2008 618592
1670 2631 908269
50 1829 545920
1173 2730 275780
50 2694 595603
264 2669 740832
376 2447 266268
1865 1900 56387
1603 1653 963444
785 1075 788524
317 476 702942
1544 2588 627766
1006 1569 985784
496 2522 457310
1609 2166 419598
1247 1508 936674
1270 1580 676745
1050 2331 712196
1750 1795 369221
1747 2078 260078
123 1396 243648
812 1600 517999
610 2279 924141
267 1237 955747
1191 1992 821481
764 2441 41585
104 420 170821
46 635 629295
103 1314 44225
18 808 338080
1913 2541 284954
845 1459 621725
309 2344 950971
1955 2307 498513
889 1080 204559
1172 2511 54429
1808 2343 108470
150 391 667101
720 1737 754389
554 2258 409602
474 2300 540552
346 870 989790
544 1216 164275
380 1669 243327
773 1648 187382
522 1347 613490
1262 2492 671998
776 2083 807145
518 2375 780920
879 1105 322039
1793 1969 719585
425 1929 914231
550 1402 335418
841 2077 205069
261 1272 953879
874 1392 63876
1711 2283 883285
2254 2609 321047
341 1803 542443
1145 1657 599371
2215 2325 545690
2169 2604 924857
889 2085 186174
1338 2089 107818
1081 1952 412807
690 1229 411
43 1816 187905
32 732 189791
1004 2563 129742
309 531 544740
135 1611 394934
262 1760 56717
1828 2698 942421
535 2371 963007
249 505 3506
90 362 871416
1888 2696 571888
821 1662 534617
171 1908 741278
1066 1983 504452
437 1798 57001
70 260 760096
611 1508 642929
1896 1940 252601
1307 2602 598008
2589 2721 320453
1492 1539 688567
322 1666 986369
322 1388 75531
1321 2627 890746
925 1679 273933
933 1130 202280
182 2119 578943
1474 1621 92725
19 762 51361
2181 2420 648347
515 2240 193892
1967 2587 278954
1489 2700 392438
1473 2669 224041
2157 2186 959612
1174 2597 362901
1539 2444 304158
1113 2641 497605
1054 2266 547067
184 1075 625773
1074 1353 193149
1327 2478 52417
565 591 738568
1257 1439 460529
616 1685 917324
1811 1818 560787
259 757 459450
1400 2093 760799
336 1649 328724
1174 1703 443795
692 1098 821980
790 1371 437751
1278 1601 882222
1463 2098 295931
718 1228 378218
85 2589 811196
1360 2717 508553
174 2400 20709
1264 1478 585361
1252 1305 240178
2309 2569 224163
968 2421 821712
796 2645 86770
1297 1624 212449
201 286 59854
656 2065 524187
1267 2000 137758
355 959 480656
2377 2600 211181
245 1333 427912
1076 1457 707867
1171 2197 878730
1209 1972 487539
461 1265 230394
1852 2494 583581
310 1230 202716
351 782 899370
184 1360 896502
1632 2213 342989
931 1916 488596
1190 2326 255145
1601 2649 711013
2374 2402 663813
590 2249 258755
1411 2693 938589
588 1764 77904
159 1056 902738
924 1366 738491
2266 2698 736513
1497 2615 85922
1108 2589 143984
518 1326 283218
699 2460 370405
2016 2425 861225
1047 2027 473937
1169 1924 473373
707 2686 710698
222 644 303509
426 2027 7062
923 1934 813429
1291 1729 533251
438 1044 156727
1713 1956 168211
966 2298 54709
904 2685 237045
242 675 678851
1067 1397 179663
1948 2654 462008
67 1596 920471
1078 2093 860366
1538 1978 787969
1404 2088 170783
500 1765 790482
77 2518 842191
101 2551 982804
1364 2121 986569
773 1784 148258
99 2229 170145
218 1703 684707
83 676 360409
689 2168 463315
526 1317 319807
1055 1737 796541
567 1744 512564
1267 1639 925765
313 866 625543
553 1691 549921
1763 2186 372927
14 1553 887336
1873 2386 683256
796 1645 40963
324 1128 405796
515 1291 794816
121 525 733299
675 1729 554437
176 915 115597
351 1548 731873
871 1518 522876
1543 1742 266366
1441 2184 975719
996 1412 245939
1551 1952 467257
1793 2534 555638
868 2352 365345
216 1291 926575
472 2264 197042
534 1909 743207
96 1971 286442
1611 1899 928991
1589 1754 191183
1418 2440 26301
1340 2435 888885
113 2455 133473
1378 2551 537245
157 1008 411542
304 2245 700728
69 227 578981
1529 2013 443465
1147 1943 201603
2119 2140 862440
34 820 537450
922 2497 584738
459 992 702981
1401 2117 593982
1734 1783 124676
322 2330 655770
7 2343 821712
434 1099 943796
69 633 428312
132 656 555078
2026 2260 256906
2054 2115 159112
805 1959 483102
1741 2436 530329
1183 2660 356492
1265 2234 753656
1535 2438 337374
657 2685 183404
83 2567 22623
906 2206 781316
1029 1159 940403
1061 1794 458873
1218 2653 83136
65 1774 772207
254 1750 666570
893 1507 461530
1226 1257 15517
1112 1754 700862
1121 2440 5475
684 724 523598
1381 2543 80277
1470 2468 97078
113 976 350094
418 450 882932
801 2434 933948
56 2422 352993
1317 2398 449391
1240 2498 62222
1834 1951 38036
1011 1103 210953
1323 2634 525499
282 861 626623
1915 1985 414483
1117 2022 351739
1232 2078 728376
1433 2273 622605
223 1351 94435
990 2515 498054
439 1880 370368
1199 1493 41183
626 2591 265501
748 2681 981049
381 1755 318078
614 1618 856511
180 466 721869
603 1735 37479
809 2233 92462
654 2130 742808
1646 2346 767921
521 1446 494630
410 2327 54753
1729 2211 616440
204 1845 407801
967 1786 264587
1220 2231 155446
68 1081 848719
2068 2167 559496
1440 2479 445615
2025 2715 926498
2323 2461 339822
2253 2651 597169
220 985 581869
119 1319 24105
1293 2194 522761
619 1640 105082
2042 2686 4321
1096 1318 815265
1010 1204 419829
881 1421 806236
1929 2356 947369
1205 2519 784310
1526 1879 158825
1314 1869 428544
2418 2503 874984
2321 2732 439456
1140 1347 469889
844 2732 249795
1786 2284 162686
1003 1724 831918
1565 1875 569334
299 1894 499122
2486 2706 46864
1215 1246 777278
1118 1988 135910
2061 2425 281614
1243 2465 24390
2148 2386 108673
11 1199 273810
334 2020 161353
178 392 790727
388 620 882108
505 983 546266
2050 2396 336263
607 2324 897150
557 2171 659585
1551 2023 125635
2272 2512 917149
1779 2012 825880
177 1391 104954
1819 2151 831793
99 1808 886485
1117 2416 119107
1977 2732 671198
382 849 556332
2044 2220 389352
2122 2559 766704
1745 2485 413369
467 2640 765151
363 1776 714049
1715 2325 539026
1162 1651 708200
208 953 372371
619 1344 429504
2475 2731 351964
860 1357 36314
1689 2161 102264
1354 2587 56436
464 1331 468615
111 2007 833872
1609 1675 687325
1042 1275 425631
24 422 757193
1073 1091 719004
332 1359 597042
1987 2137 427574
165 541 119133
1069 1418 775589
691 2095 845068
997 1641 816990
214 1434 296577
2015 2424 244449
2286 2515 636257
458 1335 467056
427 1667 497267
789 1297 489818
48 68 630919
2719 2729 929397
2200 2251 542835
1853 2172 6185
192 210 775993
185 586 849193
572 1622 674053
488 2703 657277
1477 2564 990161
1427 2442 292859
977 1900 997867
797 1103 463189
1177 1773 138639
265 365 554827
582 1299 426350
460 2547 790657
1519 2010 409104
573 1352 237227
1001 2592 571093
230 2493 223140
942 2359 721047
714 2160 94495
1220 2473 782379
173 486 115060
777 2203 32455
962 2305 262620
250 889 883901
445 1117 900536
347 2245 243941
702 2595 451659
1741 2677 719513
1386 1652 855817
2037 2151 95002
1486 2581 922119
0 304 864273
813 2296 167697
198 1304 577327
498 877 463578
1020 1371 851701
1302 1412 584270
490 1841 716880
541 2478 399940
1019 2545 921372
1230 1311 37519
806 2571 352585
880 2490 936180
985 1665 143835
40 2157 494837
2349 2543 646411
911 2173 250828
1060 2705 802571
942 1545 687155
350 1551 97319
1912 2029 706080
31 255 732039
1 1350 926607
471 1073 989265
1595 2071 206583
118 1178 547115
1395 1845 322782
1053 1765 965534
2205 2715 284488
685 1221 8662
2647 2702 797963
129 537 191621
268 296 639678
696 1087 171880
1222 2051 721744
115 1042 597474
477 1453 143540
1407 2246 1796
21 1107 697466
213 456 213358
2315 2707 742265
679 2278 975759
784 2383 18537
874 2593 648711
190 1944 253901
1068 1450 353198
669 1063 752717
2120 2581 634414
915 2282 802593
94 802 930379
774 1525 122410
840 1097 470531
712 914 464027
148 2000 356369
391 489 16148
2023 2239 621579
2345 2521 105103
126 1463 697643
768 2010 171571
1255 1605 727914
950 2611 530182
2410 2447 379848
2042 2427 199424
1592 1678 321065
269 2171 478778
321 2103 715289
1151 1345 840581
226 1302 641968
1615 1886 600855
1716 1933 557777
1307 2058 383393
1293 1863 141452
501 1999 110140
1143 1460 521507
527 2334 287233
919 1568 744682
398 946 461431
1234 1337 724808
875 2550 744743
839 2102 356122
395 2570 467660
1166 1295 484662
1063 2500 479527
2631 2668 600268
217 717 460463
780 1996 817513
335 1046 975716
183 2228 787541
1279 2344 668036
402 1414 288925
1213 2073 730135
1421 2613 760491
958 2240 903013
558 1481 206865
199 1139 87816
1346 1716 774116
316 866 246044
1742 1825 859141
756 1464 114450
719 2200 685755
972 1185 370724
670 2206 556604
1966 2425 632739
1094 1905 550027
341 1447 905772
905 2320 417978
2142 2525 417657
599 2140 487889
215 2106 381459
607 728 594503
1324 2390 396837
1296 2146 608685
479 961 524524
159 533 499882
65 2284 924747
1035 2486 258017
2131 2420 782075
413 2085 681071
2522 2712 528352
856 2712 670672
613 1706 544246
366 735 609633
155 1185 114090
873 1676 420864
309 2688 588869
1149 1992 680015
896 2149 98243
1659 1905 798296
780 2456 819522
1325 2667 75914
1318 2099 281750
2053 2399 933346
2529 2633 883129
645 2115 266085
2049 2684 939744
457 1791 835273
312 2605 788585
469 807 124276
302 401 365295
1623 2334 275804
1240 1362 365312
476 980 923533
266 706 402278
1339 2578 213193
217 1817 100514
1637 1846 701257
665 2405 351159
719 1026 546722
451 1149 443298
1157 2343 261059
294 1996 823783
94 1631 222171
875 2117 523590
1212 2651 956375
11 1412 227661
1386 1866 290633
470 1893 174855
580 2357 83940
1216 1888 318610
1019 2418 372580
659 1818 840974
1010 1495 663818
43 123 408049
1452 2143 937349
194 2079 698936
1576 2553 89644
657 2625 552312
1488 2218 747368
2467 2613 54035
273 912 883887
1481 2300 285125
29 2470 580203
634 2715 644062
371 2112 248889
871 1910 388042
448 1347 82060
1241 2226 884684
559 1521 145522
8 1838 978825
10 1526 805871
1145 1940 521665
371 1816 865413
1591 2271 265496
902 2372 915733
1598 2603 576210
900 1207 395679
2308 2670 591710
721 1788 745254
106 1917 974921
878 1778 543983
321 1768 821715
1566 2464 468775
40 1638 456671
208 971 841380
458 2363 277507
560 739 680004
1599 1756 998016
2580 2690 713650
542 1974 222347
319 2105 465927
97 2526 647818
2182 2223 544332
70 2509 188762
351 530 106974
1898 2564 115085
353 858 195947
755 2571 718705
23 2147 228952
133 2662 216267
2305 2394 572357
817 2712 222499
1575 1834 123624
381 579 477625
525 2687 190294
731 2590 221013
181 2730 848352
131 2513 952764
660 1507 19546
1658 2652 291199
810 2373 497143
387 1719 600813
827 2257 83472
167 189 210024
1988 2476 595843
1209 1287 519829
41 1264 373816
1484 2316 192941
428 1348 50751
597 1586 506545
385 891 141909
13 133 207354
237 657 582342
1670 1867 954158
449 635 121132
743 833 985230
293 1339 344277
732 1789 54381
466 1578 684611
1191 2351 797244
1061 1768 456844
1253 2577 952704
341 2472 396514
997 1745 575140
644 1967 172845
607 1423 674346
2389 2502 795988
1286 1923 147325
360 422 768667
1415 2414 877091
927 2227 567847
954 1795 328334
1780 1887 272412
150 2133 97297
1206 2665 918055
819 1063 413040
2138 2728 641943
681 1425 163856
2626 2678 336166
965 2227 952653
480 2711 32086
2384 2555 679467
779 2284 164215
709 1328 57124
1262 1515 307525
1218 1539 650143
1165 1474 487726
2191 2337 492034
792 1407 506928
849 2733 413662
1287 1810 964513
859 2511 855433
1078 1259 973640
2059 2345 685257
822 2207 833961
38 903 738732
777 1451 694175
746 1699 507125
1556 1927 643361
1011 1853 201585
1388 1886 995047
1419 2626 519271
1726 2097 471013
93 380 107757
340 1516 962230
414 2011 642839
1670 2352 378132
794 2109 906123
556 2163 838084
84 570 338416
152 417 421007
2089 2264 865925
399 1570 687274
79 705 439950
1164 1847 125175
320 673 415464
897 2068 574116
180 387 693886
494 2641 41201
1184 2005 640916
2349 2620 627408
167 1605 568641
122 1684 845093
0 2161 777209
144 187 532653
462 2624 298248
261 2002 642938
42 2180 990363
290 1352 849500
1627 2405 151033
1379 2493 911260
4 1701 750991
870 1976 379618
1307 2369 62504
1985 2612 244214
58 1534 634939
392 2419 129827
235 2025 580510
1186 1284 270072
139 672 997721
1493 2115 87464
986 1179 635925
632 1217 899281
414 946 318196
252 268 891609
1143 1470 433466
615 1220 728949
413 2063 805416
562 1225 219908
2153 2542 560745
1613 2583 36119
469 1441 553254
1141 1472 214292
115 224 161908
977 1906 603632
1465 2132 154733
1523 2357 636185
2501 2702 946972
169 1903 496054
700 2196 314130
63 155 605830
72 1976 782613
1553 2700 594725
548 1014 145528
926 1315 189997
1354 1902 39942
2367 2483 970041
2409 2661 5016
1 2640 593605
1541 2417 872710
1104 1740 930929
1820 2646 779962
323 2355 567908
1511 1584 564512
1285 1977 307341
353 1398 749817
184 899 160261
1043 1402 78607
1076 2322 930129
1168 1306 341635
1653 2657 701251
1732 2378 711490
391 1780 115391
62 1207 31766
960 2713 629211
2033 2283 333401
1652 2351 88160
662 2405 193796
1885 2411 24814
1152 1186 998437
151 995 501179
1780 2635 995055
2037 2489 92412
1241 1485 426731
928 2633 43740
1230 1672 682829
1251 1928 203049
973 1946 312225
652 1351 381326
132 2608 433636
458 842 26043
1158 1939 670191
2014 2138 394145
2446 2455 616142
663 1173 976601
884 2278 257200
1635 1957 960484
2434 2549 801910
738 824 677901
1215 2431 212910
131 2616 734827
1054 2152 637657
1108 2689 625283
791 2107 547304
33 1261 972618
761 2574 218758
317 1095 933127
1492 1574 828943
530 627 722519
1369 1655 136222
1742 2441 590282
257 2550 219395
1166 1847 740331
747 2318 2068
368 945 333406
28 2070 15834
995 1506 426977
640 2095 344172
1382 2543 811892
1896 1935 707994
798 1540 347477
1122 2434 779968
1101 1692 827877
356 2456 997178
618 2609 440614
2110 2147 253750
1037 1236 987814
1029 2121 375972
106 1444 348917
1448 2590 981579
883 2071 180625
88 2039 633141
503 576 196259
24 1687 36107
1490 2548 116706
2287 2362 101051
477 1558 662806
1776 2294 189973
668 1192 793143
283 987 577333
110 1460 643060
385 1930 841499
2102 2262 576271
10 2450 804247
564 1125 943525
700 1288 781791
1142 2167 863372
260 1038 946115
137 467 397717
1143 2185 569335
2408 2538 251952
1415 2081 370319
1714 2428 334063
1180 2556 669450
1983 2189 171747
427 521 354181
794 878 546786
229 981 338448
1198 1304 957354
688 854 381342
2048 2490 40864
212 2428 373078
253 1454 795569
372 2020 505990
268 1820 823706
920 2114 844471
1491 2609 409602
879 2263 532571
586 702 507716
456 1926 475811
741 2256 325131
559 1680 449709
608 2304 700055
561 829 6747
558 1936 200220
1096 2163 982399
799 1073 965897
547 1928 995442
2177 2217 148582
1363 1386 752324
2636 2646 785430
2175 2598 797453
303 1759 94588
647 1560 38178
1540 2442 472378
490 1735 383140
378 1983 920021
1308 2472 560818
447 1367 445492
423 1345 115070
1 134 517319
1464 1715 301565
1321 2247 364101
609 2112 702456
22 613 410125
287 325 972672
422 1833 899694
55 327 523838
1315 1938 53954
1123 2125 55464
648 2277 931701
843 1372 849936
131 168 669476
1067 1079 475415
490 817 656160
478 1065 628478
581 1892 210577
593 1817 432797
880 1316 369271
179 1829 729772
491 2422 287116
968 2039 627582
201 1746 877638
1358 2464 595406
539 2674 144632
1405 1641 976114
727 2640 601880
1612 2068 389932
1133 2563 599387
1815 2502 709984
863 1557 395260
569 1127 290783
1252 1383 871644
175 2016 935713
120 1025 857028
1059 1517 916434
770 1691 988998
1582 2058 313667
878 2233 990721
206 1425 608577
186 1889 609602
511 1219 980355
703 2694 982984
545 991 758972
1793 2603 64096
2119 2491 705681
876 2018 680239
150 2622 639333
1235 1752 958478
1842 2485 539919
743 2076 407247
917 2081 38445
1704 2682 786654
759 2504 230482
1223 2410 135427
359 1178 237978
1658 2071 489284
481 886 382879
1487 2724 789608
1498 1819 174148
367 1200 441110
1339 2149 860654
310 1282 681947
1313 1829 477715
36 2223 993802
1441 1597 210858
186 2257 188285
1586 1716 79490
1549 1699 274490
116 1047 381039
1571 2662 615794
1706 2024 115615
596 2653 259683
189 300 378186
1984 1997 291548
746 2030 623432
1392 2341 98976
183 2326 360444
130 416 738404
817 1661 273198
553 1146 535283
658 883 582647
89 1812 454194
462 1873 806741
540 902 658493
336 2733 304094
684 2555 383407
1140 2093 401938
195 1033 555521
1787 2365 123401
403 646 859914
1484 2419 192203
722 864 623460
454 1556 759102
1698 2098 917103
398 1371 221114
921 2137 140335
210 695 343673
1567 1876 654225
352 725 415018
584 1605 515595
358 1044 23716
524 2570 657952
1477 1883 371832
379 504 193219
1266 1537 898207
180 1920 594451
435 2150 107538
463 2604 279045
546 956 884601
215 1744 880288
953 2350 22779
1199 1330 394785
1051 1483 533492
164 1215 336574
434 508 737668
1030 1889 315208
574 588 250500
820 2249 239273
438 532 827668
1754 2728 379533
884 2098 564432
2193 2599 106462
323 1939 13729
562 2303 18727
404 2224 626159
1478 1642 120282
1129 2348 20084
177 706 848300
1343 1582 77740
545 1664 107678
1071 1966 291753
680 1757 35991
37 877 846147
2139 2380 199981
140 644 815084
32 246 701123
705 766 498145
655 924 175884
1449 2060 932860
2047 2428 587502
1180 2540 811430
598 1344 840193
39 1172 620651
299 1869 552502
2587 2692 24358
404 2457 473813
342 983 21147
885 2053 897630
245 1957 299939
429 1170 652561
1111 1702 231234
1378 2656 738314
911 1958 428564
1711 2700 203844
1147 1611 279718
608 1033 787006
1178 2452 204770
997 2453 184570
2370 2726 394658
950 1673 291490
283 683 677989
460 559 882054
2191 2432 72351
2458 2597 238656
1903 1917 173866
81 747 675385
876 1942 901467
1167 2488 809476
85 557 328688
1989 2243 620327
1577 2313 184485
479 799 860859
1724 2252 66981
823 916 808105
529 1056 670877
69 1769 208980
772 935 504429
498 916 447317
159 1798 843064
1748 2514 783329
1058 1683 607899
742 1408 368392
1299 2413 894394
1915 2292 863830
1294 2181 54326
42 551 729180
236 2052 270267
1880 2523 996041
1213 2465 515637
935 1753 789169
591 1687 925730
107 503 450160
1498 1562 103683
1657 1966 509992
1381 2723 294956
1772 1811 251173
147 1207 977147
1830 2535 88162
772 2199 889317
842 2470 479845
882 2575 235820
913 1634 705029
1149 1274 123564
1781 2171 393740
1890 2018 968341
955 1119 75447
1502 2723 404403
1681 2305 534874
142 655 975913
1041 1445 445024
409 1938 146365
848 955 267504
2572 2616 478732
575 1155 918252
440 2554 237726
1355 2631 475027
910 2505 412628
1906 2693 916422
864 1034 312574
248 1533 377448
565 2680 321545
1928 2552 150878
776 2046 650646
672 2290 773494
204 669 875301
281 1704 915683
1232 2457 716912
549 1127 548454
568 1271 686548
989 1287 265929
230 2641 813354
1482 1685 533638
781 2120 931253
1850 2168 466692
629 869 524723
835 1457 174337
78 2368 206806
1094 1722 504587
452 985 57421
234 2035 990760
894 1906 150459
710 1967 612821
1553 1821 206601
1549 2490 848363
1037 2329 375575
602 788 435102
1358 1913 560653
1110 1242 435360
16 488 5648
405 761 237155
1320 1414 664785
1487 2107 300475
1428 1587 368127
510 1335 214753
1067 1985 693660
1328 1858 773780
421 2359 733037
959 1988 169881
795 1619 943627
1002 1878 382628
1932 2230 518359
330 2455 977551
1804 2482 930315
485 969 584199
21 1325 568939
620 1233 943942
43 408 167770
585 1714 745018
1319 2285 552520
2017 2083 70277
1270 2005 333513
1321 2691 773278
838 893 898945
748 1440 572884
89 1957 777468
314 1703 448691
234 2243 656666
435 803 811711
802 2546 648359
1314 1357 199005
1263 1917 206665
1078 2088 516113
845 2690 960338
2373 2548 982818
1865 2080 884534
773 852 225626
337 2473 421270
577 1663 763050
1418 2027 469114
383 1537 610602
1141 2126 732830
692 1632 523069
912 1429 745123
974 2333 94355
941 2190 963494
2633 2684 453576
220 934 130926
561 1235 532521
333 1583 430527
892 1880 63191
1646 2697 899787
1046 2413 161605
5 1163 649736
580 912 675228
553 632 920605
1766 2366 48637
1432 1971 188918
890 1357 838246
1234 1678 576503
526 1085 512110
404 2703 611404
2264 2515 439722
1575 2057 69599
35 226 692530
552 1319 186659
1303 2627 649662
1290 2401 165710
668 1124 668073
1448 1939 627939
1813 2184 818904
324 1700 842093
50 1981 916788
134 283 236807
918 2047 430482
1436 2379 908504
386 1387 285876
2339 2383 448797
135 446 657321
1848 2063 106015
1376 1991 784399
207 1390 880131
336 1245 640569
1820 2387 788608
1443 2584 910571
323 1941 406187
1225 2309 170498
1134 1164 196462
251 2352 815217
1866 2257 98391
692 2153 307366
1245 2662 199564
842 1505 501706
105 1272 939933
821 1888 752488
543 2400 373042
1361 2311 724965
439 626 911139
610 933 335021
371 1144 23718
520 913 385903
872 1048 755747
582 1126 13566
196 471 642532
1016 2448 431832
1077 1987 78824
720 2451 612868
926 994 522135
1786 2357 565140
2486 2570 106831
197 2549 132618
306 2166 168860
1109 1140 708887
1074 1575 378567
172 2562 115902
17 1116 504453
1127 1723 608792
2184 2439 691408
1397 2235 965360
2210 2344 463316
2091 2330 998094
2353 2637 104191
872 908 698001
2016 2246 294587
1564 2154 160885
1758 2108 152888
1214 1821 925877
743 1542 974818
5 1345 119690
1322 2026 120242
866 1200 651601
497 1456 497185
60 1360 100234
1568 1773 819190
447 847 383357
319 1044 404096
1242 2143 109687
1664 2484 372256
227 1610 894066
308 621 157310
1607 2274 446674
2499 2681 706396
940 1373 210380
830 2613 142023
584 2459 177441
64 725 322217
192 1515 692232
467 910 726972
618 2096 533226
1483 1676 349529
190 2291 334087
1464 2043 855023
658 867 629238
1060 2406 346703
1447 2371 851657
956 1128 927075
279 2204 309583
588 1455 566271
1807 1895 776370
637 1478 897871
573 1496 509569
416 2222 741680
1378 2634 162953
277 1832 256412
386 820 598044
776 1758 147773
176 2102 829235
193 2493 639330
61 1712 759471
25 1171 244303
704 2391 418363
1886 2135 192046
674 1012 603982
201 2287 404964
231 1409 800525
2134 2317 452351
550 1563 480589
1787 2495 653323
280 2545 154358
689 837 703940
1094 1415 62339
788 1028 331749
424 2361 666597
787 1372 29855
87 324 120968
845 1540 820837
497 2571 513261
359 651 898980
638 1028 925750
1828 2013 387088
416 840 869824
828 1900 706202
438 2685 871082
764 2328 547454
1007 1642 874677
1130 2124 842680
694 1599 503492
816 1862 72726
22 2261 629122
626 2663 222249
187 428 425890
108 1986 186197
515 1884 335809
793 1508 304072
2214 2369 786729
1375 2601 256071
572 2460 166383
913 2327 610468
965 1660 937724
1800 2152 604556
2123 2362 239592
954 1172 412669
421 2508 699138
345 1005 157396
19 938 165292
1081 1092 490564
826 2549 810787
538 2082 590627
853 1106 324509
1034 1915 702430
1070 1209 881419
210 978 734861
546 666 133054
188 1921 503585
1310 1654 474854
1428 2315 803194
610 2653 411445
1194 1500 495254
403 1235 276449
1084 1817 458915
360 1738 936265
1653 2687 849397
281 1554 15343
461 1771 117202
1186 2392 833316
291 1187 802731
1930 2412 530113
1231 1938 548326
2273 2333 818897
1498 2209 247830
1352 1617 218892
2066 2318 791948
2403 2431 13886
2195 2202 601671
2 395 999879
1088 1805 579334
2130 2719 8635
1617 1827 665534
274 2619 214697
1796 1814 266664
1115 1656 283001
28 229 119666
757 1600 271983
802 1678 912981
936 1692 765708
718 1802 142342
378 433 892371
567 1488 467398
154 2395 985641
60 972 409876
