cc61ad56a4797fb3f5c9529f73ce6fcedd85669b
1
2918 187 2087 738915176852
1226 1718 291705
116 2757 812446
760 1197 171209
1068 1399 51363
343 2150 409103
2070 2852 828658
306 362 219356
734 1347 931996
745 2239 406396
1928 2622 770421
2523 2873 348176
1742 2111 161736
569 1672 747226
95 1956 443434
670 1438 745560
1216 2101 247532
1270 2776 603399
338 387 997162
860 2597 780232
535 2720 994496
1707 2484 46368
1260 1318 839836
861 1502 939866
32 1410 52975
2053 2440 924999
1453 2354 591102
660 1789 305446
631 840 752661
506 2208 942302
478 2749 811610
1272 1999 79527
283 2052 95551
1614 2702 251401
1123 1691 542353
261 2334 173053
172 814 961646
104 2462 359472
206 2366 983059
1009 2449 405989
1045 1399 363795
1141 2126 944569
1063 2160 252580
1597 2337 997378
518 1148 487060
604 1115 173137
2198 2444 593177
1001 1043 908631
608 2872 455813
1276 2309 545188
1785 2800 999384
2264 2635 569738
1004 2099 510064
917 1729 601504
317 2810 749403
1161 2031 511843
1236 1670 355725
706 1829 875318
802 2587 119981
165 2657 997322
747 1611 537801
1355 2234 359768
994 2086 365866
2673 2683 974347
650 1807 781379
2421 2872 625340
182 1757 591939
174 2647 549205
1137 2251 826058
2263 2607 928086
972 1979 994295
1094 2667 533750
522 867 310048
63 2178 834785
1815 2386 264795
801 2230 24096
150 1134 190265
1787 2221 978711
275 1538 594131
301 1897 996583
2363 2541 393660
405 641 285876
2559 2672 570710
2024 2145 699009
2226 2272 887680
393 1374 654582
777 1631 985581
1187 1818 660356
256 1618 877584
1929 2405 472799
310 2102 75059
1051 1371 522218
1976 2388 880679
322 2629 553073
831 886 683542
508 1457 618639
401 1842 381684
963 2078 38768
530 1175 245460
345 2261 805425
681 1932 29335
1324 1924 829092
159 368 255167
1102 2372 569263
1522 1594 476897
614 2610 862931
1023 2062 904249
2027 2628 519499
1472 2699 151384
995 1716 713995
819 943 15928
328 921 91623
2618 2870 944624
1244 1662 747157
1508 2827 689218
1049 1560 150923
427 1052 748818
2127 2283 701314
1053 2658 165682
871 2738 378333
235 490 803288
1574 2886 837218
847 1005 540721
113 782 372390
553 2309 529038
292 1377 70152
374 2135 906428
881 2042 284499
86 1778 934963
622 758 269063
911 1354 681508
42 2314 850162
420 2125 447989
1888 2327 46391
616 2509 470025
284 1490 699440
988 2097 836728
2605 2715 672240
1752 2686 937886
400 842 20577
221 2764 566223
425 1933 603276
1131 2840 320040
623 2325 173752
477 2223 570113
2412 2627 208617
1459 2312 950590
1055 2172 326473
2480 2493 342405
1990 2667 143269
256 2689 51466
1657 2333 297998
495 2266 469637
431 2693 444832
186 1673 26565
357 1136 335007
601 691 596958
248 1557 544316
1052 2535 401726
368 590 621240
771 854 752862
1534 2852 581856
398 563 357844
120 492 687990
236 625 992516
920 1512 274928
767 2479 601655
734 1705 633305
67 2414 575108
2386 2740 547670
415 1479 236458
323 367 253508
781 2202 391424
763 2338 490748
123 290 108035
20 2351 346808
229 1155 124495
547 1317 847695
1013 1122 617769
1515 2774 191644
957 2626 54265
991 1052 34621
42 2009 914581
80 1579 700471
211 2799 688056
286 1529 449335
934 2326 483153
1895 2403 41779
556 1671 735800
336 511 110895
1896 2071 957819
591 1063 604764
1133 1917 258071
984 1056 391899
2806 2873 746370
1406 2626 790623
637 1589 560421
250 1376 48176
2134 2490 957479
1515 2761 573707
1746 2860 718437
1674 1939 591014
796 2727 808317
974 1396 351826
1723 1915 2122
1769 2080 602618
1542 1656 574186
1200 2012 712520
1080 1979 859386
2199 2511 693607
1050 1901 157859
210 359 993891
331 2671 78734
734 2137 683372
2068 2631 290547
1408 1709 213753
2760 2847 75663
790 1054 492424
196 1194 737204
138 2139 41284
446 2346 439354
64 80 658624
1514 2066 431251
403 1112 938144
355 470 757436
254 1339 854616
690 1887 716880
56 1000 50891
1951 2223 415991
2143 2349 34709
186 2378 560891
743 2790 459940
588 916 238587
1691 2189 501249
302 449 939832
1123 1504 84525
540 769 109324
850 1970 665062
1248 1587 883451
185 2191 187081
350 2876 565090
321 1884 979473
2590 2663 713676
99 2257 45245
35 517 392932
787 1455 338512
288 2541 884484
1 1589 85426
297 1471 48940
1823 2681 58548
788 2024 246414
1282 2200 959793
43 253 37381
502 591 234960
684 2026 822630
1637 1751 30053
1452 1857 610927
1576 1940 148023
134 428 912989
1056 1550 29148
1307 1364 950745
2008 2517 652993
110 479 422738
160 2133 316230
2189 2745 553382
57 683 207174
1163 2588 681593
2109 2672 47732
1061 2138 78633
188 951 45664
1038 1750 469336
1713 2833 825049
229 1773 991656
788 2877 618797
499 1511 538501
1764 2527 127436
1257 1361 99483
659 2689 722187
815 991 749545
576 2203 423492
74 179 357613
456 1984 102746
1229 1640 148031
111 877 229146
422 2666 598586
845 1331 699069
1575 2585 627796
8 562 69386
580 1630 472335
1404 1767 866584
1217 1958 210056
970 2585 588593
505 1076 97005
2379 2861 502803
1525 2908 916300
124 354 213136
1777 2510 337606
463 642 94677
1488 2173 440866
720 1200 627143
20 978 936958
270 2491 673673
675 2793 241760
195 852 848794
624 843 805034
1540 2762 606940
1636 2256 761260
986 1858 332015
508 2131 306324
789 2350 390908
277 383 443328
380 598 507982
1485 2389 140084
366 2804 905690
1651 2728 531495
402 1701 662175
1740 1869 215224
336 1120 697960
715 2663 302910
53 705 692335
300 1496 597820
1247 2261 397596
1807 2495 923956
2018 2726 838186
712 806 669010
283 365 104619
667 2285 19721
482 932 3042
217 1930 155771
875 1159 993294
339 2669 403474
1145 2115 420102
753 2857 367852
2445 2560 220351
2727 2742 694899
1360 2300 472107
1195 2030 702474
2277 2823 889340
2020 2619 364131
2189 2275 587526
470 1539 851309
889 2842 694339
174 2551 794283
1136 1412 60848
515 2617 680032
1329 1868 581652
571 1918 485542
1314 2033 854624
1589 2356 275551
2392 2691 509490
778 1179 810754
1189 1207 977716
1271 2597 833367
1262 1569 285985
1819 2383 970238
230 891 255272
382 693 548648
319 2907 589417
292 1125 621929
2290 2484 627804
1814 2701 659750
10 238 633873
2408 2529 830441
386 1542 232209
1110 2713 427155
2218 2705 22884
857 2637 405745
125 2869 830444
15 1139 603815
1519 2702 159471
1241 1907 830408
1195 1838 999346
1562 2162 800136
1248 1428 714624
2320 2765 611209
215 350 2314
1530 1550 624657
1421 2019 740968
1058 2737 883549
1840 2490 635582
757 2090 313167
1122 2114 256569
914 2651 888130
1649 1837 865913
94 2118 751038
129 1057 158665
887 1721 895303
1014 2704 219401
1245 1958 637392
1225 2571 378477
1428 2269 733453
1909 2004 961118
546 2053 963558
522 2322 792830
129 2888 292039
989 2535 586185
97 783 383188
899 2513 996887
1791 2462 304378
2425 2475 924029
891 1704 319969
1108 2468 720851
1053 2709 659837
130 1349 562513
223 279 335940
1481 1725 614355
871 2675 143610
217 2352 636156
41 1984 996711
171 1885 795190
458 1378 406699
430 1568 14807
999 2837 432424
629 2451 391135
617 1549 563101
1472 1538 253790
759 1646 864275
2361 2484 380019
2537 2656 805167
1366 2746 836206
714 2313 529320
1651 2911 345879
1100 1639 758547
580 2253 271304
372 2732 648026
792 1880 332661
1945 2588 358732
1213 1336 376972
1398 1990 910222
2544 2595 17079
293 594 718318
2098 2722 201855
35 1948 90456
884 942 246090
1552 2656 730913
205 2355 887813
1093 2009 822913
13 2077 955229
1516 1552 673886
655 2523 429990
724 1168 839747
210 2650 472095
63 609 486639
1072 1428 508557
466 1106 677770
1319 2482 415939
2558 2821 937651
173 905 495683
120 923 221300
1255 1587 844351
94 2790 836247
317 634 825144
663 2153 625490
843 2850 23432
1849 1997 422237
1661 1909 258810
1219 1628 131940
180 1063 992279
1186 1488 947416
102 498 888572
584 2169 866528
2483 2607 637222
303 2897 195118
2567 2667 664656
2033 2247 253356
971 1559 778483
2279 2292 263124
163 592 203116
488 879 906015
1225 2004 533308
134 2704 752405
1724 2455 753641
761 1652 679619
1004 2555 565569
226 2317 139
282 676 214078
1292 1911 492949
1228 1231 632005
1291 2690 56292
823 1427 383177
2608 2655 782851
383 2486 118669
1628 2266 581661
1294 1468 349958
330 1454 871276
92 870 444126
275 1069 489738
1070 2796 646165
903 1449 292643
915 2880 262914
2237 2530 633036
5 74 515640
1754 1798 360684
685 2359 469699
176 2105 346840
1633 2493 89874
516 2703 849341
279 1772 6318
1596 2670 218166
249 763 20264
151 386 311486
506 1758 900114
2736 2868 748223
1646 2438 816739
2577 2763 450953
1123 1893 990910
726 1818 734302
272 1880 552204
1333 1962 991146
2045 2499 576645
822 2406 795600
507 1622 806350
573 809 684511
1327 2146 6909
260 1300 363939
1429 2657 640376
708 762 191960
1436 2888 623547
205 2151 110650
665 1544 864120
783 1788 805560
2055 2384 821592
2306 2309 258310
1756 1918 907488
638 2700 102993
1573 2035 193583
2105 2224 353998
1306 1883 881763
611 1393 680812
2133 2540 28956
1179 1724 195688
937 1154 875864
2049 2454 297918
654 1180 703293
148 994 289149
234 892 637494
132 1566 287156
1215 1747 513333
84 800 601224
782 1152 534806
8 1012 87847
164 2755 767268
1234 1654 593239
867 2707 528564
2084 2358 391336
1114 1171 598639
141 2562 146440
1383 2582 181614
1265 1613 578869
351 1696 801982
294 553 959885
1742 2821 449026
1186 1739 441025
1674 1730 219576
62 2855 692264
1050 1883 983316
1198 2312 57200
674 2847 646088
1616 1793 977199
1006 2029 360293
632 1060 491863
261 2625 380443
619 2887 248712
298 2813 739804
209 939 515968
954 1130 339999
1617 2695 740845
1866 2754 875969
441 2881 132963
2401 2409 643013
1393 2235 94825
2278 2879 92796
2149 2854 354222
1258 2473 967104
2639 2909 981017
2044 2643 440410
130 1851 127742
1489 1855 23300
1082 2456 255916
678 2367 952008
657 1059 244131
908 2432 602439
232 1099 389283
2352 2400 274005
1076 1840 790815
1925 2563 735170
372 1664 83473
1741 2454 74740
1369 1470 347175
125 1997 572271
892 2501 982171
849 1398 766391
262 1160 514336
1709 1941 476941
2485 2649 979640
840 2090 593620
232 2891 57634
653 2678 296087
457 832 870001
175 2632 680420
2455 2783 778232
1842 1998 163728
661 2138 473506
1175 1252 246558
76 2387 543902
2860 2916 134011
2408 2716 491319
1176 1298 849760
806 2228 509569
997 1205 953498
65 1344 743023
909 1858 283622
2685 2840 642498
333 683 624118
34 1838 242588
1993 2359 912528
893 1384 79859
389 2565 574870
1714 2876 295201
2787 2885 423584
496 848 804311
2108 2742 622021
1237 2866 290994
435 951 849209
537 707 840742
2007 2372 79952
930 2117 349462
102 1218 454945
2245 2449 302086
590 1494 772997
1851 1975 659240
797 2459 522047
141 2557 22802
546 2552 704118
605 859 996817
1193 1722 883805
1803 2043 984471
543 750 334835
156 2187 723151
382 2301 953702
1774 2550 811538
1847 2347 615059
1816 2591 431601
184 833 68648
1409 2791 841522
1430 2068 208683
27 2529 83417
1367 1500 805651
1905 2581 636955
1958 2077 80084
475 1228 779320
67 2087 811704
1003 2299 641249
661 773 609897
66 302 793748
1879 2250 255435
340 2374 422345
901 1521 530886
1310 1727 396996
442 2205 115745
106 915 963851
810 2247 23306
214 2558 50162
1713 2547 455538
2660 2836 432018
1486 1524 854293
2588 2695 366488
1943 2604 505559
432 2677 851001
1910 2478 652746
855 2905 375747
66 2208 326284
1426 1997 834447
2249 2538 359374
289 1949 635283
863 1182 724335
133 2782 713492
578 1425 463302
380 2186 603896
1136 1637 311295
2620 2848 226873
691 2604 443164
1087 1561 745782
746 1873 667037
954 1153 821668
261 583 452923
482 2195 47713
932 1145 148173
623 2728 629929
475 488 270926
2268 2388 100001
995 1943 34486
139 1900 496465
2680 2831 646532
2366 2669 668527
766 1489 695837
250 1500 677014
964 2139 53582
231 326 472854
1311 2059 881582
2158 2814 785380
1175 2688 168479
664 1060 300530
487 2446 104499
1214 1963 970202
721 1513 312234
1535 2298 525427
2423 2443 325210
525 652 790342
960 2512 992744
761 1387 410459
2627 2688 732274
97 1171 509740
1227 2006 51535
1892 2059 198971
735 2679 954350
840 2326 692159
671 1556 592859
95 992 54842
356 1988 690720
1850 2633 842406
953 1480 238024
935 1602 614413
825 2510 438526
1934 2051 136632
1942 2748 134805
1571 2893 125119
504 919 653025
394 2562 492671
90 660 385538
135 628 126954
115 301 860673
152 160 166201
598 1876 931602
654 1135 516092
1698 1843 920761
830 2502 808465
1951 2435 849162
570 893 365555
140 2462 571656
1099 2348 192490
1560 2487 558639
1789 2036 118560
378 1829 658830
675 2392 87188
1911 2516 358859
508 1469 269608
906 2544 315082
1420 1903 414164
1042 1583 343465
313 941 859197
1233 2863 573538
1732 1896 134752
1316 2185 196756
443 2125 920040
1403 2642 751451
1795 2834 596768
1133 2385 547611
225 2735 951619
607 659 936092
1646 2896 475054
1827 1901 953359
384 2599 332086
993 1434 377839
802 1752 923222
415 1413 817155
136 1041 815425
40 352 639040
432 1995 761686
2409 2508 900171
1179 2192 364018
715 1618 732123
2403 2422 127263
490 1437 467517
542 1463 868073
300 326 224497
1373 2415 841873
1748 1920 874866
1424 1519 768923
692 1177 211347
1301 2498 251778
409 2308 777221
506 2173 688204
237 2687 302517
1391 2794 500280
9 2002 965202
2034 2170 688339
782 1157 29100
1783 2426 296617
115 2319 179896
813 2152 522137
268 643 280944
1250 1474 315458
101 500 703959
1509 2511 526041
177 2614 43674
177 2210 355229
780 1217 621906
474 1516 429537
347 1067 548263
503 1194 826888
1043 1492 736462
346 1203 645328
1079 2392 476850
228 1784 310149
2227 2363 95601
1150 2621 419093
2729 2751 865789
650 994 972676
2280 2503 937315
351 2474 70710
1265 2023 971304
598 2662 798313
323 1938 293135
642 927 712518
403 1212 785528
1824 2512 265036
1794 2862 919650
274 1310 614572
210 680 317841
1174 1684 3892
1973 1996 890571
1281 1682 343011
597 767 172284
1645 2368 707291
1203 1600 285561
2344 2776 229428
2127 2756 238689
835 2910 585452
305 1670 115744
2023 2846 661181
2688 2884 613325
61 586 12999
326 2302 178163
1291 2629 947693
688 2471 632237
605 2761 230268
525 2583 532267
254 1625 318533
1454 2383 196177
882 2063 400715
212 2550 932222
1490 1914 72408
656 1130 521130
1703 2745 595562
1506 2430 950760
316 2311 790795
1364 2856 538635
545 2898 69822
216 632 726885
502 1743 808149
977 2604 991018
239 1963 901280
295 1549 867252
817 2649 104063
263 1584 737824
78 894 578649
405 2879 877973
1232 1568 661541
117 2917 99557
1658 2316 972517
1787 2596 524939
1280 1782 454003
244 2297 186324
1313 1982 592500
1887 2881 747355
771 1031 595817
421 676 651181
990 1048 252964
1360 1664 466443
1000 1162 931607
335 2265 883085
791 1471 679944
644 1385 774755
89 2038 541984
908 1578 384183
33 1304 741859
1478 2606 399214
1412 1658 6459
1693 1836 928782
1290 2903 197421
178 1195 44026
317 1309 75629
666 1130 632344
1482 2291 89676
2328 2612 502739
709 2273 773263
615 2395 81660
1569 1947 572572
564 742 396811
1680 2104 317070
239 285 901572
1244 2767 811815
2390 2752 808821
1232 1522 705061
478 1769 216091
1938 2239 424429
826 1350 993125
771 2479 287780
1493 2231 861648
236 2380 846365
1026 2196 344945
1396 1917 50604
1373 1699 371857
1016 1858 205465
1334 1786 579314
143 338 178224
1928 2286 290544
889 2046 316214
659 2357 527299
225 2686 388534
109 547 104289
2241 2470 518265
928 2867 158528
1315 2236 869267
1270 1443 136825
508 603 696666
534 2341 669896
2324 2343 100018
960 2822 464432
1078 2282 250564
367 1196 37820
553 1224 185485
622 2242 106655
399 1669 135250
157 409 113981
1374 2394 187890
171 1928 5635
1684 2362 284948
939 1263 872432
2303 2673 492286
1012 2589 29303
1140 1356 531399
811 1297 91709
480 1938 292709
1359 1629 53821
541 2281 676832
1507 2333 849355
1027 1856 201000
1960 2176 698742
707 2910 899201
931 2426 240326
2752 2831 663836
855 1035 951588
1693 2570 685378
438 1697 780313
241 1485 837865
2640 2754 371439
417 437 116649
207 2164 246772
1308 2512 706184
135 1558 610204
2386 2489 609201
1977 2444 839750
1661 2911 792196
924 1198 195671
1529 2000 225159
2453 2871 981891
1863 2013 959481
251 725 670186
1070 1465 758599
1531 2619 759070
2451 2533 780952
1229 2716 663107
1029 2699 754435
1567 1712 720720
381 719 52832
915 1121 9074
2209 2614 620284
805 2906 536655
1667 2768 193574
52 1613 427047
594 2324 794662
280 1547 557143
2450 2731 399694
764 1911 102648
1497 1596 514344
695 1632 5540
1726 2194 81550
739 1899 85656
83 1282 347161
359 1417 299573
1720 2366 406641
219 899 913121
727 1063 23108
636 1327 253002
652 2577 703890
416 476 304395
818 2463 311908
672 2129 638119
1337 2767 740508
1294 1341 860466
920 1100 242920
1396 2528 77774
679 1935 292049
309 2050 820371
754 1321 692592
771 2765 804168
829 2229 784127
2037 2334 480590
509 1248 215821
492 673 328157
127 2416 21387
911 2772 52773
392 2368 262084
340 2591 348054
1766 2383 281258
2032 2522 650875
1568 1984 217739
375 2092 630913
272 2747 638691
114 897 344278
695 2011 776970
82 2237 860653
278 1283 905998
1015 2317 974685
2845 2894 820763
391 491 514665
849 883 888343
349 543 505307
836 2273 86730
546 1623 117897
2107 2782 668923
1561 2865 816377
1933 2057 470230
1612 2163 727393
376 1884 34120
1746 2177 174663
372 1037 691885
91 562 555911
213 1639 40161
100 1593 316083
482 1392 563635
863 2406 829844
1054 1600 247736
147 491 605327
1863 1983 323707
267 2216 377763
1965 2534 270866
2391 2498 542991
1109 2544 904396
1634 2204 590160
1528 2499 560134
1238 2834 81480
1453 1684 359965
2269 2450 820795
366 1802 725245
519 2319 715954
111 2788 528408
7 285 215682
1151 1964 644211
283 1197 883559
1319 2226 438234
191 533 93065
483 1211 235060
1803 2676 880161
548 1889 269425
2140 2647 920373
255 1080 371103
41 2180 172223
1545 2630 486748
2168 2733 471532
473 613 71910
220 539 286976
1067 1239 429710
609 2831 121814
1617 1858 209868
712 2320 321989
1792 1926 278123
1124 1432 555615
1283 2424 573989
877 2106 419539
2011 2102 646281
182 1277 400626
1411 1548 614104
850 914 988238
1164 2005 696496
1745 2413 514622
1863 2669 813856
2829 2912 840639
467 2762 696538
501 2190 964789
943 2798 665030
770 1710 419151
179 513 898355
109 2645 573576
340 524 356840
186 1324 100233
1676 2539 995865
841 1249 214187
751 1642 82549
849 940 887003
38 171 669788
39 2406 702871
1316 2635 470318
198 679 980116
421 2690 631551
127 691 994050
112 2913 541542
579 1820 500839
828 841 319541
1200 2008 491240
2046 2641 668867
853 1222 264743
1169 1755 740068
1347 2033 285829
2305 2579 843002
1024 1599 740424
543 735 687269
758 2211 487896
1993 2079 84693
1817 2760 631204
1557 2639 44225
418 2293 344482
946 2056 204144
1600 1975 49011
2255 2369 597237
744 2361 163620
1860 1894 283256
450 2616 722961
392 2912 394926
29 46 760292
248 1481 580906
1345 1784 810747
1376 2130 229965
1957 2805 651880
180 1441 323866
340 2734 883793
2022 2771 830564
951 2478 862712
2042 2427 56552
507 2651 28694
476 2824 573943
1133 2396 330592
663 2323 976652
423 1540 800107
347 453 724668
736 2095 515179
1066 2021 496139
1633 2603 144215
437 1650 555482
149 2691 751849
127 2786 894206
933 1866 27521
192 1701 715181
1984 2267 412521
389 2219 777490
4 2426 1587
979 1128 780416
199 1648 373951
467 2531 567426
377 1947 402585
2454 2692 121617
775 2193 961343
370 2677 418655
992 1352 940607
241 2723 315600
657 1011 975679
137 2175 671112
11 1781 328215
429 1785 377503
679 1142 460504
887 1878 544817
36 2003 565104
2748 2863 478099
1422 1461 955109
282 2060 124000
947 2309 97919
603 2240 92273
1498 2055 502595
1952 2269 779114
456 1418 922009
510 2699 43569
400 2860 335055
1138 1382 417082
1377 2621 837558
966 1554 446014
146 872 143018
419 1466 773258
2564 2778 608240
373 844 216116
2712 2829 584760
1768 2069 6824
233 2574 754369
1517 2524 318176
1014 2658 396379
158 1017 325426
1439 1687 855560
2147 2148 328195
724 2506 463804
160 2789 707033
1065 1636 973700
1586 2914 395535
1871 2203 99587
1946 1973 253729
263 607 638550
342 2075 793959
51 507 7769
15 1531 959455
709 2537 650691
1274 1601 428323
1818 2103 621101
1086 1588 788025
343 2113 68528
705 2071 114121
22 2854 496299
584 2871 132649
938 1220 6436
748 1670 468373
514 970 57286
12 137 911290
132 2259 565832
1007 1489 167025
173 713 165038
930 2711 879433
1094 2634 472617
262 2666 975997
551 2850 48858
846 1550 935684
843 1831 613621
85 627 961160
896 2028 324480
309 2078 859374
1068 2197 822777
1443 2310 526484
531 2319 17879
1331 2551 164249
1210 1580 584489
169 2204 145365
150 1944 196955
764 1700 661289
731 2442 542872
602 1651 154162
1495 2627 561993
486 1479 904919
170 636 290106
654 990 633922
2784 2843 408734
2015 2212 291820
913 1375 611305
422 2364 713552
1442 2837 981403
1967 2871 813825
2283 2766 432029
1385 2811 13015
1504 1660 955843
137 2903 66693
97 1312 882738
1795 2155 565126
304 2010 81819
2102 2900 789110
1371 2617 247589
2307 2330 15357
1414 1527 528873
318 784 582950
1037 2712 329047
408 1352 465934
1306 1894 633206
215 1384 786167
925 2657 988168
166 2245 743932
1608 1750 185099
2212 2576 238623
1396 2906 315292
268 1362 964990
71 2161 578999
275 846 244325
1478 1583 11993
1036 1460 680956
234 2124 507206
170 510 752289
2590 2624 94055
433 1142 355985
315 999 851915
1506 1668 299903
1890 2384 844238
1118 2706 95751
882 1095 962647
10 973 872508
545 1050 221690
407 1190 732381
387 1712 480127
2236 2645 286503
1216 2590 784698
1962 2043 821892
44 1861 768473
1380 1465 510177
95 813 554556
1871 2358 385693
765 2101 79998
200 508 127581
1389 1606 427539
364 1830 22780
244 327 150922
2613 2682 373600
1059 1726 721905
445 1575 765480
253 1021 475991
1322 1477 435713
1486 2085 544300
582 1366 624920
1668 2437 743237
1129 1562 612649
1507 2183 731068
1242 2020 245686
1719 2837 555445
1039 1501 312596
784 1567 443
958 1473 999903
1341 1922 874952
976 1193 155342
277 987 188579
1182 2837 438433
1381 2294 207524
885 2832 401655
2331 2634 106131
1525 1699 665916
259 2120 274607
226 864 231871
1680 2001 352842
923 1780 21985
1857 1992 993297
1213 2144 925033
1655 1795 478634
907 2703 517173
437 716 492790
878 1903 865868
2310 2675 464886
1731 2334 421646
242 2859 701129
700 941 207052
1458 2800 37779
915 2166 233972
964 1365 356794
80 2882 119589
1599 1963 945226
76 2630 450273
420 608 420472
718 751 605152
581 813 189508
598 1763 963457
2036 2214 762679
720 2136 236572
722 1931 831180
381 1312 337266
478 1033 182507
1657 2384 187398
2598 2865 252624
939 1937 87365
2002 2443 532427
59 1650 650208
1111 1997 106592
1360 2340 28475
369 1040 941134
2036 2753 526205
126 2568 84845
824 884 89160
293 1731 548272
1866 2371 407874
1000 2051 50955
1085 1398 284050
1195 2250 305518
1251 1995 836199
1286 1846 325998
176 1296 464562
2138 2429 648709
469 2447 545396
153 1124 376624
1679 2801 235761
475 900 149238
464 1429 664196
920 2611 326473
1799 2039 840268
1610 2810 7429
1665 2885 323268
716 2393 241237
1797 1806 783537
44 1913 592693
252 2869 479092
1422 2850 803986
1238 2488 429375
145 2171 932877
805 2773 171556
1011 1529 171614
825 2486 96073
330 1241 235029
1315 1363 405624
37 2413 152828
552 658 413907
363 1908 389785
90 737 509349
323 930 41360
794 2487 359379
2298 2522 955876
1044 1652 413233
2648 2723 902494
573 1561 669936
416 1521 849478
1050 2147 199094
730 1229 41614
1770 2174 868742
162 1792 829519
1113 1305 754910
214 2040 798378
241 770 871584
193 649 551953
1957 2727 609512
578 2355 686558
733 1271 404604
94 1177 282720
2405 2705 310945
1541 2469 690103
112 1996 397386
481 1201 125461
1353 2058 708076
971 2654 736932
348 2125 52717
615 731 693446
1931 2661 214906
706 1022 668536
504 1780 689079
1872 2119 126992
523 1870 278802
934 2694 259557
553 2359 54193
352 1774 717773
2276 2549 776585
1102 1278 837505
1197 2437 834704
158 2760 693981
1621 2345 952970
806 1877 818500
704 2217 306496
873 1893 834913
462 788 898704
1926 2082 691336
1025 2885 252125
243 789 706426
1793 2365 22950
839 2164 403335
1666 2233 368821
444 1279 399694
2109 2895 494894
1845 1951 291808
606 1114 898247
664 2548 935875
786 1495 783382
633 2053 428242
667 1233 694661
821 1308 415938
505 2216 680355
271 814 118271
742 2505 125205
1499 1687 58933
535 1441 991530
16 1303 201450
1886 2229 256780
847 1568 124936
236 2727 230353
612 663 111225
1562 2465 565361
872 1679 649323
58 1892 602515
162 1510 345651
1799 1954 189568
1332 1987 85133
154 2113 637177
1525 2460 892161
641 1188 71715
634 1359 384418
257 2910 815584
523 2062 321329
1400 2198 238394
1619 2100 812702
1347 1643 91001
2522 2653 379054
1867 2732 955796
366 2318 719864
897 2797 707012
1476 2729 307977
183 254 99507
298 1178 290791
1324 2448 100116
1914 2729 69171
738 1968 328716
170 2681 816551
1833 2512 283149
188 2608 120639
465 2254 107396
1588 2271 284085
118 2781 28008
19 2270 10532
1482 2407 416755
342 1597 130510
55 1025 169838
1586 2707 870969
678 1328 404324
100 2353 347508
483 2188 948024
86 2520 588407
396 2031 615315
334 2415 791848
265 1488 913845
14 444 578106
2010 2635 545901
798 2264 850160
648 2546 20516
62 1590 593664
794 2556 128083
70 1022 826258
798 1158 116949
1240 1887 598631
2168 2557 468438
2018 2091 155799
155 2014 676075
2846 2890 488499
194 2376 181500
812 1187 32265
646 1481 308124
491 897 185413
817 2828 565241
1318 1675 12916
1630 1745 272431
656 1976 362660
79 2494 40311
1286 2403 925992
2525 2851 421308
64 2244 980280
843 1003 724174
388 1134 2676
1393 2207 320367
1649 2111 776905
17 2566 114635
1015 2916 439852
785 2166 639493
271 426 262852
1814 2081 759725
180 2491 398116
396 2347 477069
166 1875 129142
2066 2300 263075
1852 2263 592179
136 1813 147880
230 2058 74190
1853 2721 861135
392 1268 496305
1572 2689 415753
577 1721 897118
996 1162 507333
837 2317 86008
355 1501 836278
762 1769 414555
22 923 215052
350 356 354789
81 872 481476
237 1220 741912
516 520 199131
2143 2736 507800
103 1295 466782
681 2341 742606
2304 2776 562525
157 1461 62703
1881 2610 228477
1336 2883 284183
1183 2258 147757
1334 2736 656719
168 1580 229041
103 2868 181294
699 2771 219226
344 2517 62043
1518 2141 152726
304 989 932592
2266 2397 78307
1737 2446 713786
965 1680 423199
1088 2296 263453
619 1755 734908
1268 2608 934484
2415 2855 858127
2028 2159 901463
1351 1922 186951
1326 2524 456149
494 2061 979578
1353 1670 880544
636 653 507739
447 2702 473321
341 2209 638024
1228 2638 284000
1686 2604 748672
195 535 939645
603 885 114802
565 1985 659101
110 2498 290224
429 2717 801924
848 1391 233603
224 2431 855297
160 755 97112
1587 2233 553583
30 2196 228695
925 1750 235735
144 351 524628
840 2779 326899
235 1081 318494
1402 1431 892110
18 2346 884981
91 1202 955527
905 1692 877018
2259 2332 265908
1064 1719 206910
1466 2730 434978
697 2245 651740
83 1237 812027
1559 2514 279074
1223 1592 443777
295 1134 45258
108 981 72374
574 728 659272
819 1101 515870
1284 1553 78940
31 654 762652
197 2463 673607
1856 2541 646393
566 683 820634
287 2182 650628
130 2471 956905
1942 2811 970195
145 2481 753503
119 2724 880999
548 1287 129771
946 1601 688942
655 1249 5401
993 1896 757665
706 2828 468539
79 1084 453262
1259 2340 701189
622 2599 747632
222 2777 287481
1106 2047 928186
314 2486 183223
1793 2565 306419
1205 2082 365430
9 1799 931578
1363 1449 697680
629 2909 468587
531 2212 504567
600 2600 545370
730 2790 226245
639 1020 921340
308 1559 63602
185 2901 464486
690 1432 128351
838 1746 664877
66 1027 119823
392 2453 568108
556 2313 438325
1166 2161 459107
1403 2327 902055
807 1638 233724
679 2622 190770
882 1503 333994
1538 1889 687048
1685 2336 579754
388 2202 472469
1715 2441 612267
1390 1437 200176
355 1712 69130
808 2467 570156
278 2439 801270
201 1461 306509
2060 2848 841779
922 967 621527
281 968 902458
79 1796 626562
1389 2470 339901
2259 2462 184843
194 243 681095
1020 1655 930404
658 945 465602
832 934 448076
991 1735 686419
298 1058 150073
223 1280 111008
1581 1918 20785
173 2017 649457
1872 2585 165623
1407 2400 487348
1104 2079 998627
821 1093 570778
2029 2134 636235
861 1528 996576
1159 2639 446941
155 2746 875432
1737 2915 501135
937 2482 85125
799 868 25069
735 2327 829398
905 2634 866193
477 2800 286601
890 2675 539953
2847 2894 239809
147 2516 916178
397 982 184018
2120 2510 668955
600 1698 173225
1176 2093 560772
332 1078 686921
576 2684 242669
723 1999 358576
1789 1808 712203
804 2764 206232
1783 2674 868925
1940 2142 145049
106 464 991485
1916 2902 617323
195 2819 465009
567 926 177098
1335 1986 520097
2234 2771 922290
311 1927 142404
158 2809 255946
140 1206 544051
35 2297 623517
28 2552 150015
1484 1505 275907
1665 1874 887006
1676 2095 747294
526 2342 186944
1414 2132 777152
981 2458 554368
481 2387 806378
599 1288 653430
2551 2683 821103
790 2914 800809
959 2569 432120
662 2711 821857
341 1458 960288
1841 2272 764443
885 1427 41599
59 1046 529494
307 1834 988933
1121 2614 386059
926 2284 9852
704 1482 571769
493 1066 794607
239 562 847966
440 1267 544553
1738 2312 215810
258 2064 476886
413 1157 121452
1299 1783 581575
485 1748 514488
159 1289 47889
599 2616 157121
1036 2289 603028
668 2643 713976
540 1584 457625
433 559 563926
96 629 80853
278 910 267246
599 2089 905419
585 2327 958363
703 2169 330253
353 885 4249
320 2706 479970
227 849 517808
950 2738 4227
1250 1946 166027
1426 2011 820608
1861 1891 697767
300 596 318080
892 1718 12839
89 594 315813
682 2650 156868
207 2365 616334
689 1238 864161
2170 2328 724534
326 1144 695740
122 1320 288697
48 1353 699585
963 2713 215351
226 866 461753
1222 2815 258513
208 2296 802783
2561 2643 750993
1073 1740 762579
744 1725 327974
1267 2413 146984
412 1572 786060
372 1764 177752
164 373 340746
1689 2108 716183
181 2157 776725
413 2869 353028
2027 2710 432658
131 414 364988
868 972 81465
473 1858 89481
1356 2561 317461
386 2239 842232
1899 2496 601768
658 2831 250632
2123 2375 558059
2074 2634 361854
364 1032 597874
23 1994 742870
596 2341 779566
784 1486 870804
948 2888 952653
1220 1357 877880
566 1904 856572
2758 2866 232207
417 1950 139148
1526 1842 98086
1098 1830 639858
89 1635 266970
851 2051 303720
455 1760 27403
1184 2679 745906
1576 2825 497519
64 662 699707
1143 1310 63234
587 1936 283806
479 497 481307
1467 1687 576832
187 1503 690906
729 1753 692314
577 2861 88318
70 619 27860
1653 2360 192403
1464 1556 574733
576 645 642824
301 888 942583
642 2795 137951
974 1969 24672
1603 2641 537981
1460 2152 347403
1912 2306 445985
1513 2893 497404
124 1273 968177
1775 2325 474899
379 2719 566576
550 1731 846864
402 1482 683533
944 1825 518837
115 869 399188
710 724 689865
524 2301 96263
277 2911 425528
998 2252 668680
1585 2766 152
1016 1675 213101
736 1074 703750
812 969 878518
2084 2873 973103
1035 2532 308698
1580 1654 524907
29 846 213757
382 1688 882435
421 1749 683583
2083 2298 71123
2172 2452 690030
1064 1266 634955
860 1592 480923
452 1304 151823
1925 1941 882698
2220 2280 98238
218 1609 377411
2210 2258 258512
815 1103 494085
503 1621 492057
1143 1343 348058
939 2125 937834
107 1690 344454
705 895 512023
919 2656 293657
854 1324 624018
78 441 400676
429 1730 898678
340 1972 269192
368 1463 493344
324 406 48874
1565 2205 119032
1348 2183 199426
1173 2232 189838
2262 2648 509587
1719 2067 674334
217 1576 324533
592 1251 40054
133 312 59214
572 1276 126319
1212 2895 101663
137 2580 737558
92 801 503418
55 385 866351
322 2027 794450
57 2252 596815
410 868 663275
2167 2872 84200
484 1082 150128
1733 2204 85346
2041 2443 286179
1430 2428 405860
1033 1049 702830
199 1254 621489
422 2789 451417
128 992 168495
233 608 867669
616 1092 883716
2502 2834 237749
534 2174 904473
2654 2817 927996
81 656 18752
565 2335 237841
648 1333 753970
740 1144 434895
1070 1962 536625
549 742 154617
1615 1740 714636
1333 1734 947467
1128 1209 926209
821 2718 177963
1079 2279 975356
588 740 529918
1611 2820 710334
162 2871 777495
2559 2836 784089
78 2737 180299
738 1744 976471
246 1071 360864
1862 1898 780347
149 2748 247076
674 1901 823519
329 1980 993049
1426 2287 358396
1649 2886 818062
739 1491 461064
211 1694 324489
79 404 537274
832 1416 716512
1326 2858 914217
200 558 160679
346 1221 57938
1230 2461 413251
88 2336 684345
226 273 375133
104 1321 703718
1456 2812 416754
60 1822 412112
2433 2460 934792
1439 2113 936408
2076 2789 400763
1904 2112 884908
2005 2188 929462
265 1846 968972
953 1961 433661
1317 1379 709097
329 444 538534
376 1350 939945
922 2130 240552
500 1222 584904
65 889 886795
1655 1678 769496
1246 1419 465855
827 2507 496425
257 985 536393
385 1028 418371
589 2545 205912
895 2023 650448
1782 1961 168438
528 2758 545879
1166 1988 842970
27 189 789475
722 1447 192794
575 2313 236994
1543 2161 541245
1337 2041 444137
1329 1501 342830
1368 2741 363957
283 2610 5645
589 865 122316
1712 2402 692704
1766 2322 776674
43 2037 565479
1132 1879 671127
645 2118 418445
2038 2116 104382
1215 1325 856122
1283 1981 647225
1021 2268 627845
1381 2557 44672
1328 2475 348551
1578 1639 321344
342 1455 11531
2184 2489 665504
281 1356 676513
1274 1370 264670
301 399 646994
731 798 489240
1423 2785 787437
190 697 723111
59 2794 48320
1532 2527 644582
1974 2816 735075
502 2594 445136
167 1629 303278
2604 2844 289223
57 2827 947402
426 2817 994801
1365 2666 912421
185 1374 320957
264 1062 832831
258 402 730884
1503 1520 466146
888 1562 432778
371 2264 589614
246 1138 768867
23 1942 900242
1351 2744 143282
630 2480 844375
752 862 673485
343 1299 773462
44 1392 723196
2469 2509 824010
1308 1674 761185
1361 1495 303232
463 1236 926321
2472 2602 690091
1973 2708 443168
47 919 968468
541 1143 266203
24 554 716014
49 2704 640751
936 1861 683207
1902 2024 660295
513 1096 643995
1149 2867 942738
616 2122 555395
1213 2018 321475
191 1343 961866
663 956 665394
950 952 509536
318 2141 147424
702 2073 989992
1253 1698 948055
1048 2179 620140
1708 2853 972976
1955 2119 291440
2464 2861 678895
17 1672 861860
412 1078 42696
2265 2530 178483
364 2132 328197
264 1217 665976
1332 1832 615231
1383 1437 405840
6 2443 776713
870 2215 726346
0 1193 577069
426 1736 331707
1002 2045 62606
1349 1861 993007
677 836 699564
1760 2581 773690
1191 2808 484614
1477 1548 214956
699 1570 763994
376 1607 242978
1126 1624 507400
25 317 466745
1886 2544 919189
923 2578 911070
1835 2851 784267
1471 2098 321921
2306 2774 355197
2668 2758 981480
779 2230 904039
73 1296 991840
564 1711 178356
479 2794 536078
1595 1646 137178
406 1448 100963
1619 2151 330721
687 1817 375533
535 729 616513
986 1181 568331
1374 1848 925480
1509 1779 355257
2061 2538 420314
247 934 611401
469 484 246195
232 398 320051
427 1358 106696
414 1834 322819
1010 2642 502252
645 814 939184
434 2070 4238
1201 2240 746125
2507 2859 683263
1899 2127 750105
1895 2818 256466
1634 2455 420593
1641 2042 764893
303 1557 735333
1433 2307 698523
485 1391 848743
1293 2665 222323
1988 2784 476255
458 1444 643668
1742 2377 278364
581 2820 848951
1826 2134 929510
1031 2328 371398
61 1118 803311
621 1625 244123
453 1509 704743
929 959 200929
245 689 233967
1853 2116 203031
467 1553 486437
84 2547 700339
1207 2700 131550
702 1790 257443
532 620 336818
474 1362 17390
1652 2701 473584
421 1326 322489
736 1930 843058
518 2665 425702
214 1812 44812
260 435 467287
433 2426 230750
827 2549 689616
1652 2568 186377
1614 1762 369851
1372 2735 291902
537 2759 310660
272 1438 486002
525 1565 200740
743 2777 203118
552 1485 707196
2134 2525 669378
196 2636 195799
969 1408 752985
4 2747 453842
2759 2849 920104
826 1026 7064
1794 2405 739457
1647 1680 42821
1533 2248 807684
2211 2615 257900
337 1415 203124
640 2769 367284
1548 2457 948583
172 1921 881437
274 1863 360791
858 1361 217696
102 2573 557783
287 2788 315253
1384 2782 241631
828 1548 817646
1030 1461 496776
860 1806 60609
121 1534 908179
163 1563 280099
124 1115 329571
1125 1776 265935
432 2697 167307
26 2643 175333
874 2576 172482
732 2298 935920
142 2824 661171
152 2504 761984
2026 2862 429681
1041 2072 468278
1045 2446 263112
1784 1916 645086
122 378 370031
725 2156 264502
635 2527 768729
1108 1872 646285
694 2449 261226
454 980 765575
329 1456 527815
40 976 894653
829 1164 360966
75 168 325889
988 1312 630405
6 1487 132159
2364 2870 769494
1402 2369 893055
144 564 921624
904 1932 89926
1553 2568 43233
1627 1809 616092
2321 2325 89239
1783 2399 900521
2277 2772 310302
112 2769 746041
1004 2106 334699
171 1243 863135
1116 2373 140535
762 962 53493
1390 1507 701520
573 2864 877633
2070 2640 979081
1173 1801 790899
1536 2221 398034
394 1532 208778
815 2165 352674
676 2065 483351
2247 2908 174480
58 117 622938
466 2215 91714
99 1386 320584
2032 2687 394172
155 1701 926766
2818 2858 537818
1423 2862 60975
1451 2659 344153
2514 2891 547241
237 2248 711247
1214 2813 434806
72 2367 18939
778 1819 448975
296 2667 711095
1767 2647 95178
52 360 990218
448 2136 261892
1638 1986 476442
76 2094 444761
410 1826 672574
101 2151 887248
1190 2137 527858
2088 2741 223316
857 1367 843427
820 1322 138461
1627 2577 347819
800 2526 219822
167 1798 245079
1452 2375 552887
240 701 357603
2225 2327 578458
1410 2409 627655
1218 2592 707914
490 2791 894250
430 1943 425488
2621 2727 191477
599 2731 590696
1657 2259 368579
809 1320 619528
218 514 42484
1925 1982 285184
539 1075 996129
419 1364 675004
1617 2838 658025
304 979 856167
1918 2117 317802
1358 1591 45290
331 1186 615948
85 2461 652946
107 1105 266551
1598 2043 778256
887 2400 628324
424 1330 416409
1014 1681 96657
203 2028 4910
1473 2418 630734
36 2840 305270
33 2249 645621
2355 2473 868167
1493 1640 453687
361 686 632451
1344 1771 315344
963 2256 163743
649 2094 466460
958 2494 590335
1321 2502 192644
1011 2059 348925
419 2826 909201
883 2755 622857
116 193 154145
1086 1874 813354
1168 2887 521462
40 1215 364515
63 1925 270956
546 2184 308272
425 1467 659459
1380 1504 624
723 2874 788698
665 2583 85916
2246 2287 55229
841 2521 350133
918 2152 511765
1665 2357 664508
952 2506 602494
669 752 116955
2477 2674 970422
3 2902 358817
68 196 19632
1771 2623 643627
1445 2099 452808
339 2186 344414
551 1711 860370
67 1991 600976
1119 1451 154443
1239 2680 486982
1199 1998 135921
2027 2519 504856
242 446 877166
143 2533 476209
521 2666 408496
1805 2157 447987
1911 2580 618964
879 1927 216567
1277 1732 870208
801 1765 637170
101 1631 907728
756 1970 591219
1066 1158 21991
2518 2586 139464
926 2111 109992
448 1007 926273
1077 2220 154941
528 1468 265036
643 1715 937108
69 2347 213887
1536 1663 711530
393 2187 892277
1577 2572 454847
70 1413 921615
237 647 242665
654 2420 689564
1573 1774 766789
2303 2545 301779
93 2409 132040
2187 2251 378173
986 2135 631219
880 912 236207
1149 2472 743525
913 2830 196981
701 1819 449866
299 1729 735627
1919 2222 822578
253 1820 123013
2218 2511 311100
560 1285 514574
183 2312 419121
93 1971 441421
1102 2009 821805
561 916 965795
1667 1981 175543
458 2347 230481
587 2660 133426
1973 2463 394231
161 974 625069
994 1234 637751
34 1376 142165
1745 1803 709944
982 1129 170954
1619 2421 235014
1117 2225 322574
700 2029 445271
630 2795 915674
510 2892 19049
1049 2808 847755
1916 2780 132422
1261 2559 72313
2516 2542 302441
161 2878 500200
297 1977 830971
1466 1678 13656
711 1523 568694
1646 2246 279607
167 1836 25387
8 1275 358071
1378 2126 951582
390 1305 930810
1533 1722 44047
266 410 738024
31 1459 270612
220 759 665635
1123 2554 143713
2274 2672 237586
118 209 619818
1542 1620 820314
1950 2049 677087
2417 2793 328747
323 2238 587286
1681 2647 30774
2040 2487 628871
32 1127 769596
249 2074 262320
505 2492 758722
267 1702 617561
498 1822 951137
957 2671 775602
1338 1814 47866
365 1261 581144
1440 2788 966470
583 2277 271990
328 774 279563
2288 2541 804296
1098 1717 250538
436 1614 10107
1155 1992 878613
291 2658 706801
714 2301 369439
563 1484 824416
1205 1744 23852
2040 2456 57306
1440 1821 36423
825 1483 739623
131 1304 378706
1419 1964 30734
264 1595 907480
2097 2193 553971
668 1244 367423
509 2461 484954
1549 2466 673241
2518 2786 516810
37 2743 346969
1388 1484 57356
1018 2803 314530
2354 2474 880595
1156 1376 903995
1585 1987 641397
1076 2745 192415
1462 2871 667607
792 1718 250610
621 883 249192
313 2583 52749
1379 2893 410820
856 2227 256570
259 1401 775288
1001 2553 495099
45 1427 588325
325 1158 204677
460 2580 15165
818 2778 373194
883 1683 701547
54 2338 933300
342 1839 472975
1060 2579 876077
1057 1823 813991
766 2642 702491
682 1345 867721
479 2593 537577
97 820 578956
1717 1781 31297
1127 2534 965575
587 2572 936342
569 1615 153521
822 1675 357917
816 974 629991
36 1810 270299
1172 2158 199693
717 1020 715609
291 1796 240140
707 2382 723957
214 2025 477113
76 358 416211
2236 2792 917269
2266 2553 767728
1925 2398 450673
2603 2814 513943
202 2105 892842
1178 2526 552236
2 1818 888850
100 1558 802277
2063 2160 727791
2122 2728 397849
21 2032 729949
954 2191 479344
1694 2624 85902
719 2591 343035
282 1146 928946
437 829 28765
1208 1678 700338
1256 1786 635814
1008 1792 889877
424 426 482368
1496 2770 481094
346 1346 555586
819 1096 590125
497 1420 655522
2054 2423 875513
2622 2750 298311
1028 2182 278335
384 1884 171645
1098 2234 850300
834 2498 416386
20 711 751094
1192 1668 34877
1475 1618 297473
1313 2201 385166
1799 2735 441054
1034 1452 293952
50 2013 262846
225 533 242139
48 2323 24292
1041 2199 25879
907 1305 215848
1040 2480 213931
1455 1542 331479
557 1472 879490
529 1554 349432
1801 2141 48719
343 1165 801386
1868 1980 742263
669 1421 239273
401 1966 708973
1013 1700 668335
72 975 401436
55 1512 586807
1875 2515 7357
1097 1666 326172
369 1069 377096
710 803 311520
209 361 182023
685 2138 184393
1284 2536 685061
1606 1866 666150
555 2434 993318
255 1473 185648
204 1079 169936
544 2153 629259
1082 2419 872199
1475 2339 421868
238 2572 404119
1844 2695 904596
2231 2907 463914
588 2694 565498
628 2295 789305
749 2128 111302
2429 2496 455711
1556 2567 228602
591 741 245641
221 297 709931
1107 1759 305610
1467 1864 588205
316 1340 755083
513 2073 33742
627 1697 995680
776 1435 143480
316 2899 635701
461 2263 262906
917 2121 157863
2163 2386 126432
1018 2578 46255
561 1170 512446
1549 1798 279161
400 1671 905292
574 1861 188179
2366 2773 982059
566 2427 194945
751 2224 162118
153 2361 237037
328 1150 170836
425 776 33211
1370 1828 64377
2219 2884 942523
618 2591 216908
1269 1423 954872
242 1528 772980
2296 2439 190637
176 2034 914027
529 1505 184855
991 2714 568676
1571 2411 752422
1648 2397 166345
1431 2613 542925
393 1378 875869
1245 1443 818104
1059 2560 940353
595 1309 338717
1394 1906 311314
747 2646 519532
190 1804 50543
1608 2192 239264
1569 1803 207512
965 1297 792119
999 2802 485106
147 610 763390
1644 2236 502759
1555 1766 628742
488 593 56938
184 1927 251763
465 2243 510616
284 2429 476850
2206 2211 905146
1047 2092 966794
1564 1639 83303
922 2601 599180
1138 2587 825094
1659 2210 589285
527 2423 174130
1953 2719 635794
1105 2548 740790
1761 2905 774450
202 626 555767
902 1326 687351
2508 2579 860145
542 1207 745398
52 2233 663321
1728 2642 109471
694 1574 763618
538 1380 984518
1604 2632 805340
1083 2552 495519
1151 2015 803574
795 1181 138889
532 2224 780132
592 962 350081
867 1751 674908
291 913 77623
737 2739 475258
133 228 680189
575 1959 767939
619 2875 147356
1306 1424 792902
887 1185 982401
820 949 253406
1091 2424 873429
1447 2144 337109
976 1708 841066
200 1090 705571
1231 2361 715793
2476 2514 188948
443 2280 661128
2051 2762 885575
49 1841 161296
321 2329 316562
2713 2835 650397
791 2094 613507
238 994 736679
637 1042 532098
649 1653 945054
403 2414 610258
471 1249 774522
1593 2070 677622
1786 2458 289968
1272 1881 138544
2042 2222 794688
118 1695 793188
16 2758 768683
808 2093 788700
2019 2270 884611
819 851 810981
1545 2431 37466
673 1882 735446
1960 2175 101276
589 1399 351856
2050 2375 210681
2278 2436 568801
2114 2584 861242
1534 2014 687395
158 1806 761077
346 2436 512833
1943 2096 734812
1446 1506 121466
290 1669 448751
2404 2638 459134
1223 1405 363602
181 1086 278933
440 912 535097
552 876 16991
128 2346 682431
1083 2907 247350
1156 2678 940310
969 2632 631855
459 1763 11161
81 406 369024
1324 2764 621118
1602 2170 812219
2609 2739 737703
107 349 530489
616 1787 890007
780 1323 421650
1126 2646 939969
395 2719 678792
2518 2725 609852
468 2753 501891
1978 2836 210772
2131 2784 215031
2128 2492 132410
2069 2801 77857
747 1922 34331
231 824 710001
983 1644 937102
1371 2304 211650
245 2520 3622
1573 1968 492228
1227 1809 418343
651 2243 822139
2159 2432 966230
536 678 165408
2439 2573 769577
723 1059 170149
1685 2543 445342
416 452 219030
590 2180 754536
1361 2615 745499
182 2391 846915
138 425 715546
1354 1373 663145
512 968 807417
1811 2483 5341
295 2330 966017
468 1905 863972
1786 2632 425502
1859 1941 300755
1335 2596 195267
1708 2230 885828
389 2804 771498
210 1837 866786
1706 2576 425337
1208 1511 293796
1923 2725 737920
1575 2336 892183
1851 1865 787359
2430 2602 859091
718 811 901573
44 2497 954063
2207 2860 741203
82 2652 323537
1743 2376 137566
1647 1800 896382
1074 2067 952019
240 831 419727
852 1946 876470
105 2037 429732
1253 2411 230083
710 1167 737843
43 276 40245
1860 1998 821785
489 1040 207076
959 1642 702481
2088 2506 520521
1376 2255 981826
985 2626 43806
1 750 725746
431 568 756000
400 1551 393625
11 1682 424438
1397 2726 449680
1120 2770 731244
2030 2633 145384
1022 2500 912984
1768 2335 426007
1338 1455 681373
1019 1122 706126
1113 1808 355149
419 2605 51238
978 2291 664170
139 1567 795192
1537 2660 309573
638 2652 582795
299 1222 853192
612 1285 776936
62 2661 407183
1116 2562 723850
20 1470 334832
99 1862 688434
2063 2904 707227
1437 1508 804758
78 1949 559517
439 1612 127353
376 1235 158719
133 2664 749270
1145 2405 72971
58 2470 781622
921 2517 357358
1226 2143 301409
674 2889 497081
651 887 741233
2553 2781 251714
898 1853 304898
1342 1490 894119
774 1298 60933
436 2149 99122
122 2768 364788
1743 2213 537560
1127 1385 423584
1823 2381 947484
1523 2171 953637
889 2729 200081
772 2440 254208
868 2342 590780
672 869 384567
1265 1810 267863
1902 2257 705782
77 2716 474994
2692 2905 255034
845 1828 340661
702 1047 446182
953 2428 181312
1023 2370 596467
345 561 884979
455 1110 496005
529 2644 774409
6 269 429208
2206 2724 330847
2022 2633 537
2639 2698 904403
462 1253 452113
1048 2382 117768
1267 2066 537980
1442 2841 513349
518 1154 46712
411 1600 680637
1204 2836 853209
341 2410 422121
1210 2260 572761
2110 2803 513233
2048 2087 572781
1386 1882 205867
757 1237 388530
111 1582 833946
2761 2903 829254
2016 2036 562839
360 1759 661684
554 1728 327533
1626 2242 796615
407 1815 618974
2054 2475 852287
1045 1235 787363
568 2336 386658
888 2807 732945
211 1832 670889
2397 2570 36247
1989 2247 788379
173 1677 248804
899 1240 39736
938 2395 877797
1961 2459 493067
98 988 774700
2293 2575 217443
1079 1189 336492
1167 1450 62491
1315 2904 637409
104 2154 955092
124 1843 427085
196 1073 183940
620 2839 440540
157 1157 476200
2575 2689 299881
363 1346 205525
160 612 82073
379 2607 805740
142 2573 832421
2629 2857 876972
782 1970 327350
1264 1560 147746
451 1036 353961
815 2569 929595
2172 2706 229298
1320 2696 580474
454 2814 609116
1311 1430 937604
306 1845 88686
54 2607 224920
251 2103 993002
1605 2377 657309
290 746 774255
955 2694 24724
1955 2775 887358
69 366 598381
1824 2899 327065
702 2677 219445
1023 2136 771911
2396 2434 894700
1723 2605 197685
1738 2190 98229
2555 2805 607990
281 2351 555814
1089 2831 746411
853 2015 144639
1483 2715 830782
1906 2284 803384
87 1413 956168
1133 2835 327027
698 2737 438163
742 1302 672721
1302 1395 214137
2181 2792 987169
982 2141 297899
114 2833 331058
1451 2371 695566
928 1497 695241
1658 1854 470143
961 1076 866670
2450 2609 813815
1415 2223 862625
1781 2628 46730
1406 1615 199594
1134 2775 412298
35 2796 392270
862 2592 784520
1139 1351 397661
944 982 346938
2315 2672 759785
1502 2595 861688
1860 2816 168465
696 2356 621537
1278 2474 242811
461 2861 848410
733 2317 654304
472 541 575798
60 793 407104
1638 2096 413618
615 1546 27895
1055 1634 253975
927 1147 123816
768 2035 60674
280 2879 667861
414 2882 67392
534 1685 299153
566 1844 10643
