cc61ad56a4797fb3f5c9529f73ce6fcedd85669b
1
100 0 99 1246775789
0 1 984791
1 2 976898
2 3 941834
3 4 936109
4 5 914832
5 6 897530
6 7 873365
7 8 858001
8 9 836532
9 10 804954
10 11 790654
11 12 770728
12 13 741299
13 14 728310
14 15 705679
15 16 685271
16 17 672680
17 18 657701
18 19 624301
19 20 605215
20 21 580557
21 22 570171
22 23 558100
23 24 521362
24 25 519853
25 26 494218
26 27 466841
27 28 458435
28 29 424431
29 30 400278
30 31 398674
31 32 375353
32 33 359640
33 34 339752
34 35 302661
35 36 294958
36 37 278830
37 38 247460
38 39 223257
39 40 200095
40 41 188339
41 42 162515
42 43 148333
43 44 121315
44 45 113852
45 46 87902
46 47 69776
47 48 41379
48 49 27205
49 50 5665
50 51 27171
51 52 41423
52 53 69767
53 54 87900
54 55 113916
55 56 121262
56 57 148356
57 58 162486
58 59 188326
59 60 200072
60 61 223282
61 62 247475
62 63 278875
63 64 294982
64 65 302615
65 66 339662
66 67 359572
67 68 375357
68 69 398674
69 70 400286
70 71 424409
71 72 458466
72 73 466867
73 74 494226
74 75 519824
75 76 521358
76 77 558118
77 78 570192
78 79 580512
79 80 605217
80 81 624280
81 82 657661
82 83 672732
83 84 685340
84 85 705706
85 86 728366
86 87 741347
87 88 770774
88 89 790709
89 90 804983
90 91 836561
91 92 858023
92 93 873440
93 94 897499
94 95 914856
95 96 936064
96 97 941787
97 98 976928
98 99 984803
