cc61ad56a4797fb3f5c9529f73ce6fcedd85669b
1
100 0 99 1343862634
0 1 983240
1 2 979635
2 3 956181
3 4 922454
4 5 908815
5 6 889339
6 7 860241
7 8 858057
8 9 823141
9 10 814027
10 11 799313
11 12 767645
12 13 757119
13 14 733433
14 15 709785
15 16 683477
16 17 669417
17 18 646073
18 19 633866
19 20 602370
20 21 584907
21 22 576629
22 23 558349
23 24 529973
24 25 505300
25 26 492261
26 27 469163
27 28 451249
28 29 433001
29 30 409335
30 31 393328
31 32 376420
32 33 341014
33 34 328669
34 35 314152
35 36 298654
36 37 276081
37 38 246921
38 39 223550
39 40 215723
40 41 180419
41 42 170939
42 43 143763
43 44 132889
44 45 106646
45 46 87867
46 47 60096
47 48 51099
48 49 34465
49 50 2070
50 51 34511
51 52 51026
52 53 60020
53 54 87877
54 55 106672
55 56 132888
56 57 143796
57 58 170971
58 59 180423
59 60 215689
60 61 223597
61 62 246931
62 63 276070
63 64 298669
64 65 314128
65 66 328618
66 67 341018
67 68 376403
68 69 393291
69 70 409319
70 71 433063
71 72 451177
72 73 469100
73 74 492229
74 75 505321
75 76 529882
76 77 558390
77 78 576593
78 79 584864
79 80 602378
80 81 633779
81 82 646102
82 83 669387
83 84 683539
84 85 709788
85 86 733417
86 87 757131
87 88 767597
88 89 799318
89 90 813994
90 91 823144
91 92 858065
92 93 860225
93 94 889414
94 95 908838
95 96 922418
96 97 956259
97 98 979584
98 99 983177
