cc61ad56a4797fb3f5c9529f73ce6fcedd85669b
1
91 17 72 1939374049
0 1 35118
1 2 685336
2 3 413418
3 4 979322
4 5 501149
5 6 760662
6 7 759104
7 8 153862
8 9 970666
9 10 51474
10 11 696373
11 12 851934
12 13 667521
13 14 912195
14 15 281874
15 16 525370
16 17 259093
17 18 401204
18 19 408960
19 20 145736
20 21 431446
21 22 877956
22 23 997770
23 24 12580
24 25 751867
25 26 36001
26 27 967774
27 28 365600
28 29 493242
29 30 961547
30 31 613644
31 32 418941
32 33 27786
33 34 412183
34 35 305797
35 36 959728
36 37 541927
37 38 212841
38 39 445980
39 40 490078
40 41 704654
41 42 544056
42 43 123784
43 44 539551
44 45 600444
45 46 891661
46 47 862432
47 48 905726
48 49 57074
49 50 329859
50 51 47196
51 52 64246
52 53 887156
53 54 213576
54 55 646042
55 56 319478
56 57 442116
57 58 255514
58 59 643287
59 60 499614
60 61 217963
61 62 748939
62 63 162289
63 64 84479
64 65 594545
65 66 209277
66 67 441963
67 68 230431
68 69 992351
69 70 670630
70 71 980329
71 72 322546
72 73 70660
73 74 757133
74 75 450223
75 76 97441
76 77 663468
77 78 851530
78 79 346405
79 80 62214
80 81 155306
81 82 888777
82 83 157909
83 84 89774
84 85 880079
85 86 665095
86 87 373483
87 88 156501
88 89 240112
89 90 688915
