cc61ad56a4797fb3f5c9529f73ce6fcedd85669b
1
100 89 91 1462096533
0 1 639564
1 2 263322
2 3 868637
3 4 907132
4 5 701936
5 6 917697
6 7 934119
7 8 807575
8 9 601671
9 10 703969
10 11 258031
11 12 55044
12 13 582886
13 14 983102
14 15 339533
15 16 15472
16 17 166131
17 18 795004
18 19 139911
19 20 292233
20 21 519016
21 22 998435
22 23 681113
23 24 157376
24 25 982736
25 26 256477
26 27 639277
27 28 612999
28 29 740296
29 30 625974
30 31 483235
31 32 984852
32 33 418879
33 34 727067
34 35 219722
35 36 780380
36 37 727029
37 38 177243
38 39 549220
39 40 452376
40 41 455487
41 42 658281
42 43 968870
43 44 332610
44 45 22081
45 46 837143
46 47 495093
47 48 186328
48 49 649970
49 50 782811
50 51 935209
51 52 516248
52 53 652123
53 54 362445
54 55 835469
55 56 713858
56 57 110040
57 58 678567
58 59 242140
59 60 333337
60 61 560469
61 62 339779
62 63 211397
63 64 257953
64 65 205585
65 66 597792
66 67 743336
67 68 274850
68 69 571166
69 70 945245
70 71 870487
71 72 323939
72 73 82334
73 74 361468
74 75 853333
75 76 646383
76 77 241159
77 78 741664
78 79 244185
79 80 173203
80 81 496928
81 82 109070
82 83 732428
83 84 60189
84 85 424641
85 86 62447
86 87 21830
87 88 442206
88 89 761430
89 90 787532
90 91 98196
91 92 53032
92 93 542428
93 94 881488
94 95 932277
95 96 692177
96 97 797922
97 98 119498
98 99 712600
