cc61ad56a4797fb3f5c9529f73ce6fcedd85669b
1
99 6 8 23890628
0 1 571377
1 2 534743
2 3 176083
3 4 349821
4 5 464742
5 6 833949
6 7 635266
7 8 963766
8 9 824768
9 10 619251
10 11 816054
11 12 582962
12 13 24653
13 14 411247
14 15 83520
15 16 285010
16 17 823410
17 18 432273
18 19 701164
19 20 741379
20 21 524979
21 22 805379
22 23 881410
23 24 405757
24 25 964393
25 26 204120
26 27 344962
27 28 740480
28 29 413067
29 30 883406
30 31 776485
31 32 860951
32 33 799784
33 34 468686
34 35 356449
35 36 407702
36 37 862825
37 38 181417
38 39 205603
39 40 503582
40 41 255953
41 42 822426
42 43 780051
43 44 107158
44 45 277438
45 46 833864
46 47 645461
47 48 322801
48 49 324711
49 50 640898
50 51 980612
51 52 933676
52 53 435677
53 54 521859
54 55 201079
55 56 938253
56 57 457548
57 58 895085
58 59 485694
59 60 761703
60 61 267449
61 62 687631
62 63 272036
63 64 814739
64 65 76931
65 66 356641
66 67 500268
67 68 177590
68 69 560483
69 70 659781
70 71 429013
71 72 137920
72 73 278253
73 74 304837
74 75 717527
75 76 809128
76 77 981263
77 78 10073
78 79 188261
79 80 76914
80 81 213135
81 82 546912
82 83 367018
83 84 99115
84 85 898959
85 86 506211
86 87 106062
87 88 188457
88 89 400138
89 90 138519
90 91 756273
91 92 69197
92 93 311829
93 94 741849
94 95 997100
95 96 173954
96 97 711969
97 98 157873
