cc61ad56a4797fb3f5c9529f73ce6fcedd85669b
1
47 20 22 25669694
0 1 291237
1 2 851987
2 3 421247
3 4 962919
4 5 643085
5 6 224951
6 7 756890
7 8 147295
8 9 625823
9 10 736374
10 11 290526
11 12 335466
12 13 539086
13 14 957449
14 15 423408
15 16 932444
16 17 356032
17 18 307118
18 19 94279
19 20 989546
20 21 669005
21 22 31138
22 23 410924
23 24 465836
24 25 378752
25 26 357927
26 27 504955
27 28 314843
28 29 312469
29 30 33919
30 31 420064
31 32 538196
32 33 809273
33 34 617198
34 35 196058
35 36 435986
36 37 627277
37 38 863227
38 39 191355
39 40 186423
40 41 269667
41 42 549294
42 43 998310
43 44 513667
44 45 561918
45 46 780307
