cc61ad56a4797fb3f5c9529f73ce6fcedd85669b
1
50 0 49 332340134
0 1 987193
1 2 950856
2 3 893737
3 4 870689
4 5 810192
5 6 790242
6 7 744052
7 8 714922
8 9 677074
9 10 630082
10 11 599644
11 12 528415
12 13 491648
13 14 479486
14 15 439182
15 16 371085
16 17 357776
17 18 308161
18 19 254481
19 20 204306
20 21 185416
21 22 144448
22 23 105301
23 24 69294
24 25 39204
25 26 69299
26 27 105316
27 28 144375
28 29 185382
29 30 204326
30 31 254547
31 32 308101
32 33 357773
33 34 371117
34 35 439139
35 36 479502
36 37 491592
37 38 528370
38 39 599648
39 40 630079
40 41 677042
41 42 714928
42 43 744075
43 44 790174
44 45 810203
45 46 870640
46 47 893669
47 48 950844
48 49 987205
