48
137
137
123
107
107
118
100
117
121
138
141
148
152
139
140
144
99
136
138
111
126
128
52
73
75
132
132
152
141
111
117
134
128
128
137
149
145
148
156
99
99
29
163
53
161
71
61
54
114
25
150
165
167
87
100
135
36
99
32
43
93
100
104
117
96
113
115
108
108
161
26
153
153
92
98
111
113
135
137
137
65
152
155
159
123
123
132
93
108
110
127
127
138
103
99
93
153
153
162
53
53
163
121
126
128
34
116
125
127
120
120
129
143
157
157
76
129
130
140
76
6
17
51
158
29
87
160
160
169
68
103
107
131
131
106
146
148
148
157
136
136
172
65
73
112
131
130
138
139
24
128
128
57
49
142
140
135
135
156
67
82
84
161
97
110
112
138
138
50
133
135
136
146
98
157
159
51
64
66
75
77
96
104
14
126
130
145
145
15
141
160
162
104
156
53
109
134
136
102
109
128
132
75
137
139
144
116
121
125
132
135
137
148
148
113
43
92
94
74
75
87
124
167
167
71
70
50
77
79
110
146
146
153
128
128
133
115
120
122
49
96
98
153
156
166
119
130
132
90
107
127
137
137
126
130
130
149
143
155
24
177
177
118
117
117
124
144
148
148
155
92
103
105
91
68
156
39
92
94
115
127
153
153
160
149
149
117
170
52
56
97
136
138
119
126
68
146
146
47
137
139
139
54
25
52
54
124
126
131
119
119
134
142
144
144
157
146
146
157
54
73
75
82
45
102
58
120
12
23
129
148
159
122
126
48
154
154
165
99
83
112
116
123
147
147
168
149
153
56
163
165
94
67
100
103
129
124
124
129
44
109
130
132
152
152
119
127
128
146
117
122
124
143
156
158
62
130
132
97
46
170
171
175
166
168
148
39
103
60
112
31
120
149
151
132
152
53
95
111
127
45
155
155
163
74
133
137
144
140
140
157
126
126
143
139
139
23
126
127
143
123
132
68
38
121
136
138
37
92
94
34
49
51
164
173
60
65
127
129
146
150
81
157
127
134
136
175
180
182
122
122
131
131
131
160
105
141
141
162
51
72
152
154
157
165
34
89
94
96
62
156
157
159
93
94
126
150
152
153
85
85
92
101
124
126
159
160
57
144
146
147
162
97
165
167
137
137
144
33
65
79
96
109
59
72
74
108
118
65
70
132
132
149
115
116
130
54
85
99
108
164
164
175
142
146
146
73
118
118
141
112
112
125
156
171
173
130
137
139
119
147
148
40
39
109
121
151
153
154
131
36
54
56
24
123
138
110
125
127
93
97
162
117
138
140
89
101
104
106
55
134
136
78
75
75
79
50
142
146
149
142
143
57
165
167
167
38
71
42
167
117
128
130
154
166
167
94
132
22
92
56
133
133
157
46
109
109
57
134
134
155
78
146
148
71
51
107
109
124
114
114
159
162
165
120
135
138
142
34
109
109
158
92
144
65
130
132
133
156
169
170
168
85
152
69
124
133
139
106
161
107
134
134
134
151
33
50
52
174
82
107
109
118
137
137
142
108
145
138
94
160
161
134
170
51
76
80
80
63
136
161
25
87
106
108
144
145
151
164
63
139
127
129
142
85
96
100
113
125
125
142
131
117
78
80
38
133
140
36
46
127
131
104
128
128
131
102
154
120
98
151
129
129
129
136
142
155
157
83
48
67
69
164
166
167
52
139
139
62
26
53
137
142
143
155
156
120
120
129
106
108
110
129
123
123
156
108
144
144
112
110
121
123
110
111
27
93
102
104
102
109
117
120
127
129
89
107
107
114
168
168
175
115
39
41
38
125
38
105
101
120
122
129
154
156
170
170
34
131
162
164
90
106
106
160
130
51
68
72
141
142
154
159
57
66
72
83
130
124
84
86
144
28
38
86
92
46
125
127
95
95
128
66
60
151
45
141
153
153
160
50
60
85
87
60
83
85
71
84
86
172
172
177
145
147
68
49
76
78
160
162
12
76
114
35
150
150
157
72
89
91
116
130
131
139
102
102
121
144
144
155
165
167
79
82
171
173
101
114
118
81
133
42
95
143
104
125
146
95
35
43
110
59
158
158
171
118
120
133
125
143
143
168
98
67
67
39
98
98
109
136
172
174
108
121
123
146
146
161
78
45
137
155
159
146
66
70
97
101
138
138
163
112
121
138
142
110
112
153
157
136
137
143
103
70
107
113
117
118
128
73
76
77
83
112
125
127
165
165
172
94
64
139
143
97
87
91
78
131
132
111
130
155
73
160
163
165
88
90
95
99
125
172
150
67
132
133
151
144
79
127
58
170
171
60
143
100
100
161
134
135
54
125
151
155
100
91
122
124
134
108
119
125
9
14
53
55
128
167
114
116
90
103
103
109
144
115
115
36
177
177
184
29
136
138
149
23
75
90
92
48
69
90
154
134
134
90
42
125
125
59
151
151
79
129
144
146
92
105
109
36
40
88
90
95
112
112
68
123
75
98
100
60
132
139
141
36
86
88
168
124
147
149
55
73
101
153
156
94
89
138
149
153
114
114
125
109
110
134
103
125
150
152
131
132
108
119
128
130
124
109
124
128
131
131
136
118
125
127
59
51
53
41
47
24
134
155
156
172
116
133
135
121
122
134
31
167
46
64
130
132
42
53
112
129
131
157
66
140
144
130
141
143
134
166
166
181
152
152
35
111
119
134
136
40
108
109
164
164
167
68
81
83
78
113
117
80
109
111
155
23
28
30
27
108
110
176
176
187
90
148
171
121
121
124
140
21
25
84
128
130
130
56
41
81
86
88
128
135
137
28
106
107
88
154
102
107
158
162
162
165
124
124
119
106
142
70
69
149
57
76
80
47
53
42
156
156
159
154
154
127
47
55
98
100
79
96
98
142
151
153
13
131
133
48
129
132
142
129
40
116
96
44
110
112
44
155
38
71
122
122
59
166
171
32
113
115
115
142
40
57
59
76
125
125
142
127
133
134
171
57
69
114
26
150
150
159
150
150
169
153
153
160
158
160
66
125
130
130
49
107
109
109
132
119
132
136
125
158
160
107
136
138
161
161
168
147
140
144
80
79
126
140
92
47
49
62
64
141
144
88
34
48
49
155
155
38
138
153
155
31
163
95
99
138
141
165
60
125
26
87
148
148
148
153
75
110
116
40
128
107
115
103
48
85
172
173
100
79
98
100
125
133
150
154
55
13
168
144
144
151
169
169
49
149
170
170
149
116
140
146
49
75
127
129
109
140
140
68
157
157
162
112
113
113
120
163
163
174
152
154
114
89
128
134
159
124
129
49
155
157
164
143
40
69
71
113
61
92
94
100
104
104
111
101
102
118
94
122
129
145
131
159
159
36
39
110
114
92
97
86
98
101
111
109
158
124
125
125
146
155
155
166
60
64
125
133
129
131
138
91
184
66
123
99
123
149
51
132
130
145
147
156
157
165
144
145
153
150
93
94
104
126
126
139
53
124
133
45
64
81
83
48
67
86
90
91
101
103
110
102
111
113
139
141
113
129
131
142
157
157
168
134
136
136
87
67
94
98
85
124
126
118
85
33
35
81
76
78
114
163
163
172
134
135
143
130
151
153
141
141
39
168
169
177
156
156
47
138
138
143
94
158
161
165
85
96
98
139
99
51
61
147
150
152
136
171
109
131
55
92
94
122
91
102
104
140
140
147
23
46
69
71
141
142
148
48
25
108
110
103
103
136
147
147
35
141
141
148
98
121
123
119
128
130
109
155
155
160
122
122
131
84
34
99
170
172
173
159
64
64
93
160
163
23
107
63
80
84
142
142
147
54
146
146
149
124
129
131
164
164
87
115
128
134
58
101
103
149
149
10
153
153
29
134
134
145
91
50
67
69
86
86
99
119
93
118
122
97
138
142
102
115
121
40
50
55
59
120
126
29
117
132
134
144
144
157
80
111
112
149
154
159
161
156
153
155
156
173
173
76
38
57
142
148
87
88
112
152
152
161
82
93
112
116
34
109
157
102
154
155
109
144
148
153
128
141
143
151
151
162
127
119
121
140
98
122
129
131
169
169
172
158
158
167
161
161
172
15
143
143
148
80
91
95
62
92
92
113
126
55
105
107
117
161
161
166
76
91
93
46
78
149
129
131
18
100
107
115
150
151
173
14
16
31
111
111
151
38
40
140
146
42
39
13
130
130
173
108
113
115
123
132
142
152
155
165
48
143
151
152
119
119
146
116
125
127
160
110
110
112
82
96
78
172
172
177
123
144
146
120
138
138
39
109
127
144
101
51
103
130
132
129
136
138
121
146
148
149
91
111
112
124
103
105
114
104
112
49
35
153
153
148
161
172
174
40
96
109
111
83
92
94
26
141
150
110
167
167
156
48
77
81
33
55
88
58
86
121
134
145
147
137
127
128
136
99
58
97
99
163
144
144
161
137
146
148
145
149
59
139
139
150
60
43
114
116
143
143
154
37
46
48
120
120
127
53
130
38
96
139
143
110
33
82
84
141
144
146
135
86
132
134
101
126
139
143
85
108
112
56
146
153
81
96
102
102
129
113
132
136
97
126
148
104
142
142
47
24
125
128
144
126
126
149
135
146
154
148
137
137
148
115
129
136
138
43
61
64
66
59
71
114
161
161
170
171
171
176
87
90
103
109
20
117
117
128
59
117
117
128
123
125
125
132
123
126
70
121
134
136
24
104
117
119
83
133
133
144
18
31
103
180
114
118
127
34
157
157
39
159
176
178
159
159
76
63
111
126
128
125
126
153
139
144
146
73
145
125
134
134
58
140
143
147
107
111
111
118
138
141
78
109
109
140
108
108
139
80
99
103
84
111
115
91
157
157
172
89
106
110
156
109
122
124
167
167
35
102
173
176
110
157
157
162
145
93
102
104
105
73
74
160
75
84
86
128
126
173
35
51
158
75
140
147
159
167
167
101
117
138
140
123
106
111
125
16
26
37
25
78
82
131
131
103
59
78
80
143
136
136
141
78
81
115
108
108
142
98
98
126
68
74
93
95
45
45
82
42
130
143
53
120
80
84
160
109
151
130
175
177
177
49
