214
215
216
217
217
218
219
220
221
348
350
352
354
356
358
360
362
364
366
368
370
372
374
376
378
380
382
384
386
388
390
392
394
396
398
400
560
562
564
566
568
570
572
574
576
578
580
582
584
586
588
590
683
685
687
689
691
693
695
697
699
701
703
705
707
709
764
764
766
768
770
274
300
628
630
650
652
684
217
223
255
339
341
343
345
347
349
351
353
355
357
359
361
363
365
367
369
371
373
375
377
379
381
383
385
387
389
565
565
565
565
567
567
567
567
569
569
569
569
571
571
571
571
573
573
573
573
575
575
575
575
577
577
577
577
579
579
579
579
581
581
581
581
583
583
583
583
585
585
585
585
587
587
587
587
589
589
589
589
591
591
591
591
593
593
593
593
595
595
595
595
597
597
597
599
599
601
603
603
603
603
605
605
605
605
607
607
607
607
609
609
609
609
611
611
611
611
613
613
613
613
615
615
615
615
617
617
617
617
619
619
619
619
621
621
621
621
623
623
623
623
625
625
625
625
627
627
627
627
629
629
629
629
631
631
631
631
633
633
633
633
635
635
635
635
637
637
637
637
639
639
639
639
641
641
641
641
643
643
643
643
645
645
645
645
647
647
647
647
649
649
649
649
651
651
651
651
653
653
653
653
655
655
655
655
657
657
657
657
659
659
659
659
661
661
661
661
663
663
663
663
665
665
665
665
665
667
667
667
667
669
669
669
669
671
671
671
671
673
673
673
673
675
675
675
675
677
677
677
677
679
679
679
679
681
681
681
681
683
683
683
683
685
685
685
685
687
687
687
687
689
689
689
689
691
691
691
691
693
693
693
693
695
695
695
695
697
697
697
697
699
699
699
699
699
701
701
701
701
703
703
703
703
703
705
705
705
705
707
707
707
707
709
709
709
709
711
711
711
711
713
713
713
713
715
715
715
715
717
717
717
717
719
719
719
719
719
721
721
721
721
723
723
723
723
725
725
725
725
725
725
727
727
727
727
729
729
729
729
729
729
729
729
449
451
457
461
463
465
467
619
621
623
625
345
351
353
357
361
363
365
367
369
667
673
679
681
683
731
731
735
245
247
249
251
269
580
668
670
670
672
672
80
212
645
645
645
645
649
651
653
653
653
657
659
659
661
661
661
661
661
661
663
663
663
663
663
663
665
665
665
665
665
665
667
667
667
667
667
667
669
669
669
669
669
669
671
671
671
671
671
671
673
673
673
673
673
673
675
675
675
675
675
675
677
677
319
15
