19
199
199
34
135
129
15
129
189
63
199
185
24
131
28
99
183
30
163
183
19
139
183
42
199
185
16
149
183
22
107
46
199
189
27
199
183
65
199
187
25
199
183
45
183
185
39
145
185
33
199
185
38
199
185
74
107
37
199
185
32
137
187
24
199
37
141
23
167
185
55
149
187
39
167
185
45
159
181
14
199
30
163
185
34
151
189
26
199
187
19
95
185
29
199
187
66
159
36
199
183
42
99
185
42
135
181
41
123
183
34
199
183
32
123
187
41
199
189
22
133
189
47
163
185
17
105
27
127
35
199
187
15
135
183
29
157
185
25
113
181
24
165
183
51
117
187
56
187
24
163
31
167
181
23
129
185
23
199
185
11
199
189
30
179
181
66
199
33
145
183
26
159
183
35
183
185
23
199
187
34
199
185
25
139
181
36
157
185
47
199
187
32
199
189
11
199
185
33
123
187
21
199
183
34
157
185
34
199
179
45
159
16
165
185
36
199
24
199
187
55
199
59
199
185
43
161
26
199
185
34
129
185
15
199
187
19
179
183
22
129
9
199
185
56
129
45
133
26
183
19
107
36
199
185
11
129
189
57
119
189
25
161
183
45
161
44
107
183
49
169
185
39
155
185
38
145
185
49
199
187
35
163
181
59
113
181
43
107
187
41
199
187
33
135
183
37
117
185
16
115
32
135
185
49
149
181
11
135
185
7
99
183
51
115
183
16
199
185
17
199
187
26
165
36
173
183
14
159
189
8
199
183
27
159
54
145
183
72
145
183
17
141
31
199
189
21
199
187
23
129
181
24
199
181
46
133
181
9
149
179
27
141
187
21
199
187
38
199
28
165
185
39
131
183
16
115
27
199
185
31
111
187
52
199
183
57
143
183
45
125
15
199
28
159
183
34
109
25
107
187
19
199
185
55
159
185
16
147
189
56
179
27
149
187
15
141
17
173
185
50
199
187
13
145
183
36
125
25
119
56
133
183
31
115
183
31
175
187
40
153
189
41
199
189
30
127
19
199
187
24
101
187
22
137
30
99
31
141
26
177
181
45
155
183
77
199
183
18
113
185
66
153
183
24
199
187
52
147
27
137
187
35
161
187
53
153
185
33
105
17
199
183
18
199
187
30
199
183
28
139
183
22
167
181
42
145
185
37
199
183
47
125
185
34
199
185
57
119
179
47
199
183
44
199
185
41
123
183
33
111
189
22
151
185
26
183
185
26
199
189
11
199
183
50
107
183
7
189
185
17
199
187
35
199
187
25
137
24
123
27
199
181
35
189
187
29
199
189
42
199
187
37
141
14
153
185
7
155
187
16
199
181
32
113
187
13
199
24
163
189
33
149
183
22
199
181
33
145
189
14
169
13
185
41
117
181
22
159
183
18
149
183
51
163
187
46
189
187
19
163
41
199
185
78
181
189
13
169
19
125
38
139
189
46
167
15
137
183
22
167
187
35
161
185
36
129
185
14
199
185
51
129
181
13
163
185
45
199
187
44
183
42
171
187
25
169
187
47
159
17
99
185
37
161
181
15
199
185
39
163
185
24
181
181
31
199
183
44
185
15
183
183
26
107
183
16
199
185
45
127
187
28
199
183
36
199
181
38
199
67
199
183
24
199
183
51
133
185
15
183
189
39
115
27
157
25
117
27
87
189
20
199
185
47
199
183
26
129
185
70
131
181
72
199
191
47
199
183
24
129
183
14
137
189
25
181
29
95
183
37
199
32
125
181
37
143
187
28
143
183
15
153
187
14
133
181
23
135
187
27
165
36
155
187
24
107
187
44
199
183
77
121
181
40
165
183
65
177
185
30
185
187
29
137
189
53
117
185
43
181
183
16
199
187
24
199
187
9
181
187
26
119
33
147
183
23
115
181
51
149
183
53
121
75
147
183
20
175
26
99
52
199
187
15
185
187
47
169
183
19
133
28
199
187
15
199
185
51
143
185
30
143
185
22
199
185
26
199
183
20
161
183
33
159
181
57
93
33
199
187
41
105
181
30
199
183
32
161
189
7
199
35
169
183
38
105
37
177
38
167
187
60
147
187
17
199
187
57
199
183
56
167
187
17
151
185
33
153
62
153
187
43
143
46
171
189
32
125
181
43
121
44
155
181
20
199
183
23
131
183
35
151
30
199
185
44
199
187
27
127
19
199
185
38
137
183
39
199
189
19
105
181
21
177
12
133
34
153
183
38
153
183
25
133
77
107
181
48
199
185
43
119
179
38
185
34
151
183
47
161
181
73
149
43
155
23
153
7
137
187
15
171
187
23
147
187
30
157
187
54
107
21
135
189
23
199
185
32
199
181
35
157
187
30
199
185
37
199
185
43
159
187
31
199
187
30
199
185
35
139
185
32
199
183
13
199
46
167
38
135
25
177
41
199
183
28
181
185
42
199
185
44
129
185
23
143
187
21
199
189
26
133
24
199
183
38
123
27
199
185
11
147
185
25
199
187
56
199
185
52
175
187
21
139
185
52
111
187
24
129
51
199
185
7
181
179
31
157
32
115
19
151
183
39
157
57
127
183
13
129
189
15
127
185
23
199
187
39
167
181
51
157
187
7
189
47
199
185
37
199
179
48
123
187
51
199
189
12
199
185
24
183
183
33
107
181
30
145
187
28
199
185
21
149
51
199
185
22
147
187
13
137
11
123
60
199
187
30
151
187
13
149
189
29
199
185
16
199
185
26
141
185
34
199
187
10
129
185
15
169
181
27
199
185
32
199
185
49
167
187
12
179
189
28
93
185
40
199
187
69
199
179
35
199
187
15
167
185
38
155
44
153
38
123
187
34
159
38
143
187
56
139
185
29
123
44
199
187
18
141
185
9
117
181
29
199
189
33
131
185
19
131
181
63
145
35
199
189
23
163
189
22
199
191
39
153
20
137
35
165
181
33
121
185
22
99
187
41
103
181
40
149
191
21
157
55
199
183
48
181
181
34
135
33
199
183
54
131
189
35
199
185
60
159
27
111
26
173
187
52
141
183
51
137
187
22
117
183
8
123
183
40
199
16
125
183
22
199
183
15
129
48
199
9
143
185
27
107
183
28
153
187
13
199
187
45
199
189
30
139
36
199
181
58
199
183
47
151
187
58
163
191
44
147
185
33
127
185
16
199
181
44
131
191
7
119
35
199
189
16
151
183
25
119
185
45
159
24
199
187
40
199
187
51
115
19
113
187
31
199
179
31
111
22
199
183
20
199
181
28
153
189
41
187
189
24
155
187
21
155
185
36
133
21
199
14
199
183
33
113
181
26
193
187
24
159
21
165
183
17
199
179
25
147
183
18
99
179
30
199
183
20
199
187
9
109
56
199
189
43
199
187
45
199
189
44
119
179
77
133
181
50
197
185
34
133
15
199
179
22
181
189
13
199
183
22
199
13
149
183
40
177
187
21
163
183
17
199
189
42
199
24
113
185
27
117
189
35
87
22
107
183
32
199
183
40
199
183
30
109
187
18
199
181
33
199
187
34
199
42
165
17
199
179
37
145
185
15
161
68
125
181
60
199
183
40
199
187
32
131
32
151
18
137
59
199
185
17
153
185
17
111
187
45
199
179
24
199
26
165
183
28
199
185
21
141
179
23
185
181
43
145
10
199
189
48
199
183
64
199
187
20
179
185
52
139
25
179
191
48
199
181
35
139
185
36
199
18
125
185
47
199
187
75
199
187
11
153
187
59
199
187
31
199
185
29
199
181
66
199
183
49
95
187
31
199
185
41
127
181
35
199
179
25
199
191
23
109
183
55
155
187
30
199
181
28
113
183
9
151
185
56
199
185
47
133
181
9
159
185
51
101
187
49
171
24
199
183
29
111
41
159
48
137
30
199
31
199
183
21
113
185
33
155
183
32
113
183
52
115
29
131
185
28
137
187
14
199
189
40
199
183
10
199
187
13
199
183
11
159
181
68
111
189
20
199
185
21
181
189
26
199
183
47
199
187
58
199
185
22
133
185
23
199
46
199
187
39
155
41
137
187
56
173
187
25
141
185
24
133
189
33
145
181
32
199
185
13
161
181
19
145
185
30
199
187
58
199
185
38
199
187
68
149
181
32
119
185
20
153
35
199
185
63
145
183
13
115
181
13
83
25
199
189
22
199
187
8
199
52
181
20
101
19
155
181
20
157
185
39
143
183
15
199
185
21
143
187
30
135
189
33
199
24
125
181
9
145
181
22
199
183
56
159
187
52
121
185
26
143
17
145
59
199
183
57
123
187
11
131
51
199
185
23
115
181
13
199
189
25
155
33
199
16
125
181
16
143
185
13
185
25
199
183
37
135
183
63
151
187
32
141
179
68
131
7
123
185
39
199
187
14
99
37
153
187
24
127
38
105
181
23
199
187
23
189
185
39
199
185
40
117
181
44
199
187
29
199
181
59
199
185
42
199
187
21
199
181
29
145
23
131
187
11
137
183
27
123
185
49
181
185
38
155
183
62
151
185
55
115
185
39
199
183
26
91
185
14
141
183
29
159
185
15
191
34
153
181
53
131
181
24
199
187
41
153
35
199
187
14
143
187
44
171
185
42
199
183
42
101
181
30
165
181
37
171
181
56
199
189
28
199
181
29
165
187
16
119
58
135
183
47
199
185
38
155
189
43
199
25
141
183
48
155
189
17
199
185
29
177
48
125
179
35
145
181
51
199
183
22
137
185
50
141
185
45
199
181
35
133
35
199
185
15
159
189
26
119
181
31
199
181
13
145
187
20
141
183
27
199
181
26
149
181
28
125
187
42
131
185
21
159
187
12
101
183
46
199
187
58
199
29
145
187
27
161
185
24
199
189
17
199
185
31
123
181
59
183
181
29
143
183
9
191
185
37
177
34
131
191
36
137
50
117
183
51
157
183
18
151
32
151
24
147
185
63
133
57
199
189
30
199
187
25
193
185
44
161
181
34
147
183
32
199
185
22
199
183
45
141
185
19
107
181
19
125
181
44
137
29
89
25
165
185
43
101
185
25
109
39
157
185
26
131
183
24
199
191
35
145
47
97
181
50
137
181
28
199
187
26
159
181
27
113
32
165
187
37
155
185
26
127
181
50
107
187
29
167
185
22
141
185
37
125
185
35
131
181
20
199
183
15
199
185
21
139
62
91
183
26
123
189
29
127
183
51
199
23
135
185
48
145
187
49
155
31
121
181
22
199
28
147
44
199
185
37
135
181
23
199
181
34
133
183
30
95
191
18
163
185
32
109
185
37
139
179
23
199
183
35
153
187
18
145
20
199
187
27
119
183
26
199
185
31
127
187
50
183
187
21
89
33
199
183
24
141
62
185
185
23
169
181
12
163
187
59
199
187
46
145
189
47
143
185
13
199
189
57
199
181
14
143
22
199
189
25
199
183
54
139
187
12
199
183
13
149
181
55
199
14
199
187
25
199
183
30
143
183
28
199
185
18
129
8
135
38
123
187
46
151
189
54
133
185
24
187
187
41
131
181
