cc61ad56a4797fb3f5c9529f73ce6fcedd85669b
1
500 370 372 19501231139
0 1 617029
1 2 797198
2 3 612141
3 4 591522
4 5 350816
5 6 688732
6 7 453281
7 8 832047
8 9 259836
9 10 18218
10 11 771848
11 12 559096
12 13 175229
13 14 52243
14 15 644076
15 16 971271
16 17 808287
17 18 369695
18 19 213453
19 20 496750
20 21 148858
21 22 700603
22 23 47465
23 24 101642
24 25 137343
25 26 455619
26 27 947958
27 28 267906
28 29 934010
29 30 316922
30 31 338403
31 32 928198
32 33 913104
33 34 593742
34 35 419164
35 36 595666
36 37 484352
37 38 699478
38 39 829125
39 40 530538
40 41 427108
41 42 459093
42 43 146748
43 44 168861
44 45 793966
45 46 315318
46 47 724505
47 48 679813
48 49 988205
49 50 743823
50 51 76654
51 52 637123
52 53 370311
53 54 468576
54 55 836424
55 56 366660
56 57 873726
57 58 696915
58 59 535086
59 60 422592
60 61 236653
61 62 13691
62 63 796319
63 64 484855
64 65 135114
65 66 567383
66 67 707414
67 68 532852
68 69 623011
69 70 742541
70 71 677575
71 72 440972
72 73 661347
73 74 602673
74 75 52768
75 76 683997
76 77 779915
77 78 523965
78 79 282955
79 80 985425
80 81 957371
81 82 28248
82 83 312552
83 84 824346
84 85 860968
85 86 668946
86 87 974741
87 88 533109
88 89 168805
89 90 664291
90 91 552487
91 92 277801
92 93 325340
93 94 853745
94 95 36720
95 96 353607
96 97 68116
97 98 361736
98 99 782457
99 100 936489
100 101 409322
101 102 94689
102 103 225158
103 104 285428
104 105 654809
105 106 894749
106 107 896663
107 108 649880
108 109 153652
109 110 335497
110 111 194787
111 112 859084
112 113 939304
113 114 113498
114 115 980444
115 116 140436
116 117 800381
117 118 572784
118 119 357359
119 120 135613
120 121 189652
121 122 231252
122 123 870147
123 124 750301
124 125 867815
125 126 459387
126 127 575223
127 128 465429
128 129 356237
129 130 502850
130 131 906342
131 132 930128
132 133 992821
133 134 587249
134 135 515684
135 136 387523
136 137 242920
137 138 385787
138 139 304895
139 140 878509
140 141 449993
141 142 456378
142 143 415424
143 144 490198
144 145 16342
145 146 782260
146 147 997609
147 148 526865
148 149 254630
149 150 883930
150 151 814519
151 152 758843
152 153 243114
153 154 780357
154 155 770144
155 156 689915
156 157 875949
157 158 944954
158 159 61011
159 160 800194
160 161 20694
161 162 581093
162 163 588604
163 164 114506
164 165 148451
165 166 285790
166 167 567678
167 168 91993
168 169 687086
169 170 958632
170 171 51961
171 172 638845
172 173 351977
173 174 100975
174 175 16451
175 176 933646
176 177 963682
177 178 187783
178 179 142129
179 180 129648
180 181 817218
181 182 959666
182 183 930765
183 184 632656
184 185 894343
185 186 95064
186 187 324382
187 188 474916
188 189 275727
189 190 692365
190 191 974501
191 192 995118
192 193 594895
193 194 919504
194 195 769948
195 196 766071
196 197 775637
197 198 107208
198 199 655991
199 200 773973
200 201 875211
201 202 816519
202 203 819940
203 204 344423
204 205 51061
205 206 183817
206 207 710924
207 208 958421
208 209 983599
209 210 123123
210 211 507857
211 212 728210
212 213 538225
213 214 36374
214 215 587408
215 216 103772
216 217 443341
217 218 499242
218 219 879326
219 220 915000
220 221 579117
221 222 849557
222 223 660557
223 224 691448
224 225 381527
225 226 283364
226 227 983525
227 228 939446
228 229 725610
229 230 833422
230 231 500461
231 232 43160
232 233 671392
233 234 848182
234 235 906273
235 236 709900
236 237 784460
237 238 812519
238 239 235706
239 240 134666
240 241 608539
241 242 430103
242 243 924012
243 244 212375
244 245 201428
245 246 944806
246 247 195745
247 248 347838
248 249 140122
249 250 546206
250 251 606016
251 252 341654
252 253 283942
253 254 378994
254 255 163178
255 256 211969
256 257 136015
257 258 675713
258 259 854712
259 260 546088
260 261 296835
261 262 177937
262 263 962112
263 264 286081
264 265 16845
265 266 885462
266 267 914255
267 268 731915
268 269 841039
269 270 153706
270 271 623919
271 272 426511
272 273 791815
273 274 136660
274 275 605280
275 276 327710
276 277 554379
277 278 387651
278 279 39647
279 280 943639
280 281 954894
281 282 197138
282 283 41443
283 284 222623
284 285 708187
285 286 897987
286 287 575197
287 288 319720
288 289 813078
289 290 390982
290 291 140341
291 292 62829
292 293 98688
293 294 150897
294 295 137361
295 296 556338
296 297 275953
297 298 548038
298 299 494608
299 300 587654
300 301 357022
301 302 735922
302 303 36744
303 304 61121
304 305 477074
305 306 266
306 307 930445
307 308 675080
308 309 385270
309 310 885197
310 311 937963
311 312 39366
312 313 300810
313 314 829159
314 315 55720
315 316 311475
316 317 524715
317 318 889257
318 319 98245
319 320 642254
320 321 440589
321 322 627796
322 323 554428
323 324 871076
324 325 97408
325 326 225229
326 327 120704
327 328 571848
328 329 116653
329 330 573031
330 331 294337
331 332 808282
332 333 386200
333 334 732318
334 335 296423
335 336 203587
336 337 155997
337 338 936344
338 339 597524
339 340 96948
340 341 48820
341 342 182628
342 343 230629
343 344 794540
344 345 719534
345 346 540540
346 347 341551
347 348 585841
348 349 77751
349 350 101636
350 351 499331
351 352 298067
352 353 668436
353 354 57482
354 355 375660
355 356 712110
356 357 50212
357 358 83206
358 359 780653
359 360 724582
360 361 469857
361 362 267993
362 363 84933
363 364 405354
364 365 19038
365 366 652751
366 367 203180
367 368 842035
368 369 590343
369 370 172510
370 371 829397
371 372 449092
372 373 635430
373 374 715687
374 375 47148
375 376 160041
376 377 177370
377 378 875378
378 379 12503
379 380 75769
380 381 624351
381 382 938611
382 383 122039
383 384 579222
384 385 713995
385 386 10249
386 387 574053
387 388 889258
388 389 688652
389 390 403643
390 391 863543
391 392 340906
392 393 370924
393 394 589819
394 395 72442
395 396 526804
396 397 64079
397 398 879717
398 399 744439
399 400 159409
400 401 532082
401 402 385918
402 403 857456
403 404 801621
404 405 236139
405 406 364598
406 407 69601
407 408 802204
408 409 6253
409 410 964200
410 411 715713
411 412 158445
412 413 37506
413 414 222807
414 415 67008
415 416 908856
416 417 806673
417 418 185841
418 419 867913
419 420 759545
420 421 415831
421 422 60493
422 423 133247
423 424 922100
424 425 315567
425 426 37358
426 427 238913
427 428 352953
428 429 4236
429 430 530175
430 431 113383
431 432 102111
432 433 733947
433 434 15190
434 435 466180
435 436 73674
436 437 704868
437 438 180275
438 439 36644
439 440 397734
440 441 400136
441 442 955007
442 443 445965
443 444 866155
444 445 275457
445 446 842512
446 447 647871
447 448 509913
448 449 912838
449 450 312033
450 451 748726
451 452 65595
452 453 700070
453 454 480476
454 455 741028
455 456 105958
456 457 931594
457 458 701265
458 459 46393
459 460 214392
460 461 717493
461 462 51070
462 463 863709
463 464 302299
464 465 544581
465 466 436678
466 467 425266
467 468 882689
468 469 715825
469 470 179708
470 471 490068
471 472 566951
472 473 62730
473 474 447127
474 475 150426
475 476 860180
476 477 927484
477 478 865341
478 479 540116
479 480 658840
480 481 184011
481 482 627450
482 483 833932
483 484 683087
484 485 687896
485 486 556103
486 487 217991
487 488 938909
488 489 144412
489 490 105093
490 491 102147
491 492 91506
492 493 779433
493 494 754817
494 495 383160
495 496 315461
496 497 79342
497 498 345456
498 499 30169
