cc61ad56a4797fb3f5c9529f73ce6fcedd85669b
1
457 25 26 23461573
0 1 966726
1 2 347411
2 3 485905
3 4 803836
4 5 621204
5 6 767483
6 7 853669
7 8 510772
8 9 966639
9 10 221347
10 11 334454
11 12 553189
12 13 435896
13 14 294128
14 15 68783
15 16 492900
16 17 272820
17 18 566713
18 19 958845
19 20 288151
20 21 485703
21 22 863684
22 23 669071
23 24 760887
24 25 626361
25 26 611788
26 27 576212
27 28 473553
28 29 179317
29 30 681725
30 31 164671
31 32 825152
32 33 525381
33 34 146742
34 35 840774
35 36 736693
36 37 695511
37 38 65029
38 39 831902
39 40 216815
40 41 577466
41 42 348078
42 43 4032
43 44 212354
44 45 935585
45 46 534628
46 47 995879
47 48 175444
48 49 662110
49 50 316814
50 51 97423
51 52 314971
52 53 543720
53 54 850115
54 55 730231
55 56 816160
56 57 139093
57 58 405965
58 59 164127
59 60 656190
60 61 102304
61 62 642473
62 63 594123
63 64 53986
64 65 247651
65 66 788677
66 67 532349
67 68 153996
68 69 50269
69 70 691841
70 71 171262
71 72 102797
72 73 699054
73 74 92462
74 75 126165
75 76 201287
76 77 340758
77 78 144657
78 79 305677
79 80 847727
80 81 560633
81 82 894944
82 83 919411
83 84 206478
84 85 480028
85 86 35075
86 87 916246
87 88 154555
88 89 166056
89 90 842068
90 91 889541
91 92 453154
92 93 370278
93 94 561631
94 95 606356
95 96 665215
96 97 715586
97 98 318434
98 99 206038
99 100 644835
100 101 386184
101 102 634446
102 103 253987
103 104 554606
104 105 910953
105 106 88195
106 107 411732
107 108 882386
108 109 788982
109 110 317399
110 111 703746
111 112 510102
112 113 197667
113 114 526415
114 115 284810
115 116 970576
116 117 171013
117 118 541604
118 119 57675
119 120 545577
120 121 20564
121 122 833024
122 123 98405
123 124 738589
124 125 977705
125 126 593342
126 127 176827
127 128 69048
128 129 913729
129 130 10092
130 131 340146
131 132 943065
132 133 965303
133 134 197899
134 135 900207
135 136 748850
136 137 519437
137 138 803405
138 139 568668
139 140 759493
140 141 219235
141 142 783190
142 143 416612
143 144 755176
144 145 854590
145 146 798716
146 147 131122
147 148 350850
148 149 615170
149 150 38791
150 151 519285
151 152 411723
152 153 89976
153 154 880048
154 155 392543
155 156 806031
156 157 79625
157 158 786021
158 159 37984
159 160 8747
160 161 694847
161 162 864067
162 163 257007
163 164 823630
164 165 117962
165 166 694234
166 167 353985
167 168 678393
168 169 76089
169 170 664365
170 171 708943
171 172 262079
172 173 367677
173 174 761903
174 175 44692
175 176 573253
176 177 416617
177 178 593094
178 179 984013
179 180 116610
180 181 498484
181 182 509322
182 183 35318
183 184 907328
184 185 153268
185 186 103878
186 187 706963
187 188 929304
188 189 13540
189 190 941686
190 191 119588
191 192 225338
192 193 462814
193 194 989960
194 195 77231
195 196 644706
196 197 161506
197 198 983579
198 199 396473
199 200 324899
200 201 937613
201 202 19073
202 203 254989
203 204 913632
204 205 152738
205 206 688832
206 207 75635
207 208 97741
208 209 411012
209 210 139917
210 211 780665
211 212 295090
212 213 813625
213 214 482831
214 215 412206
215 216 730919
216 217 386984
217 218 354082
218 219 664993
219 220 702041
220 221 613531
221 222 770448
222 223 767654
223 224 32131
224 225 614398
225 226 55257
226 227 827856
227 228 857397
228 229 928989
229 230 78380
230 231 796407
231 232 904913
232 233 780777
233 234 935019
234 235 22900
235 236 459912
236 237 90227
237 238 654379
238 239 174304
239 240 462496
240 241 333551
241 242 233648
242 243 318296
243 244 981489
244 245 872626
245 246 346293
246 247 45179
247 248 558370
248 249 421876
249 250 136354
250 251 518185
251 252 85872
252 253 644175
253 254 239699
254 255 70021
255 256 560104
256 257 449981
257 258 515607
258 259 848628
259 260 264488
260 261 187613
261 262 619822
262 263 840412
263 264 333089
264 265 110317
265 266 108298
266 267 706981
267 268 920023
268 269 460433
269 270 647758
270 271 508667
271 272 803038
272 273 551882
273 274 32402
274 275 114249
275 276 784415
276 277 995136
277 278 573724
278 279 236926
279 280 720401
280 281 836153
281 282 239271
282 283 888076
283 284 615487
284 285 120862
285 286 347103
286 287 378979
287 288 900680
288 289 798076
289 290 450147
290 291 385274
291 292 650009
292 293 450816
293 294 403138
294 295 905542
295 296 991221
296 297 349434
297 298 745982
298 299 485505
299 300 935213
300 301 394714
301 302 959947
302 303 43428
303 304 64552
304 305 738870
305 306 120720
306 307 7084
307 308 67676
308 309 839746
309 310 274276
310 311 259608
311 312 928978
312 313 112917
313 314 539154
314 315 516072
315 316 770213
316 317 72234
317 318 652501
318 319 388703
319 320 490691
320 321 509276
321 322 785564
322 323 961602
323 324 656106
324 325 136168
325 326 449670
326 327 285399
327 328 54060
328 329 827694
329 330 740903
330 331 922406
331 332 45227
332 333 748976
333 334 332929
334 335 504315
335 336 213404
336 337 59729
337 338 552139
338 339 25057
339 340 71944
340 341 897111
341 342 15597
342 343 770151
343 344 283718
344 345 650858
345 346 358977
346 347 454687
347 348 470146
348 349 627922
349 350 248595
350 351 920985
351 352 518265
352 353 928187
353 354 850594
354 355 908460
355 356 703674
356 357 88948
357 358 979100
358 359 535213
359 360 680229
360 361 938411
361 362 76581
362 363 410230
363 364 396143
364 365 516594
365 366 651152
366 367 507104
367 368 215260
368 369 472701
369 370 950883
370 371 533000
371 372 246275
372 373 502625
373 374 131095
374 375 392653
375 376 697358
376 377 851414
377 378 702422
378 379 564175
379 380 355830
380 381 164662
381 382 135163
382 383 24050
383 384 485770
384 385 670779
385 386 719573
386 387 188248
387 388 736937
388 389 801796
389 390 770019
390 391 686378
391 392 986690
392 393 966288
393 394 726488
394 395 488976
395 396 43227
396 397 483904
397 398 414552
398 399 245811
399 400 308359
400 401 182233
401 402 717241
402 403 512449
403 404 179374
404 405 104255
405 406 443715
406 407 805161
407 408 905800
408 409 969595
409 410 538608
410 411 244442
411 412 471841
412 413 592118
413 414 672300
414 415 989064
415 416 528534
416 417 319419
417 418 969749
418 419 474023
419 420 757463
420 421 206520
421 422 488635
422 423 301229
423 424 9251
424 425 984253
425 426 556129
426 427 970388
427 428 80654
428 429 886138
429 430 274873
430 431 517013
431 432 267581
432 433 872773
433 434 97260
434 435 951341
435 436 93543
436 437 852945
437 438 851855
438 439 418715
439 440 773718
440 441 99000
441 442 143023
442 443 771423
443 444 255780
444 445 570610
445 446 784902
446 447 29245
447 448 306302
448 449 304539
449 450 920514
450 451 194551
451 452 23332
452 453 753776
453 454 919620
454 455 396502
455 456 421222
