cc61ad56a4797fb3f5c9529f73ce6fcedd85669b
1
479 90 404 53062927890
0 1 698391
1 2 854901
2 3 299918
3 4 209753
4 5 125978
5 6 520489
6 7 823919
7 8 421785
8 9 57291
9 10 69394
10 11 44699
11 12 238062
12 13 272509
13 14 761088
14 15 488160
15 16 342026
16 17 452424
17 18 632018
18 19 387438
19 20 836686
20 21 584132
21 22 926268
22 23 305686
23 24 859918
24 25 118796
25 26 135619
26 27 889612
27 28 429201
28 29 669244
29 30 29630
30 31 461797
31 32 723790
32 33 765171
33 34 504151
34 35 180377
35 36 467056
36 37 949713
37 38 778760
38 39 219457
39 40 369875
40 41 571001
41 42 588958
42 43 195929
43 44 3268
44 45 122256
45 46 128633
46 47 499391
47 48 469059
48 49 844987
49 50 918537
50 51 807730
51 52 746500
52 53 237093
53 54 643346
54 55 263571
55 56 857065
56 57 224886
57 58 577128
58 59 13862
59 60 829257
60 61 194780
61 62 984499
62 63 620178
63 64 498348
64 65 234949
65 66 386796
66 67 218716
67 68 86029
68 69 335523
69 70 905438
70 71 45744
71 72 536022
72 73 598630
73 74 138149
74 75 405784
75 76 752102
76 77 266309
77 78 66609
78 79 755521
79 80 881358
80 81 13301
81 82 620484
82 83 339773
83 84 475343
84 85 507119
85 86 333871
86 87 933883
87 88 53277
88 89 969902
89 90 96729
90 91 123025
91 92 709342
92 93 10414
93 94 37623
94 95 546610
95 96 513260
96 97 358062
97 98 574548
98 99 54776
99 100 520398
100 101 28270
101 102 798155
102 103 418586
103 104 566082
104 105 798641
105 106 731847
106 107 461750
107 108 55734
108 109 656124
109 110 265353
110 111 309512
111 112 706697
112 113 306836
113 114 622946
114 115 397680
115 116 60495
116 117 945604
117 118 288436
118 119 819184
119 120 296778
120 121 974932
121 122 92532
122 123 331883
123 124 187889
124 125 664146
125 126 8939
126 127 331623
127 128 293356
128 129 576205
129 130 445936
130 131 785675
131 132 483413
132 133 831764
133 134 197294
134 135 408097
135 136 10296
136 137 664122
137 138 704036
138 139 712149
139 140 54163
140 141 605461
141 142 73376
142 143 111283
143 144 873110
144 145 719930
145 146 817282
146 147 527212
147 148 984548
148 149 975490
149 150 244479
150 151 349969
151 152 539216
152 153 881096
153 154 46107
154 155 393430
155 156 412960
156 157 542440
157 158 753197
158 159 241232
159 160 627917
160 161 663937
161 162 68638
162 163 317559
163 164 428928
164 165 168628
165 166 21226
166 167 802212
167 168 342486
168 169 639330
169 170 965596
170 171 899027
171 172 185309
172 173 388144
173 174 345174
174 175 899938
175 176 527572
176 177 481990
177 178 984774
178 179 95312
179 180 371566
180 181 43275
181 182 610738
182 183 333694
183 184 230479
184 185 12907
185 186 516013
186 187 76401
187 188 729805
188 189 266961
189 190 141662
190 191 480845
191 192 916592
192 193 485292
193 194 549952
194 195 309403
195 196 42609
196 197 622893
197 198 218524
198 199 97411
199 200 801022
200 201 249287
201 202 852368
202 203 316562
203 204 385588
204 205 60270
205 206 642699
206 207 771381
207 208 631459
208 209 124312
209 210 883214
210 211 486396
211 212 267406
212 213 678270
213 214 98348
214 215 250391
215 216 764583
216 217 588763
217 218 205258
218 219 883100
219 220 650262
220 221 947947
221 222 853343
222 223 350270
223 224 35059
224 225 358381
225 226 631988
226 227 583959
227 228 474503
228 229 176097
229 230 883045
230 231 61982
231 232 862607
232 233 411467
233 234 29022
234 235 937201
235 236 346680
236 237 245805
237 238 928415
238 239 484748
239 240 184099
240 241 164752
241 242 290424
242 243 309328
243 244 545186
244 245 557819
245 246 742861
246 247 436029
247 248 334201
248 249 642682
249 250 47122
250 251 795447
251 252 386653
252 253 78104
253 254 562063
254 255 535300
255 256 208248
256 257 588900
257 258 892124
258 259 622091
259 260 852002
260 261 207024
261 262 487654
262 263 546582
263 264 686761
264 265 554060
265 266 852392
266 267 405072
267 268 415178
268 269 413391
269 270 478258
270 271 449736
271 272 877429
272 273 558606
273 274 127205
274 275 15596
275 276 768460
276 277 625762
277 278 350069
278 279 215694
279 280 687523
280 281 460070
281 282 339109
282 283 540770
283 284 464705
284 285 366647
285 286 396237
286 287 352061
287 288 43550
288 289 642162
289 290 818199
290 291 95767
291 292 453219
292 293 789560
293 294 814013
294 295 882505
295 296 109612
296 297 201004
297 298 243725
298 299 780624
299 300 951112
300 301 766259
301 302 888229
302 303 167495
303 304 806839
304 305 99891
305 306 134902
306 307 394800
307 308 639531
308 309 929428
309 310 191684
310 311 254508
311 312 407239
312 313 495809
313 314 442147
314 315 908669
315 316 994338
316 317 9959
317 318 487547
318 319 710091
319 320 710277
320 321 771061
321 322 682629
322 323 565211
323 324 991720
324 325 784346
325 326 792396
326 327 358617
327 328 26616
328 329 723914
329 330 987693
330 331 623375
331 332 871508
332 333 959033
333 334 832598
334 335 559467
335 336 809738
336 337 422749
337 338 686601
338 339 770940
339 340 312478
340 341 34287
341 342 807642
342 343 135541
343 344 152516
344 345 42986
345 346 429805
346 347 481257
347 348 29344
348 349 534410
349 350 8824
350 351 790988
351 352 175309
352 353 770958
353 354 47174
354 355 879608
355 356 209618
356 357 236215
357 358 689458
358 359 472165
359 360 349998
360 361 867526
361 362 278696
362 363 95598
363 364 559053
364 365 84289
365 366 875367
366 367 842579
367 368 940879
368 369 421550
369 370 433472
370 371 176689
371 372 721607
372 373 565141
373 374 635287
374 375 459659
375 376 677050
376 377 665857
377 378 944801
378 379 457604
379 380 282908
380 381 357696
381 382 363685
382 383 418402
383 384 840086
384 385 861278
385 386 628283
386 387 127500
387 388 939202
388 389 21101
389 390 888847
390 391 497612
391 392 495788
392 393 762560
393 394 156894
394 395 721294
395 396 210514
396 397 851627
397 398 458486
398 399 789023
399 400 396709
400 401 394436
401 402 170426
402 403 34414
403 404 502726
404 405 944165
405 406 978844
406 407 702093
407 408 74697
408 409 341287
409 410 239969
410 411 642352
411 412 42548
412 413 303143
413 414 875616
414 415 644780
415 416 87232
416 417 315396
417 418 702274
418 419 628025
419 420 306839
420 421 655518
421 422 783171
422 423 149488
423 424 456020
424 425 54680
425 426 239791
426 427 168654
427 428 326085
428 429 441943
429 430 704933
430 431 209711
431 432 248684
432 433 588417
433 434 906519
434 435 301778
435 436 703481
436 437 97086
437 438 854024
438 439 809819
439 440 632913
440 441 550202
441 442 811660
442 443 497996
443 444 307530
444 445 877664
445 446 6666
446 447 603530
447 448 278764
448 449 826976
449 450 206205
450 451 31326
451 452 982449
452 453 425641
453 454 588398
454 455 66608
455 456 105604
456 457 764399
457 458 287995
458 459 786318
459 460 58886
460 461 478950
461 462 831379
462 463 832163
463 464 363972
464 465 981316
465 466 411959
466 467 83327
467 468 360577
468 469 996098
469 470 480442
470 471 245589
471 472 852722
472 473 901211
473 474 273538
474 475 394040
475 476 148540
476 477 137420
477 478 372484
