cc61ad56a4797fb3f5c9529f73ce6fcedd85669b
1
92 4 26 119573
0 1 441559
1 2 282137
2 3 328693
3 4 791088
4 5 59788
5 6 1
6 7 1
7 8 1
8 9 1
9 10 1
10 11 1
11 12 1
12 13 1
13 14 1
14 15 1
15 16 1
16 17 1
17 18 1
18 19 1
19 20 1
20 21 1
21 22 1
22 23 1
23 24 1
24 25 1
25 26 59786
26 27 814959
27 28 250969
28 29 224811
29 30 904227
30 31 157104
31 32 325299
32 33 273725
33 34 919798
34 35 723632
35 36 500215
36 37 660983
37 38 466069
38 39 122013
39 40 599471
40 41 202109
41 42 686238
42 43 140941
43 44 388423
44 45 233274
45 46 64050
46 47 192507
47 48 635035
48 49 152210
49 50 570021
50 51 294794
51 52 721240
52 53 449515
53 54 170835
54 55 232274
55 56 564279
56 57 748146
57 58 402837
58 59 977693
59 60 764485
60 61 642697
61 62 164432
62 63 970891
63 64 270810
64 65 544418
65 66 693773
66 67 177320
67 68 86001
68 69 858059
69 70 876619
70 71 807371
71 72 734675
72 73 776512
73 74 706197
74 75 985116
75 76 626733
76 77 894586
77 78 114858
78 79 241567
79 80 698827
80 81 868135
81 82 109753
82 83 805870
83 84 396664
84 85 902420
85 86 591810
86 87 904132
87 88 776063
88 89 319429
89 90 964555
90 91 965155
