cc61ad56a4797fb3f5c9529f73ce6fcedd85669b
60
50 1 40 432415399
0 1 368374
1 2 617489
2 3 306692
3 4 798376
4 5 793297
5 6 739002
6 7 827272
7 8 36264
8 9 734569
9 10 348508
10 11 330646
11 12 207010
12 13 915258
13 14 860319
14 15 979734
15 16 380786
16 17 247273
17 18 379557
18 19 570364
19 20 881423
20 21 41287
21 22 989514
22 23 102979
23 24 620301
24 25 779213
25 26 946149
26 27 874100
27 28 395861
28 29 912927
29 30 646534
30 31 741854
31 32 836716
32 33 798987
33 34 514936
34 35 617244
35 36 975859
36 37 102601
37 38 471038
38 39 341908
39 40 699747
40 41 59322
41 42 422231
42 43 495092
43 44 698062
44 45 59114
45 46 929531
46 47 433973
47 48 463715
48 49 831375
50 22 35 375884089
0 1 328905
1 2 352553
2 3 393647
3 4 73855
4 5 403682
5 6 269381
6 7 488715
7 8 944163
8 9 829326
9 10 755537
10 11 795920
11 12 295274
12 13 514345
13 14 865576
14 15 611944
15 16 890690
16 17 380349
17 18 835551
18 19 988487
19 20 987765
20 21 643387
21 22 75971
22 23 782637
23 24 813927
24 25 359038
25 26 744605
26 27 810275
27 28 853268
28 29 953550
29 30 950446
30 31 968379
31 32 771349
32 33 65304
33 34 442997
34 35 11281
35 36 153753
36 37 663544
37 38 108581
38 39 321806
39 40 897198
40 41 395824
41 42 586097
42 43 611425
43 44 808375
44 45 318832
45 46 388227
46 47 920838
47 48 195060
48 49 711054
50 17 37 350822487
0 1 546253
1 2 96961
2 3 487201
3 4 782731
4 5 588248
5 6 893924
6 7 364095
7 8 740581
8 9 116421
9 10 633209
10 11 129022
11 12 948277
12 13 322451
13 14 195342
14 15 844682
15 16 817979
16 17 473006
17 18 453672
18 19 612763
19 20 745235
20 21 722728
21 22 848135
22 23 919345
23 24 91315
24 25 118719
25 26 942759
26 27 972951
27 28 797418
28 29 155292
29 30 164986
30 31 640097
31 32 453153
32 33 793999
33 34 834352
34 35 364591
35 36 379419
36 37 438229
37 38 614512
38 39 329898
39 40 656182
40 41 128916
41 42 736158
42 43 11972
43 44 792680
44 45 748059
45 46 449685
46 47 48570
47 48 863172
48 49 371045
50 19 22 181950739
0 1 944468
1 2 644275
2 3 892959
3 4 211392
4 5 160503
5 6 152180
6 7 381434
7 8 825731
8 9 433414
9 10 659572
10 11 507592
11 12 640378
12 13 46626
13 14 287409
14 15 849720
15 16 689846
16 17 232920
17 18 788835
18 19 619523
19 20 980646
20 21 386588
21 22 50941
22 23 352684
23 24 767248
24 25 570448
25 26 4074
26 27 148096
27 28 497749
28 29 890684
29 30 364754
30 31 776341
31 32 347570
32 33 245845
33 34 98452
34 35 797772
35 36 600955
36 37 365624
37 38 350795
38 39 996432
39 40 49825
40 41 959405
41 42 607308
42 43 13653
43 44 718571
44 45 581030
45 46 931939
46 47 873564
47 48 21117
48 49 218367
50 28 32 243796459
0 1 560573
1 2 766581
2 3 956440
3 4 855754
4 5 755153
5 6 601325
6 7 577789
7 8 618190
8 9 347156
9 10 58937
10 11 702402
11 12 339307
12 13 595978
13 14 974539
14 15 556183
15 16 376263
16 17 844897
17 18 882892
18 19 27128
19 20 820705
20 21 273904
21 22 953953
22 23 963370
23 24 872979
24 25 768314
25 26 361192
26 27 925626
27 28 44624
28 29 668651
29 30 622969
30 31 925314
31 32 541157
32 33 554135
33 34 67046
34 35 410854
35 36 345209
36 37 814655
37 38 818557
38 39 586192
39 40 577294
40 41 855437
41 42 572994
42 43 576825
43 44 611711
44 45 395220
45 46 441975
46 47 814177
47 48 674306
48 49 531603
50 8 29 359975604
0 1 885489
1 2 776212
2 3 430500
3 4 535251
4 5 191231
5 6 524317
6 7 741171
7 8 70542
8 9 718011
9 10 101148
10 11 728168
11 12 748340
12 13 520521
13 14 124849
14 15 472182
15 16 966587
16 17 898105
17 18 461306
18 19 944538
19 20 917622
20 21 233158
21 22 99213
22 23 62491
23 24 41487
24 25 104787
25 26 429114
26 27 829770
27 28 836813
28 29 767533
29 30 637515
30 31 913985
31 32 434894
32 33 536141
33 34 641988
34 35 475430
35 36 884235
36 37 536085
37 38 824421
38 39 979238
39 40 383448
40 41 213904
41 42 617829
42 43 658620
43 44 392354
44 45 100340
45 46 17270
46 47 509609
47 48 708593
48 49 894688
50 14 24 282058353
0 1 936480
1 2 547513
2 3 539720
3 4 257787
4 5 637862
5 6 969137
6 7 87281
7 8 295047
8 9 504336
9 10 245640
10 11 166434
11 12 180601
12 13 759143
13 14 520530
14 15 662414
15 16 408090
16 17 804635
17 18 750942
18 19 327028
19 20 24397
20 21 545481
21 22 41267
22 23 896798
23 24 522576
24 25 541175
25 26 743893
26 27 839647
27 28 309370
28 29 524436
29 30 237886
30 31 503378
31 32 714684
32 33 989114
33 34 461543
34 35 663007
35 36 420578
36 37 547054
37 38 887039
38 39 157111
39 40 792721
40 41 825244
41 42 978543
42 43 613141
43 44 856456
44 45 694685
45 46 949726
46 47 818620
47 48 990497
48 49 50866
50 0 25 328850842
0 1 180167
1 2 457383
2 3 436848
3 4 554974
4 5 100339
5 6 960109
6 7 781623
7 8 983479
8 9 75252
9 10 954949
10 11 89344
11 12 29979
12 13 267382
13 14 711799
14 15 601025
15 16 136165
16 17 467402
17 18 167298
18 19 18940
19 20 199179
20 21 157744
21 22 169312
22 23 326458
23 24 121691
24 25 309391
25 26 700679
26 27 668690
27 28 275071
28 29 783289
29 30 14949
30 31 587104
31 32 390075
32 33 34986
33 34 219105
34 35 205456
35 36 726571
36 37 283976
37 38 474654
38 39 209682
39 40 968072
40 41 605729
41 42 230073
42 43 104933
43 44 267618
44 45 601521
45 46 765640
46 47 368078
47 48 836516
48 49 171547
50 25 40 328164352
0 1 76141
1 2 122811
2 3 209523
3 4 637010
4 5 356639
5 6 706926
6 7 146861
7 8 783190
8 9 277266
9 10 212531
10 11 259518
11 12 873331
12 13 332178
13 14 711681
14 15 916830
15 16 535193
16 17 613589
17 18 853386
18 19 518928
19 20 608524
20 21 355835
21 22 940539
22 23 994464
23 24 623984
24 25 696974
25 26 547578
26 27 35045
27 28 411006
28 29 64065
29 30 191080
30 31 713281
31 32 698061
32 33 422323
33 34 169631
34 35 623966
35 36 658124
36 37 922027
37 38 571699
38 39 977072
39 40 435715
40 41 275674
41 42 119730
42 43 565943
43 44 324503
44 45 623902
45 46 141094
46 47 612731
47 48 1349
48 49 247035
50 6 48 427237405
0 1 679329
1 2 999466
2 3 960850
3 4 310053
4 5 498795
5 6 217263
6 7 895847
7 8 912084
8 9 417179
9 10 194444
10 11 145921
11 12 507861
12 13 683873
13 14 503597
14 15 519259
15 16 476457
16 17 946835
17 18 591605
18 19 868345
19 20 100393
20 21 657716
21 22 440132
22 23 213546
23 24 957767
24 25 613678
25 26 436784
26 27 796103
27 28 882706
28 29 131673
29 30 15693
30 31 358003
31 32 963952
32 33 860788
33 34 421287
34 35 139546
35 36 148450
36 37 824425
37 38 549765
38 39 67572
39 40 276741
40 41 276746
41 42 718822
42 43 40832
43 44 664590
44 45 861592
45 46 297476
46 47 419083
47 48 502539
48 49 621304
50 20 39 403908208
0 1 677310
1 2 480774
2 3 770680
3 4 827362
4 5 757028
5 6 809664
6 7 790945
7 8 513693
8 9 888464
9 10 900454
10 11 901656
11 12 802703
12 13 34515
13 14 126418
14 15 967385
15 16 498375
16 17 74727
17 18 4252
18 19 786667
19 20 131378
20 21 525102
21 22 563285
22 23 723614
23 24 809557
24 25 715703
25 26 262213
26 27 642574
27 28 86032
28 29 337274
29 30 883635
30 31 860767
31 32 816794
32 33 960792
33 34 731291
34 35 662464
35 36 528457
36 37 960478
37 38 646070
38 39 904619
39 40 726729
40 41 381888
41 42 499575
42 43 187296
43 44 957601
44 45 713056
45 46 202250
46 47 942319
47 48 90356
48 49 419462
50 14 37 256194731
0 1 159078
1 2 640761
2 3 893754
3 4 54221
4 5 505823
5 6 716048
6 7 292163
7 8 272792
8 9 707448
9 10 221550
10 11 738044
11 12 39847
12 13 5859
13 14 106017
14 15 338019
15 16 513308
16 17 208700
17 18 338738
18 19 230274
19 20 378292
20 21 887817
21 22 234083
22 23 287403
23 24 747464
24 25 679608
25 26 416752
26 27 827259
27 28 731016
28 29 91557
29 30 893521
30 31 207769
31 32 569471
32 33 255827
33 34 778292
34 35 378613
35 36 687124
36 37 434864
37 38 208068
38 39 700107
39 40 351364
40 41 499219
41 42 513062
42 43 663712
43 44 865515
44 45 79679
45 46 129209
46 47 730497
47 48 387770
48 49 297695
50 26 33 267913187
0 1 709642
1 2 71880
2 3 108120
3 4 820002
4 5 507774
5 6 707300
6 7 375646
7 8 537059
8 9 412325
9 10 541933
10 11 554512
11 12 379679
12 13 518677
13 14 72100
14 15 789167
15 16 797770
16 17 632393
17 18 119746
18 19 515910
19 20 949364
20 21 559467
21 22 283709
22 23 579818
23 24 399110
24 25 102284
25 26 414850
26 27 770937
27 28 225987
28 29 820583
29 30 276090
30 31 768989
31 32 747529
32 33 722915
33 34 184071
34 35 87432
35 36 826255
36 37 303952
37 38 144133
38 39 572024
39 40 76903
40 41 787750
41 42 670027
42 43 596594
43 44 508603
44 45 715659
45 46 235433
46 47 726023
47 48 372369
48 49 843915
50 30 43 335941320
0 1 568415
1 2 876561
2 3 1019
3 4 398617
4 5 611177
5 6 777693
6 7 297772
7 8 531097
8 9 763764
9 10 188934
10 11 239905
11 12 566964
12 13 569589
13 14 518591
14 15 531483
15 16 85809
16 17 573710
17 18 349748
18 19 897896
19 20 19250
20 21 933576
21 22 472907
22 23 977758
23 24 490994
24 25 815894
25 26 81188
26 27 847198
27 28 201478
28 29 528982
29 30 668827
30 31 547603
31 32 759071
32 33 83728
33 34 949250
34 35 116146
35 36 206980
36 37 552822
37 38 160361
38 39 806202
39 40 377050
40 41 949861
41 42 760216
42 43 475955
43 44 626845
44 45 115488
45 46 686545
46 47 853040
47 48 35942
48 49 219609
50 18 24 246374723
0 1 160106
1 2 885260
2 3 205621
3 4 654053
4 5 260565
5 6 581237
6 7 369940
7 8 495756
8 9 909129
9 10 23030
10 11 416038
11 12 101849
12 13 930590
13 14 505330
14 15 509808
15 16 203942
16 17 339157
17 18 601672
18 19 767170
19 20 385574
20 21 282138
21 22 133392
22 23 746868
23 24 83303
24 25 477380
25 26 915165
26 27 947112
27 28 638478
28 29 580241
29 30 257978
30 31 960332
31 32 986271
32 33 77292
33 34 153135
34 35 742742
35 36 672819
36 37 974697
37 38 88124
38 39 427016
39 40 731841
40 41 332037
41 42 604506
42 43 856235
43 44 584216
44 45 365672
45 46 462910
46 47 675605
47 48 69408
48 49 570020
50 11 27 351474580
0 1 408373
1 2 548365
2 3 62083
3 4 823471
4 5 743552
5 6 104258
6 7 820771
7 8 127306
8 9 933078
9 10 857426
10 11 175936
11 12 760384
12 13 893040
13 14 842324
14 15 683234
15 16 148285
16 17 113009
17 18 917336
18 19 602330
19 20 229190
20 21 821929
21 22 426984
22 23 276483
23 24 587066
24 25 480719
25 26 811017
26 27 648385
27 28 452882
28 29 969795
29 30 209145
30 31 133186
31 32 176674
32 33 669075
33 34 779376
34 35 264705
35 36 842392
36 37 604021
37 38 644321
38 39 960000
39 40 112122
40 41 796615
41 42 800119
42 43 18251
43 44 749738
44 45 326419
45 46 177178
46 47 419769
47 48 493859
48 49 727631
50 11 36 288174955
0 1 772246
1 2 138496
2 3 737037
3 4 100639
4 5 428274
5 6 214577
6 7 120979
7 8 39515
8 9 655252
9 10 733196
10 11 324858
11 12 561234
12 13 968919
13 14 863129
14 15 682830
15 16 703680
16 17 400002
17 18 922457
18 19 636127
19 20 12029
20 21 532804
21 22 687818
22 23 890444
23 24 203963
24 25 980152
25 26 221282
26 27 454650
27 28 94148
28 29 29217
29 30 619473
30 31 595420
31 32 136638
32 33 532780
33 34 118721
34 35 401770
35 36 754280
36 37 78514
37 38 846999
38 39 145515
39 40 66972
40 41 426100
41 42 340209
42 43 358509
43 44 338125
44 45 167519
45 46 938279
46 47 423753
47 48 612936
48 49 694920
50 4 43 295838463
0 1 318127
1 2 445611
2 3 839204
3 4 145236
4 5 28541
5 6 139916
6 7 289927
7 8 479937
8 9 330759
9 10 493038
10 11 416330
11 12 69042
12 13 229514
13 14 531468
14 15 73594
15 16 499701
16 17 85103
17 18 893402
18 19 480554
19 20 908917
20 21 160006
21 22 713799
22 23 638650
23 24 854580
24 25 80204
25 26 53050
26 27 107347
27 28 819215
28 29 249319
29 30 141975
30 31 629479
31 32 41407
32 33 107238
33 34 373049
34 35 837491
35 36 739412
36 37 875523
37 38 288439
38 39 531709
39 40 480762
40 41 621666
41 42 904736
42 43 440407
43 44 155573
44 45 733265
45 46 491072
46 47 667868
47 48 899110
48 49 928648
50 29 33 205457939
0 1 167464
1 2 25903
2 3 183426
3 4 319590
4 5 452029
5 6 527284
6 7 428492
7 8 14774
8 9 724542
9 10 104476
10 11 733902
11 12 95613
12 13 250121
13 14 639765
14 15 569688
15 16 95516
16 17 73385
17 18 292035
18 19 643262
19 20 186638
20 21 621586
21 22 34377
22 23 886499
23 24 620200
24 25 513697
25 26 557055
26 27 824561
27 28 157274
28 29 824862
29 30 717370
30 31 827677
31 32 136173
32 33 76667
33 34 947400
34 35 731557
35 36 102340
36 37 247059
37 38 572595
38 39 249107
39 40 407645
40 41 756846
41 42 526715
42 43 207225
43 44 809295
44 45 804921
45 46 856606
46 47 476659
47 48 260108
48 49 621776
50 12 15 186450662
0 1 489334
1 2 713414
2 3 969870
3 4 648938
4 5 127961
5 6 330086
6 7 989913
7 8 415857
8 9 510032
9 10 458070
10 11 202128
11 12 467084
12 13 312990
13 14 168052
14 15 255362
15 16 583086
16 17 656174
17 18 30807
18 19 796808
19 20 994211
20 21 110550
21 22 926932
22 23 854085
23 24 977813
24 25 871318
25 26 247477
26 27 801446
27 28 106115
28 29 182232
29 30 812546
30 31 376993
31 32 354121
32 33 371311
33 34 281402
34 35 351863
35 36 462492
36 37 723354
37 38 35992
38 39 798195
39 40 920333
40 41 337023
41 42 68496
42 43 430954
43 44 369987
44 45 206962
45 46 340240
46 47 166906
47 48 6851
48 49 901613
50 33 42 383820708
0 1 882263
1 2 447686
2 3 296341
3 4 90414
4 5 834304
5 6 829114
6 7 673231
7 8 686242
8 9 723808
9 10 838707
10 11 234178
11 12 85552
12 13 23837
13 14 175555
14 15 965119
15 16 701598
16 17 157059
17 18 216179
18 19 353632
19 20 141644
20 21 711563
21 22 666247
22 23 769802
23 24 189490
24 25 220503
25 26 501887
26 27 701676
27 28 116324
28 29 568561
29 30 573842
30 31 839424
31 32 407503
32 33 849169
33 34 3570
34 35 898823
35 36 521659
36 37 764438
37 38 944140
38 39 565071
39 40 959368
40 41 517065
41 42 957383
42 43 938286
43 44 876531
44 45 768287
45 46 108418
46 47 49029
47 48 19664
48 49 897845
50 21 31 275159336
0 1 441492
1 2 883740
2 3 374353
3 4 982264
4 5 250028
5 6 825055
6 7 604346
7 8 90160
8 9 788634
9 10 142759
10 11 368450
11 12 392180
12 13 664100
13 14 69815
14 15 350396
15 16 743963
16 17 430841
17 18 734092
18 19 991237
19 20 722070
20 21 911987
21 22 751644
22 23 686916
23 24 718833
24 25 300886
25 26 301334
26 27 751850
27 28 172305
28 29 112016
29 30 118950
30 31 367857
31 32 594741
32 33 51001
33 34 418479
34 35 968927
35 36 475382
36 37 5266
37 38 951697
38 39 2305
39 40 111560
40 41 491975
41 42 8098
42 43 535090
43 44 266873
44 45 731887
45 46 32823
46 47 835091
47 48 777391
48 49 806152
50 22 41 348813010
0 1 519421
1 2 261778
2 3 995557
3 4 921547
4 5 740129
5 6 826720
6 7 832525
7 8 321473
8 9 719859
9 10 928830
10 11 407318
11 12 547678
12 13 765722
13 14 168864
14 15 966867
15 16 402380
16 17 676136
17 18 250228
18 19 732772
19 20 539532
20 21 91033
21 22 641251
22 23 347889
23 24 616701
24 25 304850
25 26 420559
26 27 534253
27 28 858967
28 29 690340
29 30 760341
30 31 110037
31 32 930729
32 33 149256
33 34 759626
34 35 321201
35 36 880672
36 37 57249
37 38 739776
38 39 790480
39 40 320129
40 41 394815
41 42 956735
42 43 960845
43 44 374252
44 45 672216
45 46 183502
46 47 616590
47 48 263897
48 49 51023
50 19 37 338977780
0 1 897647
1 2 663049
2 3 360286
3 4 175457
4 5 738094
5 6 844002
6 7 733354
7 8 402610
8 9 206892
9 10 39774
10 11 960432
11 12 232494
12 13 549683
13 14 971172
14 15 855047
15 16 937618
16 17 628662
17 18 200213
18 19 815568
19 20 690417
20 21 31572
21 22 73034
22 23 939191
23 24 911037
24 25 930899
25 26 445273
26 27 32623
27 28 234557
28 29 499751
29 30 388111
30 31 198520
31 32 98454
32 33 782506
33 34 746229
34 35 173594
35 36 674373
36 37 916451
37 38 508366
38 39 851433
39 40 899233
40 41 762818
41 42 139860
42 43 79936
43 44 783643
44 45 721759
45 46 207359
46 47 815048
47 48 52158
48 49 582208
50 14 35 362343369
0 1 940753
1 2 775743
2 3 388851
3 4 10738
4 5 153515
5 6 807138
6 7 368151
7 8 843738
8 9 941839
9 10 958856
10 11 222506
11 12 187677
12 13 256426
13 14 265607
14 15 227269
15 16 109576
16 17 508305
17 18 316979
18 19 695755
19 20 421699
20 21 790403
21 22 711512
22 23 997672
23 24 783247
24 25 889452
25 26 258172
26 27 753875
27 28 904327
28 29 247454
29 30 715360
30 31 76238
31 32 176672
32 33 91351
33 34 444350
34 35 123427
35 36 572778
36 37 73215
37 38 427401
38 39 685798
39 40 360270
40 41 982056
41 42 985521
42 43 193143
43 44 725391
44 45 821006
45 46 597022
46 47 78783
47 48 788171
48 49 582935
50 12 15 228729870
0 1 847186
1 2 2122
2 3 217286
3 4 92907
4 5 74745
5 6 174267
6 7 381321
7 8 517643
8 9 306800
9 10 70102
10 11 1419
11 12 19487
12 13 724741
13 14 856486
14 15 617444
15 16 602502
16 17 630960
17 18 255662
18 19 972859
19 20 73786
20 21 73810
21 22 932525
22 23 518463
23 24 67021
24 25 554935
25 26 278043
26 27 608487
27 28 954734
28 29 316374
29 30 395243
30 31 434038
31 32 595363
32 33 94221
33 34 113993
34 35 208763
35 36 600462
36 37 932839
37 38 872923
38 39 339850
39 40 654634
40 41 889303
41 42 916546
42 43 817542
43 44 438861
44 45 825340
45 46 974743
46 47 34201
47 48 230245
48 49 128157
50 7 38 318839430
0 1 630764
1 2 6106
2 3 247841
3 4 794679
4 5 790981
5 6 400990
6 7 305693
7 8 889296
8 9 420909
9 10 401598
10 11 160576
11 12 480289
12 13 551189
13 14 34294
14 15 375078
15 16 222041
16 17 104533
17 18 555517
18 19 290102
19 20 905094
20 21 337715
21 22 278851
22 23 888288
23 24 241291
24 25 990044
25 26 215219
26 27 572000
27 28 625833
28 29 666983
29 30 26800
30 31 463674
31 32 707512
32 33 110935
33 34 825369
34 35 453821
35 36 283180
36 37 738647
37 38 843078
38 39 341250
39 40 547346
40 41 487165
41 42 323146
42 43 660716
43 44 460178
44 45 361801
45 46 474161
46 47 471016
47 48 181164
48 49 178597
50 0 48 417157860
0 1 182436
1 2 970746
2 3 12921
3 4 22777
4 5 897796
5 6 43927
6 7 646746
7 8 731695
8 9 729646
9 10 829773
10 11 156323
11 12 833226
12 13 459378
13 14 408969
14 15 146485
15 16 702668
16 17 124814
17 18 15924
18 19 756598
19 20 848211
20 21 674534
21 22 395312
22 23 55963
23 24 304278
24 25 269066
25 26 909977
26 27 407392
27 28 934054
28 29 213876
29 30 105222
30 31 376076
31 32 313903
32 33 889929
33 34 953607
34 35 352560
35 36 708214
36 37 598357
37 38 428070
38 39 211686
39 40 856154
40 41 350865
41 42 288488
42 43 354771
43 44 86996
44 45 229022
45 46 401419
46 47 979047
47 48 626105
48 49 107081
50 37 43 224218036
0 1 353799
1 2 338831
2 3 400237
3 4 997582
4 5 421367
5 6 632783
6 7 670960
7 8 999272
8 9 106405
9 10 951020
10 11 536311
11 12 278525
12 13 198275
13 14 327753
14 15 883494
15 16 856611
16 17 796591
17 18 887422
18 19 62437
19 20 438152
20 21 957681
21 22 173025
22 23 173546
23 24 284534
24 25 304187
25 26 305342
26 27 165875
27 28 451217
28 29 74665
29 30 267680
30 31 339850
31 32 42965
32 33 136513
33 34 334728
34 35 727233
35 36 585370
36 37 795826
37 38 538866
38 39 732149
39 40 438290
40 41 283798
41 42 739093
42 43 691725
43 44 822919
44 45 490993
45 46 945953
46 47 377530
47 48 206687
48 49 193137
50 17 18 161232171
0 1 805038
1 2 831639
2 3 919623
3 4 293392
4 5 158441
5 6 293572
6 7 640122
7 8 649332
8 9 756878
9 10 221023
10 11 362666
11 12 601685
12 13 105971
13 14 274170
14 15 158520
15 16 413978
16 17 222361
17 18 664291
18 19 604562
19 20 676355
20 21 816551
21 22 206303
22 23 84078
23 24 677165
24 25 602740
25 26 151470
26 27 287053
27 28 489675
28 29 31804
29 30 58379
30 31 109562
31 32 373487
32 33 519783
33 34 283051
34 35 431882
35 36 815233
36 37 83527
37 38 961402
38 39 285660
39 40 702212
40 41 863767
41 42 51491
42 43 222936
43 44 537237
44 45 850238
45 46 905735
46 47 735473
47 48 132653
48 49 2188
50 25 44 418658400
0 1 998266
1 2 620586
2 3 458361
3 4 859598
4 5 33260
5 6 350481
6 7 905919
7 8 913159
8 9 254959
9 10 653696
10 11 167953
11 12 174184
12 13 348412
13 14 594428
14 15 459029
15 16 700265
16 17 654773
17 18 908291
18 19 680121
19 20 100190
20 21 614309
21 22 251277
22 23 458741
23 24 954357
24 25 555714
25 26 270541
26 27 848590
27 28 709044
28 29 998764
29 30 575214
30 31 71502
31 32 418748
32 33 57325
33 34 270680
34 35 210895
35 36 812106
36 37 592824
37 38 914730
38 39 940591
39 40 267507
40 41 876075
41 42 732415
42 43 417307
43 44 586660
44 45 339855
45 46 390827
46 47 811590
47 48 567082
48 49 986516
50 17 29 217910640
0 1 370840
1 2 387580
2 3 69985
3 4 505044
4 5 560542
5 6 241260
6 7 798636
7 8 145102
8 9 380889
9 10 885704
10 11 642927
11 12 867781
12 13 23072
13 14 556551
14 15 268367
15 16 433603
16 17 363321
17 18 377176
18 19 768062
19 20 83373
20 21 108624
21 22 138087
22 23 485495
23 24 922309
24 25 45246
25 26 393048
26 27 415677
27 28 927073
28 29 314820
29 30 252297
30 31 899425
31 32 135287
32 33 334415
33 34 589650
34 35 492859
35 36 28563
36 37 938035
37 38 537541
38 39 242414
39 40 234204
40 41 752562
41 42 664559
42 43 586470
43 44 926292
44 45 844404
45 46 951447
46 47 101466
47 48 904342
48 49 342222
50 3 37 295302450
0 1 709565
1 2 690521
2 3 829765
3 4 203305
4 5 548137
5 6 996130
6 7 758620
7 8 699569
8 9 145445
9 10 334214
10 11 432814
11 12 890869
12 13 180715
13 14 489772
14 15 506596
15 16 673361
16 17 8225
17 18 100408
18 19 971506
19 20 590974
20 21 401496
21 22 146373
22 23 691859
23 24 516684
24 25 302537
25 26 687977
26 27 20688
27 28 674982
28 29 588952
29 30 928118
30 31 650104
31 32 968402
32 33 653651
33 34 924469
34 35 414055
35 36 647344
36 37 183474
37 38 224362
38 39 352193
39 40 274488
40 41 790358
41 42 658197
42 43 530549
43 44 740478
44 45 688523
45 46 776813
46 47 262396
47 48 800559
48 49 147335
50 5 30 390956243
0 1 439915
1 2 226983
2 3 146007
3 4 869835
4 5 546367
5 6 230301
6 7 490896
7 8 740753
8 9 328567
9 10 47461
10 11 762851
11 12 689788
12 13 412594
13 14 689690
14 15 948603
15 16 697147
16 17 866167
17 18 625872
18 19 25676
19 20 164887
20 21 159223
21 22 122517
22 23 377110
23 24 142579
24 25 790224
25 26 977331
26 27 999778
27 28 814797
28 29 788806
29 30 367722
30 31 717121
31 32 438844
32 33 308874
33 34 211128
34 35 883026
35 36 564593
36 37 996469
37 38 636434
38 39 196731
39 40 966712
40 41 872458
41 42 311082
42 43 94892
43 44 957430
44 45 628281
45 46 767209
46 47 857953
47 48 574250
48 49 365336
50 15 24 294993033
0 1 725098
1 2 989032
2 3 425778
3 4 213492
4 5 561498
5 6 323038
6 7 789558
7 8 867466
8 9 9662
9 10 905514
10 11 199693
11 12 395288
12 13 139606
13 14 910998
14 15 778468
15 16 895519
16 17 274763
17 18 805161
18 19 30832
19 20 934906
20 21 552306
21 22 555300
22 23 255668
23 24 689823
24 25 619785
25 26 438145
26 27 71098
27 28 186460
28 29 906422
29 30 907828
30 31 26327
31 32 863131
32 33 405645
33 34 867307
34 35 471785
35 36 747168
36 37 303432
37 38 215440
38 39 790874
39 40 374023
40 41 941390
41 42 897219
42 43 640924
43 44 155401
44 45 258926
45 46 254306
46 47 897196
47 48 450101
48 49 885410
50 2 44 359587602
0 1 782927
1 2 229748
2 3 205979
3 4 337560
4 5 732801
5 6 932419
6 7 635558
7 8 992626
8 9 517041
9 10 551539
10 11 538262
11 12 432001
12 13 691264
13 14 424577
14 15 158747
15 16 614040
16 17 334523
17 18 258279
18 19 450924
19 20 101284
20 21 100503
21 22 512598
22 23 361613
23 24 434092
24 25 297331
25 26 706619
26 27 442058
27 28 419859
28 29 365018
29 30 483644
30 31 184571
31 32 719954
32 33 211648
33 34 340410
34 35 192768
35 36 964736
36 37 974210
37 38 487439
38 39 183748
39 40 495884
40 41 539752
41 42 847887
42 43 734844
43 44 97534
44 45 849701
45 46 555144
46 47 322599
47 48 898107
48 49 758866
50 14 34 341659702
0 1 34552
1 2 311490
2 3 494209
3 4 311588
4 5 338309
5 6 633474
6 7 121248
7 8 206616
8 9 317459
9 10 722232
10 11 153681
11 12 928167
12 13 784806
13 14 821781
14 15 870148
15 16 496888
16 17 528684
17 18 148164
18 19 644085
19 20 686537
20 21 971708
21 22 417000
22 23 716777
23 24 653619
24 25 602521
25 26 610337
26 27 917357
27 28 853610
28 29 889647
29 30 472261
30 31 580380
31 32 443964
32 33 865938
33 34 886888
34 35 393303
35 36 700943
36 37 24963
37 38 477334
38 39 965068
39 40 734692
40 41 535020
41 42 498134
42 43 709425
43 44 123736
44 45 382240
45 46 216806
46 47 424199
47 48 60768
48 49 998942
50 20 25 291337422
0 1 6093
1 2 226080
2 3 937084
3 4 273600
4 5 491775
5 6 443307
6 7 831375
7 8 461445
8 9 962863
9 10 294733
10 11 776250
11 12 637751
12 13 976837
13 14 878440
14 15 165168
15 16 98125
16 17 801230
17 18 229529
18 19 800174
19 20 864601
20 21 971462
21 22 627445
22 23 97339
23 24 472261
24 25 781648
25 26 95245
26 27 662760
27 28 586199
28 29 795577
29 30 456172
30 31 956047
31 32 366894
32 33 862010
33 34 785749
34 35 342038
35 36 786884
36 37 585525
37 38 665479
38 39 21035
39 40 573675
40 41 791221
41 42 22266
42 43 734598
43 44 654802
44 45 488688
45 46 992289
46 47 364204
47 48 171584
48 49 896454
50 5 27 428135835
0 1 821696
1 2 987510
2 3 171409
3 4 436813
4 5 848339
5 6 846185
6 7 73352
7 8 985598
8 9 607709
9 10 180446
10 11 879800
11 12 454422
12 13 485796
13 14 616935
14 15 593686
15 16 235936
16 17 495708
17 18 468245
18 19 285153
19 20 317373
20 21 978143
21 22 443309
22 23 387681
23 24 571437
24 25 689140
25 26 982964
26 27 165994
27 28 866246
28 29 53898
29 30 850406
30 31 824023
31 32 19896
32 33 632251
33 34 649528
34 35 331216
35 36 362641
36 37 627148
37 38 719643
38 39 234182
39 40 984052
40 41 367977
41 42 995577
42 43 294324
43 44 76258
44 45 502955
45 46 571832
46 47 189406
47 48 869491
48 49 74899
50 21 24 225542706
0 1 776654
1 2 435782
2 3 653931
3 4 752679
4 5 474800
5 6 6849
6 7 390091
7 8 127935
8 9 116283
9 10 427825
10 11 877598
11 12 2212
12 13 636375
13 14 90588
14 15 915995
15 16 125552
16 17 268697
17 18 617602
18 19 845572
19 20 259930
20 21 173054
21 22 965919
22 23 490210
23 24 844529
24 25 867950
25 26 528613
26 27 58251
27 28 824158
28 29 569019
29 30 646341
30 31 878558
31 32 795172
32 33 821217
33 34 376164
34 35 964868
35 36 472801
36 37 363973
37 38 331111
38 39 795118
39 40 424140
40 41 921464
41 42 495914
42 43 648411
43 44 64758
44 45 961523
45 46 791106
46 47 872976
47 48 9867
48 49 545754
50 36 44 320144872
0 1 998331
1 2 706094
2 3 616995
3 4 842852
4 5 419278
5 6 106705
6 7 266304
7 8 280065
8 9 579380
9 10 336807
10 11 96677
11 12 99129
12 13 718393
13 14 879784
14 15 741835
15 16 798715
16 17 514963
17 18 859463
18 19 558708
19 20 630861
20 21 342946
21 22 939632
22 23 453102
23 24 511761
24 25 190128
25 26 180809
26 27 827664
27 28 781250
28 29 70576
29 30 443634
30 31 646074
31 32 471221
32 33 551169
33 34 79559
34 35 600086
35 36 592987
36 37 14378
37 38 869082
38 39 234075
39 40 760955
40 41 909725
41 42 699259
42 43 636870
43 44 780730
44 45 691509
45 46 836274
46 47 510880
47 48 599700
48 49 359481
50 12 18 308891616
0 1 153945
1 2 670244
2 3 713657
3 4 45779
4 5 436974
5 6 781970
6 7 320826
7 8 815348
8 9 935867
9 10 661819
10 11 968371
11 12 575338
12 13 621808
13 14 943113
14 15 597532
15 16 636597
16 17 929571
17 18 907809
18 19 488252
19 20 245805
20 21 305559
21 22 414561
22 23 256097
23 24 204998
24 25 329015
25 26 475809
26 27 491684
27 28 172429
28 29 680536
29 30 693876
30 31 671208
31 32 75689
32 33 895228
33 34 754021
34 35 675290
35 36 858269
36 37 747916
37 38 133628
38 39 630255
39 40 527106
40 41 678875
41 42 929657
42 43 89898
43 44 103631
44 45 628199
45 46 776405
46 47 268693
47 48 799891
48 49 434585
50 23 24 195965848
0 1 377537
1 2 33912
2 3 233112
3 4 539197
4 5 424284
5 6 773462
6 7 466871
7 8 219461
8 9 692752
9 10 536640
10 11 618390
11 12 972293
12 13 526700
13 14 838676
14 15 808369
15 16 423694
16 17 243755
17 18 926056
18 19 265743
19 20 535756
20 21 724655
21 22 677900
22 23 700288
23 24 339715
24 25 476679
25 26 173194
26 27 587488
27 28 960660
28 29 105707
29 30 140007
30 31 478419
31 32 715960
32 33 785532
33 34 958113
34 35 386889
35 36 131009
36 37 40071
37 38 275184
38 39 888377
39 40 160349
40 41 743488
41 42 236743
42 43 857895
43 44 919700
44 45 805001
45 46 848145
46 47 986015
47 48 263751
48 49 424490
50 41 49 382686318
0 1 253528
1 2 386901
2 3 150357
3 4 575399
4 5 163824
5 6 111817
6 7 882846
7 8 349657
8 9 693562
9 10 453031
10 11 214921
11 12 85200
12 13 606760
13 14 727932
14 15 714516
15 16 376688
16 17 256406
17 18 503248
18 19 161353
19 20 799349
20 21 382217
21 22 348135
22 23 971962
23 24 822583
24 25 351858
25 26 646716
26 27 50628
27 28 785512
28 29 312106
29 30 673413
30 31 551438
31 32 659858
32 33 650165
33 34 371700
34 35 865289
35 36 683867
36 37 68865
37 38 863602
38 39 748975
39 40 250754
40 41 810469
41 42 724196
42 43 152837
43 44 773921
44 45 886180
45 46 264296
46 47 438682
47 48 460458
48 49 49769
50 27 28 203219613
0 1 750283
1 2 972032
2 3 956976
3 4 922638
4 5 816648
5 6 825716
6 7 396224
7 8 198224
8 9 456075
9 10 502774
10 11 841390
11 12 892686
12 13 140647
13 14 210377
14 15 668603
15 16 358398
16 17 584603
17 18 851301
18 19 827826
19 20 595566
20 21 550093
21 22 964095
22 23 378920
23 24 275849
24 25 383953
25 26 414086
26 27 352315
27 28 196177
28 29 798178
29 30 483297
30 31 647573
31 32 650723
32 33 417317
33 34 667571
34 35 231912
35 36 732472
36 37 349098
37 38 888025
38 39 158194
39 40 710112
40 41 377452
41 42 943145
42 43 721464
43 44 412806
44 45 76942
45 46 212659
46 47 761035
47 48 465009
48 49 244829
50 19 35 301420039
0 1 591570
1 2 126167
2 3 807377
3 4 739624
4 5 998287
5 6 254645
6 7 385687
7 8 529026
8 9 10335
9 10 877778
10 11 503377
11 12 95290
12 13 608568
13 14 191520
14 15 994371
15 16 962453
16 17 130361
17 18 131405
18 19 698618
19 20 534903
20 21 313454
21 22 815933
22 23 559628
23 24 10330
24 25 803977
25 26 302866
26 27 221531
27 28 340371
28 29 963496
29 30 621670
30 31 392720
31 32 869970
32 33 883476
33 34 787533
34 35 261345
35 36 321504
36 37 355581
37 38 258070
38 39 272653
39 40 95968
40 41 539648
41 42 555400
42 43 309020
43 44 696144
44 45 176163
45 46 249063
46 47 315809
47 48 126471
48 49 94229
50 28 46 383915738
0 1 914800
1 2 184147
2 3 730508
3 4 291753
4 5 948153
5 6 928520
6 7 554761
7 8 760389
8 9 626972
9 10 780790
10 11 252203
11 12 295881
12 13 620786
13 14 571009
14 15 410808
15 16 831247
16 17 290300
17 18 296969
18 19 91261
19 20 660937
20 21 246886
21 22 114149
22 23 638805
23 24 850182
24 25 724295
25 26 907175
26 27 937570
27 28 537836
28 29 847389
29 30 162012
30 31 539088
31 32 35581
32 33 255956
33 34 337675
34 35 795094
35 36 272788
36 37 633213
37 38 606515
38 39 996597
39 40 715558
40 41 840792
41 42 45455
42 43 862137
43 44 420612
44 45 534540
45 46 912531
46 47 77173
47 48 864277
48 49 216747
50 22 25 143943352
0 1 923121
1 2 223110
2 3 835293
3 4 705531
4 5 327236
5 6 928641
6 7 616229
7 8 654117
8 9 560370
9 10 474168
10 11 82588
11 12 988011
12 13 458295
13 14 317636
14 15 774090
15 16 500795
16 17 54710
17 18 588915
18 19 722688
19 20 98328
20 21 364221
21 22 50321
22 23 291289
23 24 401442
24 25 331076
25 26 111714
26 27 91897
27 28 698259
28 29 640555
29 30 155171
30 31 636623
31 32 160254
32 33 724545
33 34 801294
34 35 834132
35 36 959248
36 37 197753
37 38 640020
38 39 193162
39 40 910993
40 41 715508
41 42 85474
42 43 858687
43 44 727457
44 45 550332
45 46 426783
46 47 704010
47 48 528125
48 49 739908
50 22 31 275689071
0 1 689835
1 2 151517
2 3 801964
3 4 691908
4 5 234935
5 6 911822
6 7 196707
7 8 943081
8 9 491548
9 10 822155
10 11 488751
11 12 176650
12 13 40949
13 14 465627
14 15 16537
15 16 50853
16 17 310279
17 18 838657
18 19 72178
19 20 909393
20 21 903426
21 22 674042
22 23 640601
23 24 553599
24 25 792513
25 26 7099
26 27 423220
27 28 672954
28 29 763206
29 30 741941
30 31 806451
31 32 159913
32 33 738625
33 34 118547
34 35 115281
35 36 620618
36 37 131912
37 38 133176
38 39 92628
39 40 564214
40 41 283870
41 42 264324
42 43 725003
43 44 479074
44 45 143789
45 46 343437
46 47 939660
47 48 865561
48 49 201613
50 1 20 384737689
0 1 766141
1 2 791071
2 3 254665
3 4 239972
4 5 989478
5 6 299001
6 7 557608
7 8 655060
8 9 226589
9 10 182967
10 11 273882
11 12 368265
12 13 448352
13 14 506514
14 15 128234
15 16 44371
16 17 314773
17 18 697856
18 19 723884
19 20 700635
20 21 747215
21 22 816175
22 23 614912
23 24 304229
24 25 899531
25 26 12870
26 27 99727
27 28 465933
28 29 655852
29 30 639912
30 31 31883
31 32 968907
32 33 56644
33 34 791217
34 35 767537
35 36 941169
36 37 498765
37 38 96889
38 39 879623
39 40 10409
40 41 864233
41 42 13710
42 43 200224
43 44 523833
44 45 67047
45 46 520507
46 47 731668
47 48 371712
48 49 76159
50 26 32 248391176
0 1 746322
1 2 446443
2 3 438065
3 4 521268
4 5 63789
5 6 641315
6 7 555136
7 8 229025
8 9 728196
9 10 730274
10 11 269819
11 12 574982
12 13 961336
13 14 96146
14 15 649198
15 16 73285
16 17 695636
17 18 382682
18 19 710705
19 20 937242
20 21 944841
21 22 873243
22 23 938788
23 24 158744
24 25 173111
25 26 401710
26 27 166130
27 28 446449
28 29 933925
29 30 981673
30 31 841936
31 32 443116
32 33 19461
33 34 315225
34 35 142268
35 36 824430
36 37 958323
37 38 297863
38 39 147136
39 40 378164
40 41 534196
41 42 930101
42 43 865582
43 44 104020
44 45 354745
45 46 32992
46 47 281379
47 48 643009
48 49 730715
50 18 26 184330185
0 1 461662
1 2 509501
2 3 224711
3 4 529415
4 5 539632
5 6 129354
6 7 395106
7 8 25797
8 9 545256
9 10 122186
10 11 235803
11 12 54360
12 13 580105
13 14 62041
14 15 315202
15 16 180660
16 17 934910
17 18 11856
18 19 569838
19 20 81191
20 21 5341
21 22 491714
22 23 669891
23 24 394390
24 25 868711
25 26 21179
26 27 481773
27 28 418757
28 29 407235
29 30 568449
30 31 877220
31 32 34830
32 33 248072
33 34 509653
34 35 54888
35 36 492582
36 37 291505
37 38 636720
38 39 3717
39 40 879325
40 41 293608
41 42 814728
42 43 630861
43 44 742556
44 45 64062
45 46 21834
46 47 635042
47 48 991014
48 49 363694
50 12 39 276443455
0 1 845855
1 2 926889
2 3 737499
3 4 900780
4 5 816032
5 6 522884
6 7 517871
7 8 838256
8 9 430700
9 10 801863
10 11 35694
11 12 840721
12 13 271910
13 14 824258
14 15 410345
15 16 250772
16 17 408539
17 18 202112
18 19 636282
19 20 986264
20 21 624324
21 22 414532
22 23 415046
23 24 338071
24 25 912771
25 26 342925
26 27 911165
27 28 602211
28 29 2594
29 30 337171
30 31 649686
31 32 245611
32 33 327193
33 34 73993
34 35 794325
35 36 900789
36 37 623431
37 38 283931
38 39 128327
39 40 276323
40 41 315189
41 42 313071
42 43 564290
43 44 497265
44 45 787416
45 46 489254
46 47 167783
47 48 421298
48 49 241230
50 23 24 139488619
0 1 454557
1 2 846430
2 3 473766
3 4 745706
4 5 67064
5 6 393026
6 7 634354
7 8 661004
8 9 190652
9 10 389517
10 11 624080
11 12 329661
12 13 485676
13 14 133251
14 15 410515
15 16 241362
16 17 945594
17 18 28831
18 19 427350
19 20 724606
20 21 886271
21 22 59224
22 23 387905
23 24 502923
24 25 550656
25 26 319838
26 27 689669
27 28 420128
28 29 758441
29 30 206364
30 31 295516
31 32 227002
32 33 524947
33 34 24309
34 35 117964
35 36 577780
36 37 154495
37 38 211208
38 39 819811
39 40 45057
40 41 463385
41 42 971821
42 43 331513
43 44 167790
44 45 640888
45 46 765495
46 47 348083
47 48 833891
48 49 577754
50 32 42 228126287
0 1 999466
1 2 657251
2 3 861963
3 4 117826
4 5 347644
5 6 142605
6 7 127521
7 8 91261
8 9 119821
9 10 521384
10 11 862857
11 12 920800
12 13 740101
13 14 770026
14 15 214361
15 16 543574
16 17 57718
17 18 776512
18 19 593709
19 20 440033
20 21 198171
21 22 944466
22 23 755953
23 24 220127
24 25 106012
25 26 740804
26 27 405461
27 28 54023
28 29 158087
29 30 391921
30 31 472407
31 32 537578
32 33 684501
33 34 132784
34 35 746303
35 36 982260
36 37 29804
37 38 264145
38 39 234716
39 40 535337
40 41 544153
41 42 215902
42 43 35273
43 44 417642
44 45 615123
45 46 815708
46 47 480428
47 48 368
48 49 191933
50 9 32 334707231
0 1 432034
1 2 894365
2 3 240855
3 4 697840
4 5 992185
5 6 869707
6 7 859226
7 8 810143
8 9 522464
9 10 630142
10 11 717834
11 12 61627
12 13 66209
13 14 689630
14 15 836926
15 16 411137
16 17 433842
17 18 162507
18 19 830037
19 20 863622
20 21 938798
21 22 789278
22 23 176124
23 24 214648
24 25 392991
25 26 300780
26 27 265830
27 28 371937
28 29 880310
29 30 779140
30 31 227603
31 32 882853
32 33 42958
33 34 344174
34 35 921611
35 36 469632
36 37 698286
37 38 214763
38 39 254562
39 40 687370
40 41 672133
41 42 380665
42 43 173107
43 44 426165
44 45 527982
45 46 744654
46 47 615719
47 48 976139
48 49 201771
50 4 12 281534430
0 1 388716
1 2 311879
2 3 237825
3 4 506857
4 5 547719
5 6 130746
6 7 394983
7 8 819466
8 9 768446
9 10 82129
10 11 857134
11 12 297224
12 13 452542
13 14 231652
14 15 2031
15 16 271088
16 17 263260
17 18 201925
18 19 999564
19 20 760233
20 21 34392
21 22 641154
22 23 819443
23 24 100085
24 25 510235
25 26 562400
26 27 561371
27 28 584752
28 29 135290
29 30 44767
30 31 183172
31 32 766989
32 33 39154
33 34 339450
34 35 249976
35 36 517662
36 37 431980
37 38 541093
38 39 463758
39 40 346122
40 41 607096
41 42 161167
42 43 260643
43 44 225558
44 45 279635
45 46 666848
46 47 812576
47 48 456415
48 49 950371
50 0 25 369184119
0 1 675831
1 2 288376
2 3 110442
3 4 479774
4 5 191689
5 6 525491
6 7 666810
7 8 25680
8 9 868349
9 10 744954
10 11 350777
11 12 569209
12 13 195489
13 14 860055
14 15 426947
15 16 172470
16 17 801645
17 18 321230
18 19 756220
19 20 529731
20 21 420674
21 22 102431
22 23 846547
23 24 588529
24 25 855532
25 26 437953
26 27 299713
27 28 723054
28 29 16290
29 30 295975
30 31 412169
31 32 167426
32 33 931906
33 34 845692
34 35 497783
35 36 311310
36 37 639191
37 38 85736
38 39 461603
39 40 432332
40 41 797461
41 42 484618
42 43 908397
43 44 393172
44 45 796441
45 46 174269
46 47 17216
47 48 490898
48 49 789739
50 23 44 366804302
0 1 732157
1 2 63649
2 3 413469
3 4 812855
4 5 296938
5 6 905512
6 7 115760
7 8 889533
8 9 140602
9 10 672557
10 11 262043
11 12 929980
12 13 646682
13 14 782317
14 15 859259
15 16 893477
16 17 298598
17 18 194014
18 19 147895
19 20 23364
20 21 591457
21 22 93680
22 23 605695
23 24 472894
24 25 601081
25 26 229133
26 27 170703
27 28 37330
28 29 265989
29 30 603033
30 31 635435
31 32 827610
32 33 88072
33 34 448884
34 35 380963
35 36 661896
36 37 722797
37 38 469365
38 39 509838
39 40 306539
40 41 384906
41 42 843182
42 43 691984
43 44 469801
44 45 17823
45 46 861484
46 47 778517
47 48 19972
48 49 430934
50 24 34 279039911
0 1 60034
1 2 746955
2 3 665616
3 4 780504
4 5 595170
5 6 307942
6 7 738769
7 8 180821
8 9 428892
9 10 888187
10 11 372205
11 12 378809
12 13 939332
13 14 129465
14 15 313218
15 16 532998
16 17 857108
17 18 338247
18 19 439098
19 20 724505
20 21 172851
21 22 892296
22 23 667911
23 24 713706
24 25 469809
25 26 80665
26 27 881190
27 28 889163
28 29 251526
29 30 884688
30 31 538142
31 32 189735
32 33 45400
33 34 901820
34 35 455936
35 36 351298
36 37 771251
37 38 874345
38 39 621542
39 40 743740
40 41 393488
41 42 550235
42 43 586677
43 44 494672
44 45 825297
45 46 171471
46 47 846685
47 48 115406
48 49 76032
