cc61ad56a4797fb3f5c9529f73ce6fcedd85669b
1
2921 554 2419 2197312943301
0 1 333995
1 2 589881
2 3 875597
3 4 174524
4 5 69440
5 6 326830
6 7 802041
7 8 66604
8 9 18419
9 10 164377
10 11 189871
11 12 722407
12 13 880795
13 14 313302
14 15 920145
15 16 689978
16 17 782838
17 18 415604
18 19 829763
19 20 505667
20 21 489248
21 22 166707
22 23 168684
23 24 317683
24 25 935578
25 26 504068
26 27 378997
27 28 840782
28 29 752899
29 30 173709
30 31 597064
31 32 388648
32 33 832674
33 34 638306
34 35 370961
35 36 529257
36 37 50713
37 38 731916
38 39 46144
39 40 346762
40 41 713394
41 42 991813
42 43 816517
43 44 712598
44 45 273686
45 46 423610
46 47 139730
47 48 584361
48 49 318417
49 50 321159
50 51 396828
51 52 449460
52 53 765135
53 54 662526
54 55 400666
55 56 486902
56 57 487137
57 58 846176
58 59 489476
59 60 630723
60 61 983161
61 62 20833
62 63 779348
63 64 736833
64 65 620776
65 66 175208
66 67 650888
67 68 111462
68 69 890471
69 70 367500
70 71 779613
71 72 589307
72 73 496074
73 74 128791
74 75 611541
75 76 911835
76 77 668558
77 78 609287
78 79 397234
79 80 722868
80 81 589964
81 82 98439
82 83 725432
83 84 741508
84 85 107075
85 86 27770
86 87 11566
87 88 706268
88 89 184785
89 90 643504
90 91 797789
91 92 696352
92 93 916218
93 94 761198
94 95 690127
95 96 463621
96 97 1823
97 98 561002
98 99 448720
99 100 202257
100 101 776200
101 102 629580
102 103 268016
103 104 703071
104 105 964570
105 106 913966
106 107 997375
107 108 309463
108 109 13793
109 110 222877
110 111 751695
111 112 913913
112 113 906375
113 114 787797
114 115 429237
115 116 983827
116 117 873946
117 118 450567
118 119 214856
119 120 237894
120 121 300554
121 122 246678
122 123 848096
123 124 532228
124 125 122919
125 126 623701
126 127 244503
127 128 106324
128 129 743783
129 130 39370
130 131 140107
131 132 48012
132 133 418525
133 134 876334
134 135 631258
135 136 922454
136 137 508739
137 138 988331
138 139 592611
139 140 263339
140 141 714353
141 142 667164
142 143 680459
143 144 199770
144 145 676642
145 146 45583
146 147 546485
147 148 97921
148 149 522550
149 150 351814
150 151 787976
151 152 392786
152 153 874026
153 154 782897
154 155 270189
155 156 548816
156 157 658721
157 158 561333
158 159 352974
159 160 479055
160 161 496606
161 162 146535
162 163 602712
163 164 890102
164 165 737287
165 166 275409
166 167 845049
167 168 64128
168 169 19939
169 170 620332
170 171 102306
171 172 271670
172 173 733404
173 174 792484
174 175 241093
175 176 581110
176 177 890558
177 178 664855
178 179 642327
179 180 913967
180 181 77109
181 182 597653
182 183 958095
183 184 357602
184 185 906066
185 186 312737
186 187 733349
187 188 802082
188 189 213510
189 190 536109
190 191 341139
191 192 271508
192 193 739365
193 194 514210
194 195 409303
195 196 330223
196 197 837476
197 198 434965
198 199 860654
199 200 744765
200 201 246427
201 202 933714
202 203 521370
203 204 130648
204 205 981828
205 206 386069
206 207 282781
207 208 200621
208 209 499577
209 210 728908
210 211 860795
211 212 760636
212 213 342329
213 214 849110
214 215 303100
215 216 722197
216 217 218083
217 218 473606
218 219 369126
219 220 370523
220 221 312504
221 222 985503
222 223 145862
223 224 217925
224 225 256989
225 226 560089
226 227 157608
227 228 835031
228 229 769494
229 230 163802
230 231 383258
231 232 535981
232 233 532172
233 234 818046
234 235 169581
235 236 619121
236 237 778504
237 238 61776
238 239 120947
239 240 38495
240 241 833205
241 242 883469
242 243 486849
243 244 607367
244 245 628705
245 246 541607
246 247 154798
247 248 121099
248 249 579259
249 250 242240
250 251 627794
251 252 191260
252 253 724054
253 254 327530
254 255 677960
255 256 495616
256 257 163749
257 258 170925
258 259 160555
259 260 49551
260 261 758332
261 262 116481
262 263 58588
263 264 598833
264 265 692245
265 266 835343
266 267 954170
267 268 295009
268 269 52360
269 270 811187
270 271 175271
271 272 749804
272 273 597968
273 274 219452
274 275 573898
275 276 846770
276 277 810829
277 278 729194
278 279 365447
279 280 37156
280 281 106108
281 282 299887
282 283 90312
283 284 360707
284 285 528256
285 286 516911
286 287 34999
287 288 421607
288 289 691740
289 290 167359
290 291 608577
291 292 101941
292 293 793718
293 294 920168
294 295 340628
295 296 520103
296 297 400278
297 298 348581
298 299 592289
299 300 307144
300 301 635108
301 302 884576
302 303 928090
303 304 89205
304 305 250156
305 306 483769
306 307 348532
307 308 437980
308 309 172189
309 310 637438
310 311 938790
311 312 743936
312 313 655365
313 314 299827
314 315 421800
315 316 334450
316 317 148374
317 318 206092
318 319 485044
319 320 520089
320 321 986148
321 322 429550
322 323 803080
323 324 847467
324 325 742372
325 326 241265
326 327 168098
327 328 779249
328 329 311983
329 330 918176
330 331 817346
331 332 29254
332 333 76668
333 334 514294
334 335 407274
335 336 11416
336 337 975592
337 338 973026
338 339 63329
339 340 40805
340 341 144817
341 342 121028
342 343 923755
343 344 175871
344 345 93814
345 346 747821
346 347 212562
347 348 677384
348 349 506233
349 350 461282
350 351 486496
351 352 711094
352 353 806556
353 354 499033
354 355 397666
355 356 572304
356 357 936679
357 358 321723
358 359 317286
359 360 208302
360 361 811648
361 362 429408
362 363 889597
363 364 878012
364 365 714800
365 366 663829
366 367 428025
367 368 873207
368 369 834532
369 370 504088
370 371 977135
371 372 263406
372 373 996777
373 374 376538
374 375 661430
375 376 149313
376 377 271855
377 378 217724
378 379 482086
379 380 904933
380 381 959175
381 382 723602
382 383 574810
383 384 16734
384 385 643812
385 386 221794
386 387 454190
387 388 387907
388 389 86685
389 390 989029
390 391 301248
391 392 643710
392 393 983081
393 394 779589
394 395 254514
395 396 784584
396 397 356065
397 398 941213
398 399 399526
399 400 980784
400 401 473217
401 402 281276
402 403 22976
403 404 850517
404 405 887910
405 406 887329
406 407 420392
407 408 306855
408 409 677392
409 410 155199
410 411 74948
411 412 687785
412 413 779234
413 414 77818
414 415 383810
415 416 842162
416 417 898397
417 418 112424
418 419 922059
419 420 227686
420 421 129704
421 422 319697
422 423 333456
423 424 644609
424 425 763018
425 426 712239
426 427 823361
427 428 429452
428 429 933421
429 430 994158
430 431 222673
431 432 667173
432 433 408349
433 434 935980
434 435 5939
435 436 224763
436 437 336775
437 438 752250
438 439 352991
439 440 949200
440 441 863994
441 442 162776
442 443 378061
443 444 369333
444 445 55912
445 446 569596
446 447 523640
447 448 145872
448 449 996197
449 450 784332
450 451 786203
451 452 761752
452 453 692454
453 454 547486
454 455 969015
455 456 377623
456 457 44356
457 458 573311
458 459 632267
459 460 579495
460 461 671926
461 462 555753
462 463 856474
463 464 317045
464 465 379993
465 466 546442
466 467 632680
467 468 582977
468 469 791659
469 470 689731
470 471 774205
471 472 560155
472 473 5579
473 474 769382
474 475 335072
475 476 400807
476 477 793851
477 478 662455
478 479 837212
479 480 747545
480 481 774430
481 482 891628
482 483 930429
483 484 67642
484 485 491193
485 486 57581
486 487 948436
487 488 714080
488 489 420085
489 490 335763
490 491 613039
491 492 46713
492 493 312411
493 494 740012
494 495 446177
495 496 838016
496 497 52822
497 498 169781
498 499 443647
499 500 501446
500 501 673076
501 502 395550
502 503 894816
503 504 25130
504 505 391077
505 506 880394
506 507 262812
507 508 532769
508 509 809402
509 510 946379
510 511 924622
511 512 106606
512 513 870950
513 514 749737
514 515 34706
515 516 193322
516 517 850496
517 518 906012
518 519 956166
519 520 408445
520 521 109119
521 522 742413
522 523 89804
523 524 306146
524 525 806652
525 526 738777
526 527 543046
527 528 362087
528 529 148467
529 530 404621
530 531 173657
531 532 476970
532 533 885569
533 534 328938
534 535 706346
535 536 862492
536 537 174247
537 538 641634
538 539 930019
539 540 440257
540 541 310469
541 542 82072
542 543 612462
543 544 925870
544 545 637855
545 546 21860
546 547 719736
547 548 753737
548 549 726619
549 550 482764
550 551 986927
551 552 808908
552 553 482241
553 554 464972
554 555 860804
555 556 511618
556 557 416825
557 558 715662
558 559 669930
559 560 98440
560 561 145680
561 562 50290
562 563 212
563 564 19789
564 565 20082
565 566 872647
566 567 886522
567 568 123793
568 569 282929
569 570 109967
570 571 692436
571 572 238057
572 573 739004
573 574 498623
574 575 300253
575 576 571449
576 577 461352
577 578 655292
578 579 387217
579 580 475000
580 581 507498
581 582 558494
582 583 588974
583 584 517999
584 585 737243
585 586 913648
586 587 63926
587 588 522554
588 589 845170
589 590 516461
590 591 940075
591 592 456773
592 593 988237
593 594 869700
594 595 197714
595 596 135055
596 597 804008
597 598 991893
598 599 194352
599 600 175274
600 601 623459
601 602 967282
602 603 671119
603 604 180024
604 605 533567
605 606 832350
606 607 421369
607 608 586671
608 609 382113
609 610 740560
610 611 751035
611 612 656086
612 613 586254
613 614 843313
614 615 222051
615 616 686405
616 617 23277
617 618 956185
618 619 224706
619 620 933800
620 621 473031
621 622 564565
622 623 261099
623 624 775484
624 625 466442
625 626 148964
626 627 97265
627 628 633744
628 629 393281
629 630 425652
630 631 339244
631 632 528645
632 633 182493
633 634 471913
634 635 148084
635 636 838158
636 637 234927
637 638 71767
638 639 531108
639 640 229296
640 641 134314
641 642 602882
642 643 59416
643 644 769666
644 645 910501
645 646 198500
646 647 962543
647 648 254254
648 649 482327
649 650 980711
650 651 334729
651 652 940014
652 653 816857
653 654 459366
654 655 957833
655 656 861775
656 657 737191
657 658 234992
658 659 923603
659 660 197360
660 661 664734
661 662 664645
662 663 513103
663 664 654596
664 665 849919
665 666 80726
666 667 605028
667 668 775435
668 669 345642
669 670 672648
670 671 222205
671 672 188252
672 673 240484
673 674 140913
674 675 695175
675 676 716062
676 677 643025
677 678 425689
678 679 278192
679 680 434954
680 681 113017
681 682 447610
682 683 847721
683 684 283434
684 685 274823
685 686 273281
686 687 778597
687 688 38493
688 689 689412
689 690 668106
690 691 997719
691 692 110736
692 693 30752
693 694 763302
694 695 706743
695 696 884805
696 697 993001
697 698 948504
698 699 585981
699 700 668239
700 701 300818
701 702 545683
702 703 662756
703 704 995860
704 705 863085
705 706 735486
706 707 200168
707 708 276809
708 709 845552
709 710 976304
710 711 792840
711 712 763897
712 713 707380
713 714 996019
714 715 918212
715 716 495038
716 717 488368
717 718 826372
718 719 166303
719 720 335430
720 721 576130
721 722 796369
722 723 947997
723 724 2959
724 725 977574
725 726 344249
726 727 177670
727 728 607338
728 729 28604
729 730 123023
730 731 369697
731 732 285435
732 733 19270
733 734 36695
734 735 419449
735 736 370934
736 737 989095
737 738 902279
738 739 269851
739 740 956580
740 741 878884
741 742 892743
742 743 643989
743 744 906076
744 745 627878
745 746 505841
746 747 879800
747 748 810697
748 749 797750
749 750 969872
750 751 298903
751 752 237802
752 753 443839
753 754 937253
754 755 914309
755 756 868684
756 757 568592
757 758 315805
758 759 669466
759 760 905554
760 761 419223
761 762 186587
762 763 62702
763 764 329581
764 765 825126
765 766 404148
766 767 274140
767 768 392740
768 769 869168
769 770 909485
770 771 416128
771 772 795789
772 773 251660
773 774 703103
774 775 896185
775 776 287633
776 777 95537
777 778 364499
778 779 283559
779 780 285163
780 781 516792
781 782 103622
782 783 417517
783 784 498217
784 785 204573
785 786 532262
786 787 928880
787 788 487849
788 789 976446
789 790 741618
790 791 946453
791 792 666333
792 793 47513
793 794 638941
794 795 882502
795 796 293959
796 797 778450
797 798 213962
798 799 383277
799 800 190333
800 801 463146
801 802 18449
802 803 444471
803 804 14821
804 805 563336
805 806 416825
806 807 154387
807 808 506
808 809 162100
809 810 784379
810 811 999920
811 812 513093
812 813 49686
813 814 133253
814 815 973377
815 816 566499
816 817 685947
817 818 700340
818 819 592700
819 820 738053
820 821 499024
821 822 214488
822 823 913494
823 824 26411
824 825 891108
825 826 789491
826 827 476296
827 828 934888
828 829 220458
829 830 399866
830 831 798285
831 832 344737
832 833 865716
833 834 709970
834 835 611361
835 836 986509
836 837 389304
837 838 397651
838 839 43843
839 840 682485
840 841 410191
841 842 627400
842 843 960883
843 844 711413
844 845 917616
845 846 843309
846 847 494068
847 848 808569
848 849 898361
849 850 882351
850 851 850699
851 852 851456
852 853 777638
853 854 107503
854 855 247677
855 856 310492
856 857 617687
857 858 766014
858 859 81748
859 860 653872
860 861 188366
861 862 468194
862 863 684571
863 864 768304
864 865 344622
865 866 180367
866 867 541405
867 868 428324
868 869 580349
869 870 5359
870 871 492393
871 872 304164
872 873 29794
873 874 36378
874 875 809872
875 876 124252
876 877 201511
877 878 777118
878 879 741797
879 880 678282
880 881 889911
881 882 584503
882 883 606395
883 884 81467
884 885 456928
885 886 327191
886 887 524330
887 888 960145
888 889 492754
889 890 460959
890 891 385994
891 892 132351
892 893 700062
893 894 773668
894 895 303798
895 896 687562
896 897 762680
897 898 120874
898 899 937482
899 900 219721
900 901 494389
901 902 208172
902 903 350309
903 904 300070
904 905 134349
905 906 552849
906 907 516775
907 908 963163
908 909 6105
909 910 895864
910 911 472371
911 912 758325
912 913 561557
913 914 820397
914 915 873838
915 916 446932
916 917 817247
917 918 643568
918 919 963454
919 920 518504
920 921 718902
921 922 962421
922 923 428427
923 924 863861
924 925 89467
925 926 155934
926 927 518848
927 928 337295
928 929 516786
929 930 761282
930 931 564362
931 932 200414
932 933 757826
933 934 991530
934 935 409112
935 936 941019
936 937 312112
937 938 787342
938 939 804697
939 940 205969
940 941 853352
941 942 318875
942 943 81152
943 944 276124
944 945 581236
945 946 220783
946 947 627395
947 948 427501
948 949 496322
949 950 205595
950 951 473687
951 952 771651
952 953 302113
953 954 443424
954 955 365237
955 956 963634
956 957 793668
957 958 886834
958 959 606360
959 960 735840
960 961 643453
961 962 550136
962 963 922876
963 964 248258
964 965 40130
965 966 14537
966 967 183840
967 968 144035
968 969 263468
969 970 231535
970 971 146884
971 972 349534
972 973 41778
973 974 507815
974 975 725803
975 976 138526
976 977 333490
977 978 184543
978 979 141530
979 980 581028
980 981 135528
981 982 844727
982 983 687255
983 984 349633
984 985 812917
985 986 65216
986 987 574634
987 988 503063
988 989 780568
989 990 300735
990 991 870750
991 992 810907
992 993 300663
993 994 101354
994 995 493696
995 996 758870
996 997 103703
997 998 465641
998 999 865375
999 1000 639711
1000 1001 849439
1001 1002 617174
1002 1003 484170
1003 1004 456738
1004 1005 620953
1005 1006 526973
1006 1007 983765
1007 1008 977563
1008 1009 197745
1009 1010 591964
1010 1011 585171
1011 1012 753819
1012 1013 959027
1013 1014 818211
1014 1015 345436
1015 1016 420546
1016 1017 838480
1017 1018 389493
1018 1019 307209
1019 1020 922818
1020 1021 125337
1021 1022 306917
1022 1023 35250
1023 1024 239202
1024 1025 517314
1025 1026 555385
1026 1027 574327
1027 1028 714744
1028 1029 645344
1029 1030 163818
1030 1031 814195
1031 1032 246573
1032 1033 559275
1033 1034 374306
1034 1035 739722
1035 1036 461949
1036 1037 915452
1037 1038 828411
1038 1039 28892
1039 1040 468916
1040 1041 187151
1041 1042 62598
1042 1043 493390
1043 1044 470193
1044 1045 456770
1045 1046 622785
1046 1047 281608
1047 1048 637798
1048 1049 482836
1049 1050 537119
1050 1051 157489
1051 1052 867029
1052 1053 11046
1053 1054 228036
1054 1055 945269
1055 1056 203348
1056 1057 134397
1057 1058 686470
1058 1059 5055
1059 1060 591881
1060 1061 480573
1061 1062 556781
1062 1063 873918
1063 1064 969391
1064 1065 618159
1065 1066 694386
1066 1067 86628
1067 1068 252175
1068 1069 561083
1069 1070 551171
1070 1071 632993
1071 1072 567687
1072 1073 819566
1073 1074 697597
1074 1075 871916
1075 1076 471238
1076 1077 388085
1077 1078 386608
1078 1079 777658
1079 1080 198349
1080 1081 850592
1081 1082 213727
1082 1083 939588
1083 1084 781679
1084 1085 299295
1085 1086 674108
1086 1087 774149
1087 1088 471761
1088 1089 515528
1089 1090 128560
1090 1091 551353
1091 1092 621482
1092 1093 278222
1093 1094 813008
1094 1095 267231
1095 1096 78020
1096 1097 206667
1097 1098 956904
1098 1099 688312
1099 1100 548088
1100 1101 576823
1101 1102 146548
1102 1103 693829
1103 1104 508213
1104 1105 793133
1105 1106 361505
1106 1107 93259
1107 1108 551674
1108 1109 450797
1109 1110 936208
1110 1111 47314
1111 1112 174039
1112 1113 125268
1113 1114 66131
1114 1115 505377
1115 1116 256368
1116 1117 798693
1117 1118 192750
1118 1119 977220
1119 1120 540025
1120 1121 711235
1121 1122 783510
1122 1123 505222
1123 1124 47930
1124 1125 620148
1125 1126 556853
1126 1127 152246
1127 1128 887435
1128 1129 272287
1129 1130 476387
1130 1131 317478
1131 1132 374361
1132 1133 790222
1133 1134 162030
1134 1135 862438
1135 1136 270239
1136 1137 72684
1137 1138 345107
1138 1139 962317
1139 1140 1581
1140 1141 238024
1141 1142 458818
1142 1143 704560
1143 1144 631588
1144 1145 640976
1145 1146 603613
1146 1147 603497
1147 1148 124984
1148 1149 121430
1149 1150 102072
1150 1151 342801
1151 1152 319020
1152 1153 475150
1153 1154 912538
1154 1155 709
1155 1156 777497
1156 1157 480013
1157 1158 75131
1158 1159 285476
1159 1160 248230
1160 1161 332107
1161 1162 144452
1162 1163 938830
1163 1164 236496
1164 1165 328673
1165 1166 636177
1166 1167 896294
1167 1168 698596
1168 1169 87884
1169 1170 212913
1170 1171 812753
1171 1172 605696
1172 1173 92583
1173 1174 785124
1174 1175 887925
1175 1176 413397
1176 1177 307380
1177 1178 301084
1178 1179 812282
1179 1180 537063
1180 1181 210132
1181 1182 182396
1182 1183 461131
1183 1184 891850
1184 1185 52105
1185 1186 601051
1186 1187 717398
1187 1188 188646
1188 1189 735035
1189 1190 907522
1190 1191 934663
1191 1192 851764
1192 1193 704047
1193 1194 669225
1194 1195 773136
1195 1196 68607
1196 1197 136721
1197 1198 559165
1198 1199 715812
1199 1200 489380
1200 1201 649899
1201 1202 469661
1202 1203 928695
1203 1204 116753
1204 1205 216363
1205 1206 239064
1206 1207 397823
1207 1208 621705
1208 1209 974625
1209 1210 554160
1210 1211 689845
1211 1212 316445
1212 1213 485117
1213 1214 631193
1214 1215 61332
1215 1216 39924
1216 1217 852821
1217 1218 216442
1218 1219 864473
1219 1220 427204
1220 1221 59356
1221 1222 633834
1222 1223 699073
1223 1224 654166
1224 1225 917420
1225 1226 344563
1226 1227 983885
1227 1228 958213
1228 1229 828925
1229 1230 500243
1230 1231 814528
1231 1232 21119
1232 1233 102378
1233 1234 416566
1234 1235 279903
1235 1236 353986
1236 1237 440115
1237 1238 450812
1238 1239 187184
1239 1240 5087
1240 1241 544757
1241 1242 262329
1242 1243 909435
1243 1244 71547
1244 1245 528947
1245 1246 942639
1246 1247 33419
1247 1248 552584
1248 1249 505104
1249 1250 488853
1250 1251 79726
1251 1252 883024
1252 1253 759570
1253 1254 442643
1254 1255 8112
1255 1256 172330
1256 1257 273056
1257 1258 280707
1258 1259 226468
1259 1260 354562
1260 1261 497861
1261 1262 318961
1262 1263 384666
1263 1264 984853
1264 1265 448810
1265 1266 126620
1266 1267 909673
1267 1268 93618
1268 1269 301215
1269 1270 366450
1270 1271 557990
1271 1272 345593
1272 1273 929938
1273 1274 201175
1274 1275 824107
1275 1276 192799
1276 1277 529493
1277 1278 848478
1278 1279 761233
1279 1280 293480
1280 1281 444508
1281 1282 340621
1282 1283 293749
1283 1284 274475
1284 1285 56892
1285 1286 365853
1286 1287 585142
1287 1288 534097
1288 1289 640493
1289 1290 869816
1290 1291 200372
1291 1292 507478
1292 1293 205769
1293 1294 23417
1294 1295 662995
1295 1296 601542
1296 1297 663754
1297 1298 886255
1298 1299 129333
1299 1300 261824
1300 1301 129935
1301 1302 402457
1302 1303 202435
1303 1304 914678
1304 1305 666135
1305 1306 581226
1306 1307 248165
1307 1308 901163
1308 1309 192323
1309 1310 506374
1310 1311 470788
1311 1312 901939
1312 1313 497944
1313 1314 587715
1314 1315 360718
1315 1316 277686
1316 1317 989562
1317 1318 2473
1318 1319 430834
1319 1320 798188
1320 1321 785138
1321 1322 806514
1322 1323 32991
1323 1324 372577
1324 1325 919721
1325 1326 772170
1326 1327 697737
1327 1328 220914
1328 1329 833322
1329 1330 821839
1330 1331 778980
1331 1332 410638
1332 1333 349923
1333 1334 821713
1334 1335 524070
1335 1336 758198
1336 1337 769571
1337 1338 30994
1338 1339 113736
1339 1340 279358
1340 1341 754589
1341 1342 955655
1342 1343 241990
1343 1344 862985
1344 1345 183652
1345 1346 324822
1346 1347 213658
1347 1348 962383
1348 1349 918124
1349 1350 920341
1350 1351 704132
1351 1352 40730
1352 1353 270159
1353 1354 585041
1354 1355 654212
1355 1356 388
1356 1357 112709
1357 1358 406147
1358 1359 88350
1359 1360 603194
1360 1361 291946
1361 1362 178908
1362 1363 279828
1363 1364 877116
1364 1365 346491
1365 1366 531514
1366 1367 360303
1367 1368 574234
1368 1369 822744
1369 1370 469744
1370 1371 160311
1371 1372 478071
1372 1373 160515
1373 1374 735234
1374 1375 574965
1375 1376 71690
1376 1377 28768
1377 1378 197221
1378 1379 47927
1379 1380 623960
1380 1381 809331
1381 1382 444227
1382 1383 155084
1383 1384 414651
1384 1385 975844
1385 1386 437365
1386 1387 131459
1387 1388 307101
1388 1389 848829
1389 1390 31622
1390 1391 839600
1391 1392 65532
1392 1393 575018
1393 1394 35446
1394 1395 198439
1395 1396 419112
1396 1397 443703
1397 1398 554420
1398 1399 823550
1399 1400 840768
1400 1401 363286
1401 1402 456867
1402 1403 592399
1403 1404 942328
1404 1405 46230
1405 1406 816789
1406 1407 732851
1407 1408 488598
1408 1409 32108
1409 1410 499922
1410 1411 641479
1411 1412 248368
1412 1413 107757
1413 1414 121874
1414 1415 430250
1415 1416 71214
1416 1417 706065
1417 1418 980734
1418 1419 146045
1419 1420 810318
1420 1421 420722
1421 1422 8883
1422 1423 46881
1423 1424 863322
1424 1425 400522
1425 1426 139326
1426 1427 806652
1427 1428 695667
1428 1429 992824
1429 1430 343328
1430 1431 753332
1431 1432 72458
1432 1433 578619
1433 1434 153994
1434 1435 667313
1435 1436 137697
1436 1437 203764
1437 1438 57698
1438 1439 77727
1439 1440 385421
1440 1441 312808
1441 1442 448444
1442 1443 431465
1443 1444 564343
1444 1445 849980
1445 1446 707234
1446 1447 408511
1447 1448 326294
1448 1449 325751
1449 1450 640524
1450 1451 853328
1451 1452 476149
1452 1453 501634
1453 1454 979944
1454 1455 580560
1455 1456 232307
1456 1457 575466
1457 1458 393362
1458 1459 939059
1459 1460 165886
1460 1461 806557
1461 1462 57564
1462 1463 727151
1463 1464 239382
1464 1465 109032
1465 1466 965447
1466 1467 167550
1467 1468 639632
1468 1469 499007
1469 1470 495432
1470 1471 543129
1471 1472 347088
1472 1473 241653
1473 1474 344452
1474 1475 480573
1475 1476 159501
1476 1477 862142
1477 1478 194771
1478 1479 633641
1479 1480 802448
1480 1481 303028
1481 1482 817792
1482 1483 151518
1483 1484 834292
1484 1485 549903
1485 1486 440454
1486 1487 515485
1487 1488 166375
1488 1489 824939
1489 1490 560468
1490 1491 781164
1491 1492 631079
1492 1493 372485
1493 1494 911754
1494 1495 778257
1495 1496 775686
1496 1497 514494
1497 1498 315065
1498 1499 9940
1499 1500 961446
1500 1501 785558
1501 1502 192231
1502 1503 4161
1503 1504 808125
1504 1505 247793
1505 1506 452616
1506 1507 852003
1507 1508 339986
1508 1509 422101
1509 1510 725381
1510 1511 67274
1511 1512 490877
1512 1513 938986
1513 1514 694008
1514 1515 356549
1515 1516 55530
1516 1517 934520
1517 1518 675118
1518 1519 698024
1519 1520 362646
1520 1521 410027
1521 1522 982051
1522 1523 209031
1523 1524 195408
1524 1525 386514
1525 1526 322185
1526 1527 516536
1527 1528 409977
1528 1529 957851
1529 1530 660865
1530 1531 787477
1531 1532 161476
1532 1533 672665
1533 1534 448031
1534 1535 35575
1535 1536 481718
1536 1537 320766
1537 1538 81641
1538 1539 219323
1539 1540 529958
1540 1541 518752
1541 1542 775832
1542 1543 880129
1543 1544 518910
1544 1545 41719
1545 1546 724566
1546 1547 371303
1547 1548 199095
1548 1549 950429
1549 1550 580670
1550 1551 668561
1551 1552 829536
1552 1553 177420
1553 1554 49823
1554 1555 639204
1555 1556 459224
1556 1557 839139
1557 1558 63097
1558 1559 572358
1559 1560 591119
1560 1561 602593
1561 1562 343485
1562 1563 482784
1563 1564 571465
1564 1565 971688
1565 1566 207696
1566 1567 416731
1567 1568 731098
1568 1569 798971
1569 1570 452360
1570 1571 751590
1571 1572 495018
1572 1573 998911
1573 1574 983213
1574 1575 815789
1575 1576 44785
1576 1577 930813
1577 1578 961337
1578 1579 135203
1579 1580 115324
1580 1581 398686
1581 1582 410904
1582 1583 473529
1583 1584 540774
1584 1585 180973
1585 1586 215272
1586 1587 243748
1587 1588 410271
1588 1589 960920
1589 1590 313466
1590 1591 870426
1591 1592 357544
1592 1593 458479
1593 1594 635022
1594 1595 643605
1595 1596 17108
1596 1597 22243
1597 1598 335706
1598 1599 306830
1599 1600 382665
1600 1601 270728
1601 1602 34564
1602 1603 16834
1603 1604 445884
1604 1605 480402
1605 1606 841378
1606 1607 726512
1607 1608 475000
1608 1609 339227
1609 1610 93761
1610 1611 575449
1611 1612 285719
1612 1613 696219
1613 1614 84379
1614 1615 2494
1615 1616 769926
1616 1617 662254
1617 1618 304158
1618 1619 700581
1619 1620 938245
1620 1621 513745
1621 1622 205036
1622 1623 432276
1623 1624 819684
1624 1625 777829
1625 1626 195733
1626 1627 324116
1627 1628 348743
1628 1629 399210
1629 1630 347166
1630 1631 330158
1631 1632 809251
1632 1633 686149
1633 1634 229820
1634 1635 384625
1635 1636 515070
1636 1637 3962
1637 1638 2841
1638 1639 867562
1639 1640 203570
1640 1641 865073
1641 1642 536270
1642 1643 493673
1643 1644 112617
1644 1645 354228
1645 1646 281191
1646 1647 793986
1647 1648 212002
1648 1649 743727
1649 1650 363170
1650 1651 664329
1651 1652 860842
1652 1653 788207
1653 1654 91823
1654 1655 845268
1655 1656 423588
1656 1657 930595
1657 1658 91248
1658 1659 103101
1659 1660 542017
1660 1661 454302
1661 1662 416826
1662 1663 4573
1663 1664 582984
1664 1665 824274
1665 1666 800210
1666 1667 731858
1667 1668 355151
1668 1669 300245
1669 1670 59825
1670 1671 81657
1671 1672 758143
1672 1673 738655
1673 1674 452736
1674 1675 392563
1675 1676 266835
1676 1677 776586
1677 1678 628252
1678 1679 638244
1679 1680 253657
1680 1681 17552
1681 1682 877778
1682 1683 945839
1683 1684 663599
1684 1685 644176
1685 1686 641379
1686 1687 892795
1687 1688 467142
1688 1689 352969
1689 1690 542913
1690 1691 772016
1691 1692 580322
1692 1693 772381
1693 1694 730768
1694 1695 581178
1695 1696 496792
1696 1697 292367
1697 1698 650725
1698 1699 561924
1699 1700 226639
1700 1701 709957
1701 1702 539914
1702 1703 482494
1703 1704 641023
1704 1705 935302
1705 1706 709048
1706 1707 469400
1707 1708 273140
1708 1709 729467
1709 1710 595802
1710 1711 734404
1711 1712 171531
1712 1713 688626
1713 1714 519312
1714 1715 261687
1715 1716 230130
1716 1717 836694
1717 1718 891049
1718 1719 165415
1719 1720 609644
1720 1721 779320
1721 1722 880679
1722 1723 890894
1723 1724 967115
1724 1725 616009
1725 1726 529599
1726 1727 428773
1727 1728 946868
1728 1729 213596
1729 1730 151126
1730 1731 802409
1731 1732 942494
1732 1733 578024
1733 1734 547524
1734 1735 504346
1735 1736 567186
1736 1737 838084
1737 1738 886612
1738 1739 144310
1739 1740 506540
1740 1741 171369
1741 1742 714305
1742 1743 682434
1743 1744 325720
1744 1745 713523
1745 1746 492539
1746 1747 190593
1747 1748 678997
1748 1749 554272
1749 1750 491808
1750 1751 236474
1751 1752 560309
1752 1753 670414
1753 1754 735618
1754 1755 828149
1755 1756 130906
1756 1757 831617
1757 1758 831783
1758 1759 134078
1759 1760 227130
1760 1761 736474
1761 1762 773059
1762 1763 406817
1763 1764 959644
1764 1765 807392
1765 1766 150911
1766 1767 846507
1767 1768 150552
1768 1769 732155
1769 1770 732086
1770 1771 372463
1771 1772 937627
1772 1773 635571
1773 1774 865266
1774 1775 601406
1775 1776 172832
1776 1777 12981
1777 1778 387059
1778 1779 863725
1779 1780 487863
1780 1781 793934
1781 1782 440743
1782 1783 171090
1783 1784 72577
1784 1785 834541
1785 1786 940914
1786 1787 430663
1787 1788 457969
1788 1789 68388
1789 1790 885736
1790 1791 696165
1791 1792 424396
1792 1793 247656
1793 1794 758541
1794 1795 994570
1795 1796 619689
1796 1797 168588
1797 1798 314716
1798 1799 108307
1799 1800 296754
1800 1801 635017
1801 1802 784252
1802 1803 405282
1803 1804 440225
1804 1805 565561
1805 1806 264780
1806 1807 550616
1807 1808 614595
1808 1809 506135
1809 1810 803544
1810 1811 728539
1811 1812 102520
1812 1813 185088
1813 1814 621088
1814 1815 705809
1815 1816 848432
1816 1817 597748
1817 1818 174232
1818 1819 505763
1819 1820 559918
1820 1821 622676
1821 1822 849506
1822 1823 496955
1823 1824 152457
1824 1825 200037
1825 1826 688021
1826 1827 711109
1827 1828 495846
1828 1829 817164
1829 1830 409401
1830 1831 465329
1831 1832 958846
1832 1833 817360
1833 1834 492680
1834 1835 38319
1835 1836 97118
1836 1837 539803
1837 1838 340142
1838 1839 319345
1839 1840 304161
1840 1841 395000
1841 1842 987146
1842 1843 550060
1843 1844 150776
1844 1845 746454
1845 1846 981610
1846 1847 80982
1847 1848 637026
1848 1849 420931
1849 1850 71570
1850 1851 485097
1851 1852 761011
1852 1853 711345
1853 1854 589109
1854 1855 718366
1855 1856 173713
1856 1857 901107
1857 1858 157242
1858 1859 894387
1859 1860 529329
1860 1861 470976
1861 1862 862584
1862 1863 668581
1863 1864 820766
1864 1865 289263
1865 1866 586233
1866 1867 268150
1867 1868 863794
1868 1869 996345
1869 1870 357306
1870 1871 237159
1871 1872 477275
1872 1873 318202
1873 1874 228073
1874 1875 828478
1875 1876 543511
1876 1877 753968
1877 1878 888805
1878 1879 567041
1879 1880 721847
1880 1881 398970
1881 1882 979074
1882 1883 623225
1883 1884 432607
1884 1885 332249
1885 1886 986562
1886 1887 508336
1887 1888 222980
1888 1889 768049
1889 1890 82203
1890 1891 845234
1891 1892 901420
1892 1893 37065
1893 1894 473335
1894 1895 719247
1895 1896 366961
1896 1897 927110
1897 1898 364399
1898 1899 644567
1899 1900 870526
1900 1901 489204
1901 1902 295631
1902 1903 90844
1903 1904 519119
1904 1905 387324
1905 1906 68373
1906 1907 287731
1907 1908 944373
1908 1909 174
1909 1910 874930
1910 1911 53490
1911 1912 10960
1912 1913 616889
1913 1914 423366
1914 1915 919859
1915 1916 509522
1916 1917 239213
1917 1918 316327
1918 1919 205007
1919 1920 267522
1920 1921 603392
1921 1922 279386
1922 1923 553444
1923 1924 362422
1924 1925 961797
1925 1926 22040
1926 1927 17871
1927 1928 30295
1928 1929 565493
1929 1930 570826
1930 1931 472882
1931 1932 45024
1932 1933 313386
1933 1934 731533
1934 1935 804975
1935 1936 506975
1936 1937 80095
1937 1938 257775
1938 1939 674602
1939 1940 897330
1940 1941 313329
1941 1942 811823
1942 1943 405450
1943 1944 369035
1944 1945 292896
1945 1946 176896
1946 1947 994295
1947 1948 215852
1948 1949 501582
1949 1950 60934
1950 1951 18013
1951 1952 372331
1952 1953 156350
1953 1954 968022
1954 1955 277736
1955 1956 807919
1956 1957 98006
1957 1958 787514
1958 1959 670022
1959 1960 635888
1960 1961 42077
1961 1962 139243
1962 1963 424487
1963 1964 296826
1964 1965 767485
1965 1966 817557
1966 1967 619391
1967 1968 801386
1968 1969 912577
1969 1970 538581
1970 1971 47427
1971 1972 531887
1972 1973 495575
1973 1974 36093
1974 1975 177255
1975 1976 28810
1976 1977 717391
1977 1978 535695
1978 1979 943718
1979 1980 769166
1980 1981 500378
1981 1982 162814
1982 1983 382393
1983 1984 543392
1984 1985 540620
1985 1986 155184
1986 1987 499678
1987 1988 130295
1988 1989 635802
1989 1990 707005
1990 1991 722258
1991 1992 303452
1992 1993 794908
1993 1994 234544
1994 1995 352151
1995 1996 239531
1996 1997 707083
1997 1998 356037
1998 1999 965295
1999 2000 688016
2000 2001 316100
2001 2002 831913
2002 2003 74910
2003 2004 815242
2004 2005 906370
2005 2006 816189
2006 2007 622379
2007 2008 377707
2008 2009 908711
2009 2010 68627
2010 2011 118430
2011 2012 266582
2012 2013 537203
2013 2014 551406
2014 2015 570435
2015 2016 30015
2016 2017 799371
2017 2018 295750
2018 2019 492710
2019 2020 307694
2020 2021 321075
2021 2022 171969
2022 2023 76437
2023 2024 851836
2024 2025 782292
2025 2026 503739
2026 2027 418401
2027 2028 716691
2028 2029 128566
2029 2030 419518
2030 2031 832732
2031 2032 267185
2032 2033 522310
2033 2034 787082
2034 2035 895259
2035 2036 543461
2036 2037 850129
2037 2038 962318
2038 2039 786740
2039 2040 778768
2040 2041 460231
2041 2042 926380
2042 2043 822081
2043 2044 820326
2044 2045 217016
2045 2046 557433
2046 2047 188124
2047 2048 695786
2048 2049 760473
2049 2050 743993
2050 2051 224160
2051 2052 831092
2052 2053 609408
2053 2054 619815
2054 2055 865262
2055 2056 728238
2056 2057 660771
2057 2058 317291
2058 2059 841764
2059 2060 565522
2060 2061 927517
2061 2062 135905
2062 2063 63463
2063 2064 895853
2064 2065 992809
2065 2066 815640
2066 2067 91610
2067 2068 761183
2068 2069 324644
2069 2070 645264
2070 2071 237028
2071 2072 237400
2072 2073 161934
2073 2074 5306
2074 2075 343086
2075 2076 241372
2076 2077 7689
2077 2078 919996
2078 2079 27426
2079 2080 808192
2080 2081 547032
2081 2082 611242
2082 2083 597933
2083 2084 383786
2084 2085 920929
2085 2086 839821
2086 2087 37692
2087 2088 685716
2088 2089 701355
2089 2090 890335
2090 2091 381250
2091 2092 690760
2092 2093 602400
2093 2094 730765
2094 2095 238832
2095 2096 556773
2096 2097 532428
2097 2098 122931
2098 2099 330620
2099 2100 461720
2100 2101 596571
2101 2102 914019
2102 2103 180890
2103 2104 291748
2104 2105 781022
2105 2106 353438
2106 2107 948101
2107 2108 40538
2108 2109 55110
2109 2110 841816
2110 2111 22454
2111 2112 365537
2112 2113 461671
2113 2114 115704
2114 2115 997867
2115 2116 657646
2116 2117 667062
2117 2118 467861
2118 2119 829345
2119 2120 925260
2120 2121 104523
2121 2122 107257
2122 2123 799194
2123 2124 925014
2124 2125 981343
2125 2126 988706
2126 2127 973720
2127 2128 150455
2128 2129 684687
2129 2130 574587
2130 2131 845471
2131 2132 552176
2132 2133 271062
2133 2134 188647
2134 2135 451062
2135 2136 564882
2136 2137 908758
2137 2138 143926
2138 2139 229542
2139 2140 893759
2140 2141 398672
2141 2142 491309
2142 2143 596729
2143 2144 699117
2144 2145 143142
2145 2146 665410
2146 2147 146364
2147 2148 306146
2148 2149 237152
2149 2150 293789
2150 2151 484925
2151 2152 293688
2152 2153 230371
2153 2154 895768
2154 2155 851148
2155 2156 935450
2156 2157 667835
2157 2158 554048
2158 2159 385086
2159 2160 561221
2160 2161 647378
2161 2162 409809
2162 2163 377957
2163 2164 426376
2164 2165 497782
2165 2166 552252
2166 2167 858136
2167 2168 928131
2168 2169 747286
2169 2170 596324
2170 2171 941745
2171 2172 742763
2172 2173 918661
2173 2174 149724
2174 2175 532362
2175 2176 833924
2176 2177 905205
2177 2178 405738
2178 2179 583038
2179 2180 771941
2180 2181 845053
2181 2182 822663
2182 2183 946606
2183 2184 235319
2184 2185 982675
2185 2186 214301
2186 2187 467513
2187 2188 800758
2188 2189 287506
2189 2190 587335
2190 2191 409857
2191 2192 408494
2192 2193 578677
2193 2194 627475
2194 2195 7725
2195 2196 991742
2196 2197 80025
2197 2198 469507
2198 2199 70369
2199 2200 984600
2200 2201 78911
2201 2202 696775
2202 2203 195911
2203 2204 899134
2204 2205 857991
2205 2206 616196
2206 2207 752009
2207 2208 507590
2208 2209 403381
2209 2210 172623
2210 2211 134547
2211 2212 21527
2212 2213 58607
2213 2214 832818
2214 2215 514709
2215 2216 981097
2216 2217 390396
2217 2218 943526
2218 2219 805183
2219 2220 400008
2220 2221 869510
2221 2222 281431
2222 2223 55491
2223 2224 728785
2224 2225 959640
2225 2226 632931
2226 2227 219350
2227 2228 764787
2228 2229 49633
2229 2230 601178
2230 2231 841839
2231 2232 263343
2232 2233 797103
2233 2234 752959
2234 2235 761286
2235 2236 889176
2236 2237 211188
2237 2238 512580
2238 2239 964950
2239 2240 174996
2240 2241 330308
2241 2242 487378
2242 2243 271194
2243 2244 195800
2244 2245 995028
2245 2246 265982
2246 2247 471763
2247 2248 703086
2248 2249 96444
2249 2250 809428
2250 2251 292160
2251 2252 535026
2252 2253 921014
2253 2254 143824
2254 2255 112163
2255 2256 395920
2256 2257 642332
2257 2258 814496
2258 2259 871171
2259 2260 246792
2260 2261 296109
2261 2262 511331
2262 2263 571044
2263 2264 966378
2264 2265 393224
2265 2266 377388
2266 2267 82128
2267 2268 591770
2268 2269 618158
2269 2270 11902
2270 2271 591377
2271 2272 131532
2272 2273 438980
2273 2274 322065
2274 2275 340851
2275 2276 124168
2276 2277 665486
2277 2278 695628
2278 2279 643974
2279 2280 992103
2280 2281 61237
2281 2282 276296
2282 2283 627290
2283 2284 743699
2284 2285 723969
2285 2286 901907
2286 2287 253505
2287 2288 128971
2288 2289 926367
2289 2290 737834
2290 2291 351697
2291 2292 436444
2292 2293 707229
2293 2294 263869
2294 2295 719070
2295 2296 733672
2296 2297 96168
2297 2298 567470
2298 2299 862659
2299 2300 626466
2300 2301 945748
2301 2302 280593
2302 2303 205850
2303 2304 216784
2304 2305 820947
2305 2306 251629
2306 2307 443391
2307 2308 177543
2308 2309 685372
2309 2310 457914
2310 2311 519888
2311 2312 300338
2312 2313 370118
2313 2314 559137
2314 2315 367727
2315 2316 159243
2316 2317 766089
2317 2318 545022
2318 2319 379710
2319 2320 883808
2320 2321 212739
2321 2322 663265
2322 2323 809377
2323 2324 672527
2324 2325 169617
2325 2326 287431
2326 2327 886015
2327 2328 587465
2328 2329 816241
2329 2330 513957
2330 2331 82561
2331 2332 595666
2332 2333 938118
2333 2334 845342
2334 2335 613777
2335 2336 651839
2336 2337 893203
2337 2338 248711
2338 2339 320924
2339 2340 741366
2340 2341 675518
2341 2342 869353
2342 2343 601744
2343 2344 674801
2344 2345 882830
2345 2346 200575
2346 2347 184478
2347 2348 294459
2348 2349 477229
2349 2350 104755
2350 2351 34360
2351 2352 373360
2352 2353 958311
2353 2354 350949
2354 2355 758483
2355 2356 286337
2356 2357 957481
2357 2358 333155
2358 2359 101990
2359 2360 867373
2360 2361 414146
2361 2362 301681
2362 2363 333801
2363 2364 146377
2364 2365 424676
2365 2366 228291
2366 2367 87319
2367 2368 300792
2368 2369 806115
2369 2370 944830
2370 2371 797547
2371 2372 875635
2372 2373 852980
2373 2374 237882
2374 2375 726950
2375 2376 395458
2376 2377 263663
2377 2378 185026
2378 2379 161351
2379 2380 902081
2380 2381 117518
2381 2382 516817
2382 2383 842001
2383 2384 974428
2384 2385 613035
2385 2386 60758
2386 2387 665352
2387 2388 262034
2388 2389 406853
2389 2390 396209
2390 2391 864243
2391 2392 616884
2392 2393 218235
2393 2394 752179
2394 2395 726683
2395 2396 110631
2396 2397 661646
2397 2398 796065
2398 2399 561162
2399 2400 940382
2400 2401 527331
2401 2402 250353
2402 2403 967949
2403 2404 111712
2404 2405 559423
2405 2406 167692
2406 2407 229042
2407 2408 328967
2408 2409 78216
2409 2410 469386
2410 2411 699146
2411 2412 171070
2412 2413 195082
2413 2414 128376
2414 2415 485351
2415 2416 120770
2416 2417 129711
2417 2418 938132
2418 2419 235615
2419 2420 539874
2420 2421 673605
2421 2422 546767
2422 2423 208006
2423 2424 388735
2424 2425 811324
2425 2426 629450
2426 2427 38839
2427 2428 800204
2428 2429 375013
2429 2430 433881
2430 2431 182348
2431 2432 920526
2432 2433 185395
2433 2434 523778
2434 2435 92129
2435 2436 80732
2436 2437 492861
2437 2438 405310
2438 2439 346324
2439 2440 873439
2440 2441 436922
2441 2442 204087
2442 2443 873799
2443 2444 464915
2444 2445 221891
2445 2446 918600
2446 2447 864796
2447 2448 760068
2448 2449 449171
2449 2450 176000
2450 2451 54519
2451 2452 534417
2452 2453 8266
2453 2454 884958
2454 2455 651712
2455 2456 539500
2456 2457 979301
2457 2458 365269
2458 2459 622750
2459 2460 213528
2460 2461 738311
2461 2462 615498
2462 2463 887548
2463 2464 989225
2464 2465 834996
2465 2466 129936
2466 2467 455111
2467 2468 858375
2468 2469 302928
2469 2470 576178
2470 2471 905389
2471 2472 104042
2472 2473 871267
2473 2474 232169
2474 2475 243551
2475 2476 841311
2476 2477 553367
2477 2478 883937
2478 2479 958287
2479 2480 680513
2480 2481 741816
2481 2482 210616
2482 2483 271026
2483 2484 864768
2484 2485 484978
2485 2486 985599
2486 2487 258687
2487 2488 358365
2488 2489 771863
2489 2490 938998
2490 2491 968942
2491 2492 709739
2492 2493 691094
2493 2494 211411
2494 2495 215994
2495 2496 486095
2496 2497 278020
2497 2498 444284
2498 2499 197343
2499 2500 365441
2500 2501 690326
2501 2502 634247
2502 2503 315163
2503 2504 739145
2504 2505 777060
2505 2506 498177
2506 2507 666800
2507 2508 562626
2508 2509 72616
2509 2510 247332
2510 2511 246496
2511 2512 936153
2512 2513 485884
2513 2514 131998
2514 2515 556783
2515 2516 747790
2516 2517 763999
2517 2518 48272
2518 2519 551141
2519 2520 353329
2520 2521 104496
2521 2522 19660
2522 2523 365385
2523 2524 282470
2524 2525 741873
2525 2526 872726
2526 2527 852966
2527 2528 400225
2528 2529 797189
2529 2530 800292
2530 2531 143177
2531 2532 171946
2532 2533 270321
2533 2534 310046
2534 2535 239488
2535 2536 154010
2536 2537 428062
2537 2538 646813
2538 2539 324700
2539 2540 226396
2540 2541 227733
2541 2542 882415
2542 2543 946927
2543 2544 361324
2544 2545 738049
2545 2546 180305
2546 2547 889423
2547 2548 525914
2548 2549 715952
2549 2550 653043
2550 2551 933457
2551 2552 66056
2552 2553 530706
2553 2554 108856
2554 2555 94349
2555 2556 912295
2556 2557 224824
2557 2558 518514
2558 2559 962720
2559 2560 501950
2560 2561 887765
2561 2562 107113
2562 2563 700325
2563 2564 178914
2564 2565 920320
2565 2566 501077
2566 2567 78459
2567 2568 136254
2568 2569 475888
2569 2570 9567
2570 2571 638594
2571 2572 80653
2572 2573 495486
2573 2574 297444
2574 2575 566237
2575 2576 941530
2576 2577 44134
2577 2578 150065
2578 2579 19504
2579 2580 671174
2580 2581 900933
2581 2582 478599
2582 2583 632290
2583 2584 39426
2584 2585 999132
2585 2586 994200
2586 2587 611804
2587 2588 973200
2588 2589 590027
2589 2590 153607
2590 2591 466312
2591 2592 590726
2592 2593 274582
2593 2594 954284
2594 2595 422675
2595 2596 874506
2596 2597 805795
2597 2598 159501
2598 2599 34924
2599 2600 429974
2600 2601 191481
2601 2602 826982
2602 2603 852610
2603 2604 65077
2604 2605 702019
2605 2606 219361
2606 2607 762696
2607 2608 843140
2608 2609 426314
2609 2610 18846
2610 2611 685555
2611 2612 394481
2612 2613 257086
2613 2614 429612
2614 2615 410938
2615 2616 807807
2616 2617 856173
2617 2618 875597
2618 2619 428181
2619 2620 288832
2620 2621 850570
2621 2622 45174
2622 2623 415999
2623 2624 789720
2624 2625 670247
2625 2626 523020
2626 2627 175412
2627 2628 505664
2628 2629 278394
2629 2630 16167
2630 2631 68531
2631 2632 890241
2632 2633 807707
2633 2634 800978
2634 2635 189756
2635 2636 409332
2636 2637 102468
2637 2638 382600
2638 2639 81233
2639 2640 831048
2640 2641 582351
2641 2642 932152
2642 2643 397113
2643 2644 245883
2644 2645 286075
2645 2646 806914
2646 2647 835768
2647 2648 427167
2648 2649 732839
2649 2650 679096
2650 2651 729944
2651 2652 928151
2652 2653 390229
2653 2654 516573
2654 2655 234148
2655 2656 532758
2656 2657 67688
2657 2658 692008
2658 2659 885670
2659 2660 622758
2660 2661 386598
2661 2662 567874
2662 2663 426672
2663 2664 444382
2664 2665 527861
2665 2666 486851
2666 2667 155856
2667 2668 645547
2668 2669 282337
2669 2670 600440
2670 2671 295897
2671 2672 228744
2672 2673 773205
2673 2674 309536
2674 2675 580705
2675 2676 82501
2676 2677 450973
2677 2678 509033
2678 2679 404797
2679 2680 534787
2680 2681 994282
2681 2682 249655
2682 2683 362118
2683 2684 552757
2684 2685 180172
2685 2686 356894
2686 2687 796566
2687 2688 603104
2688 2689 227961
2689 2690 688162
2690 2691 708747
2691 2692 733403
2692 2693 936261
2693 2694 754814
2694 2695 524355
2695 2696 401231
2696 2697 423528
2697 2698 136665
2698 2699 729438
2699 2700 598392
2700 2701 361723
2701 2702 648273
2702 2703 833535
2703 2704 385314
2704 2705 446714
2705 2706 454900
2706 2707 308426
2707 2708 609581
2708 2709 849026
2709 2710 843714
2710 2711 303975
2711 2712 764809
2712 2713 13652
2713 2714 893228
2714 2715 869565
2715 2716 470522
2716 2717 114320
2717 2718 540631
2718 2719 390583
2719 2720 509972
2720 2721 681722
2721 2722 196057
2722 2723 200642
2723 2724 488447
2724 2725 672761
2725 2726 472954
2726 2727 829068
2727 2728 647924
2728 2729 991058
2729 2730 958965
2730 2731 594438
2731 2732 257597
2732 2733 94384
2733 2734 431988
2734 2735 107491
2735 2736 369848
2736 2737 249823
2737 2738 198550
2738 2739 50006
2739 2740 727765
2740 2741 187660
2741 2742 75691
2742 2743 431447
2743 2744 403603
2744 2745 310278
2745 2746 953590
2746 2747 153182
2747 2748 241286
2748 2749 23232
2749 2750 479530
2750 2751 464742
2751 2752 263827
2752 2753 253388
2753 2754 65326
2754 2755 868715
2755 2756 959026
2756 2757 637344
2757 2758 575257
2758 2759 620780
2759 2760 209835
2760 2761 300116
2761 2762 767029
2762 2763 884969
2763 2764 933017
2764 2765 239522
2765 2766 965695
2766 2767 751269
2767 2768 651113
2768 2769 170085
2769 2770 898853
2770 2771 785444
2771 2772 500763
2772 2773 266842
2773 2774 413062
2774 2775 933294
2775 2776 123968
2776 2777 970977
2777 2778 937269
2778 2779 255370
2779 2780 469561
2780 2781 489467
2781 2782 381046
2782 2783 232963
2783 2784 983294
2784 2785 641101
2785 2786 975743
2786 2787 795878
2787 2788 40532
2788 2789 151580
2789 2790 60280
2790 2791 933825
2791 2792 707925
2792 2793 427727
2793 2794 534395
2794 2795 537894
2795 2796 556716
2796 2797 422768
2797 2798 90643
2798 2799 147365
2799 2800 778069
2800 2801 224106
2801 2802 604289
2802 2803 188821
2803 2804 566945
2804 2805 722507
2805 2806 901682
2806 2807 163467
2807 2808 248751
2808 2809 177411
2809 2810 830217
2810 2811 828768
2811 2812 89396
2812 2813 970915
2813 2814 193947
2814 2815 12206
2815 2816 442612
2816 2817 203615
2817 2818 435309
2818 2819 97171
2819 2820 211845
2820 2821 663564
2821 2822 651512
2822 2823 542189
2823 2824 731219
2824 2825 542882
2825 2826 366885
2826 2827 918108
2827 2828 113750
2828 2829 315386
2829 2830 428625
2830 2831 110403
2831 2832 320477
2832 2833 859600
2833 2834 663754
2834 2835 503239
2835 2836 2694
2836 2837 678657
2837 2838 440591
2838 2839 412493
2839 2840 363010
2840 2841 961038
2841 2842 1811
2842 2843 167295
2843 2844 32086
2844 2845 864279
2845 2846 597881
2846 2847 666760
2847 2848 226516
2848 2849 954849
2849 2850 663321
2850 2851 187475
2851 2852 494950
2852 2853 179664
2853 2854 533946
2854 2855 781519
2855 2856 539715
2856 2857 205741
2857 2858 689237
2858 2859 235053
2859 2860 13687
2860 2861 896864
2861 2862 926040
2862 2863 540960
2863 2864 845215
2864 2865 320438
2865 2866 698208
2866 2867 952475
2867 2868 188586
2868 2869 839580
2869 2870 269117
2870 2871 833238
2871 2872 150617
2872 2873 815073
2873 2874 417201
2874 2875 716361
2875 2876 991038
2876 2877 501240
2877 2878 10737
2878 2879 703087
2879 2880 697024
2880 2881 251571
2881 2882 859234
2882 2883 752964
2883 2884 565525
2884 2885 524936
2885 2886 37724
2886 2887 782919
2887 2888 508487
2888 2889 944655
2889 2890 429802
2890 2891 642872
2891 2892 693680
2892 2893 748866
2893 2894 519176
2894 2895 953562
2895 2896 205693
2896 2897 981820
2897 2898 590307
2898 2899 914290
2899 2900 36525
2900 2901 596922
2901 2902 455004
2902 2903 329477
2903 2904 723026
2904 2905 483228
2905 2906 225221
2906 2907 941470
2907 2908 440846
2908 2909 669092
2909 2910 982369
2910 2911 989637
2911 2912 182103
2912 2913 826485
2913 2914 298599
2914 2915 214344
2915 2916 484340
2916 2917 660117
2917 2918 492032
2918 2919 777141
2919 2920 315710
