126
38
69
34
52
33
42
32
39
41
38
36
45
84
40
44
50
42
47
34
38
47
38
37
39
37
44
39
32
33
38
54
25
36
46
33
37
35
28
36
45
43
44
49
37
33
43
44
53
42
33
30
50
41
37
40
37
44
207
31
37
45
36
43
35
40
41
39
135
53
40
32
31
37
34
38
51
48
36
40
48
42
43
43
35
48
35
46
46
34
35
44
35
43
36
49
46
28
43
40
33
38
44
38
33
30
29
35
37
39
52
61
39
32
40
44
43
47
41
48
53
37
35
40
39
33
39
51
32
41
45
35
49
56
34
43
39
37
31
44
59
43
35
48
40
48
83
37
45
62
37
32
45
32
35
29
27
46
43
38
34
31
38
35
32
41
54
30
180
40
41
34
45
39
34
43
42
45
36
51
42
33
42
57
45
38
40
50
45
40
47
38
31
31
38
154
33
49
43
42
